-13.410169 5.362928 2.459399 8.028768 3.668602 -0.085923 -3.914593 -2.741972
13.318804 -3.390739 6.010503 9.466885 3.908356 0.043495 -3.888571 -2.722126
-4.218719 -2.648427 1.387038 21.514532 5.502420 2.385118 -5.472527 -3.777603
0.577709 7.634289 -6.446174 6.001882 4.162168 0.119682 -3.993110 -3.015383
2.005856 -14.257271 11.325463 7.834353 3.218932 -0.574438 -3.353307 -2.901095
9.339436 4.331456 8.788546 14.197848 2.377250 0.094187 -4.635760 -4.668566
-10.527968 3.597605 2.950273 14.048829 8.724946 -3.855791 -0.632071 -1.490894
-13.298916 2.141827 6.287833 12.213698 6.952850 -3.186802 -4.816943 -2.965486
8.299640 -13.056731 2.536204 8.032035 3.529510 -0.955616 -3.637079 -2.342500
7.407524 -13.140653 2.833195 11.303839 2.214844 1.393284 -4.573764 -2.002393
3.861209 9.900310 6.887611 12.141371 -0.330643 -0.277804 -4.540046 -5.123208
-5.152718 1.080698 17.342756 5.027134 4.315644 0.639419 -3.907322 -2.735248
1.443032 -3.887044 18.351926 8.312292 3.706470 -0.063707 -3.927150 -2.763590
0.438769 -1.455209 18.405581 5.763773 3.363368 0.020154 -4.151119 -2.404780
9.655149 0.252622 4.749864 6.602770 10.478834 -6.476530 -3.667227 -4.874266
1.314807 -15.135874 6.274719 12.978042 2.102148 1.165266 -3.259335 -1.896783
-15.422100 -0.715285 3.123086 7.708848 3.746635 0.148507 -3.977055 -3.108407
-12.835350 -1.907533 -0.364752 9.713474 8.159452 -4.778801 -5.067384 -0.458699
-15.524944 -1.911417 4.090987 8.057720 3.720328 -0.089777 -3.969494 -2.744431
-7.520379 10.754787 6.592711 8.093386 3.722280 -0.077448 -3.958604 -2.753490
-15.124292 1.365726 3.753732 7.993204 3.727468 -0.079124 -3.961583 -2.730275
-12.692902 -8.860832 8.815674 6.161927 4.581547 0.908409 -4.111603 -2.974485
13.461867 -3.213564 4.974552 8.054177 3.038354 0.501804 -3.599520 -3.223780
12.767092 0.737126 4.221342 11.227766 1.775721 -1.109261 -3.745269 -2.006928
3.096361 -14.112365 -1.145678 9.690697 7.134302 -0.706277 -5.970568 -4.205655
5.232221 -11.854588 -3.597647 7.654716 5.811997 1.691581 -1.100874 -3.521581
-15.089910 -4.765583 6.243393 7.803320 4.279676 -0.021258 -3.937566 -2.803103
3.901897 -13.515554 11.499420 8.087534 3.633739 0.279704 -4.660745 -2.012481
7.007775 -9.527517 9.847054 1.939911 2.892274 -0.007585 -8.320417 -3.982520
11.436980 -1.537871 -3.245956 6.567054 4.580956 0.232495 -3.874736 -2.678997
7.206335 -9.845286 -3.389860 3.080015 2.596261 -0.514098 -4.495911 -3.171447
