-19.977510 -4.050820 -6.652342 8.992424 -8.224616 -9.382010 -5.594715 -0.101077
-16.749826 -10.392469 -1.117289 13.272129 -8.140623 -9.251145 -5.857562 0.072777
-7.995186 -14.547941 -13.615112 9.643338 1.698554 -6.127462 -5.889613 1.468094
-7.411606 -20.412890 -9.681587 8.252311 -8.069869 -9.215144 -5.935347 0.004163
-10.701765 -14.182736 -0.057171 15.561547 -7.558309 -8.366331 -2.555491 1.321692
3.678656 -2.635389 1.169993 12.862486 -13.597612 -8.047538 -4.504630 -3.604162
-18.701981 -1.397906 -12.648706 9.441507 -6.929371 -9.327873 -4.914416 0.349227
6.609777 -10.091841 -16.106243 10.620252 -5.520678 -9.113800 -5.496382 1.256950
-20.070826 -6.751473 -7.900469 8.774862 -7.997204 -9.250170 -5.915304 0.110918
-11.229564 -5.172587 -19.888251 1.766539 -8.142516 -9.115856 -6.040590 0.380115
-11.438684 -3.318304 -6.654392 -4.560567 -7.586120 -9.408563 -5.871754 0.645562
-17.676778 -0.075106 -14.069060 8.798351 -6.684132 -8.907779 -5.838759 0.123902
-6.147136 6.876392 -14.068289 10.663979 -13.123097 -6.349964 -6.044760 1.587512
10.147841 -4.807194 -6.617355 8.961850 -8.535347 -9.266324 -5.897942 0.093016
7.560263 1.315525 -9.981778 13.693711 -8.146118 -9.202156 -5.929345 -0.492820
-11.196116 -16.026565 -4.524063 1.796155 -3.827640 -9.083297 -6.018817 0.151466
-19.947440 -5.414952 -9.768659 8.633572 -7.907057 -9.601151 -7.281547 -0.343116
-11.700307 -17.864545 -10.293873 13.647003 -10.165825 -8.937278 -6.591897 0.699939
-13.830952 -4.342869 -5.244448 2.272517 -12.939465 -6.689892 -13.506938 -3.253426
-14.076784 5.472793 -3.010450 9.325086 -7.874212 -9.419232 -5.834863 0.156039
-19.821356 -3.360376 -8.284079 8.301600 -6.292679 -9.931157 -6.027321 0.146405
-7.478698 6.180496 1.105191 10.528519 -7.879240 -9.264119 -5.907786 0.072908
9.689375 -8.281416 -5.081078 8.855116 -8.130609 -9.340021 -5.837223 0.087511
8.785328 -9.414678 -9.192302 11.126343 -3.623340 -9.772203 -5.936540 0.129578
-8.096472 7.352110 -1.998557 10.960356 -10.897933 -7.651370 -4.269661 0.773870
-9.305687 4.985344 0.995325 5.461656 -7.260420 -11.159150 -4.524081 -0.771515
-18.789871 -2.759161 -13.616926 8.865910 -8.156102 -9.226947 -5.928465 0.046845
-18.903844 -11.307278 -7.960326 8.459313 -9.265315 -8.985405 -5.956143 -0.735820
3.433060 -13.767530 -13.432234 16.357125 -8.250738 -11.507787 -5.027078 1.445366
-13.773005 -9.437061 -3.487183 6.426555 -13.191844 -18.380763 -4.735387 0.081681
4.348842 4.726010 -9.997345 4.871268 -10.526774 -12.558619 -6.120734 1.572070
-20.120973 -5.569726 -8.053386 8.824793 -8.083826 -9.277157 -5.928681 0.026567
