-10.206180 -3.611949 -0.975944 -3.615841 -2.223483 8.652665 -5.350670 -3.933417
-1.969415 -3.042285 0.750005 -8.044798 -1.834741 7.398580 -4.194404 -2.616925
11.283806 4.427963 -8.682070 -3.287428 -1.701419 7.690369 -4.255354 -2.639709
-17.717398 11.272721 -9.628080 -4.692272 -0.692069 7.236949 -4.132085 -2.687635
7.590671 16.494117 -10.799077 -3.169639 -1.927044 7.910605 -4.018903 -3.337038
-10.856126 -6.434652 -8.230157 -4.043883 -3.074471 6.794661 -4.056093 -2.817328
4.420450 15.755863 -2.522234 -7.192212 0.904856 7.577254 -2.911970 -3.802497
-3.312555 1.899050 -18.990837 1.775311 -3.966269 14.742267 -7.092533 2.590936
11.439125 6.778890 -9.406842 -2.650893 -2.438521 7.485375 -4.141203 -2.584713
7.084388 -0.313455 -13.414663 3.283644 -0.653665 10.556115 -3.464781 -2.529313
2.632349 -4.157560 -17.977405 -4.448227 -1.410195 6.958720 -3.355246 -2.937811
-8.676063 -3.018015 -19.655654 -3.114202 -0.935294 7.387688 -5.069364 -0.079929
-9.603732 -2.017195 -17.691053 -7.399365 -2.630600 2.953433 -6.897785 -0.743058
-11.986955 -4.225194 -3.538730 -1.956245 -0.684797 6.795103 -4.019058 -1.918902
-14.504959 11.725962 -17.842228 -1.195672 -3.563545 7.144555 -5.960856 -3.884965
-11.309632 9.793759 -21.151261 -3.548110 1.374854 10.928427 -3.589165 -2.280709
10.897682 5.289044 -13.484673 -2.993158 -1.739093 7.433841 -4.151093 -2.573735
1.598843 17.239967 -0.427793 -2.283898 -1.962916 7.744465 -4.509008 -2.534070
11.259870 4.221252 -9.647125 -3.835101 -1.793652 7.274605 -4.117466 -2.845425
-18.292581 3.558656 -10.544249 -3.027990 -1.884026 7.418219 -4.154497 -2.604347
-0.473040 3.368329 -4.808838 10.491507 -1.596782 7.675869 -4.738774 -3.049240
11.174170 4.691694 -8.009578 -1.403986 -1.966753 7.437156 -4.098884 -2.563323
11.447664 6.645670 -9.471682 -3.688713 -1.913354 7.517491 -4.147700 -2.592631
-15.109112 2.093622 -3.703657 -8.700226 -3.921949 6.234686 -4.909317 -2.705267
1.666883 2.874362 -4.251693 -15.524707 -0.822052 7.878265 -4.124306 -2.524318
-0.654457 19.441434 -15.661265 -1.944394 -0.099844 4.880524 -5.964934 -3.092890
11.112120 5.177243 -11.820064 -2.221078 -0.746222 6.458735 -4.243412 -1.617368
-6.923423 -8.132592 -9.689745 -3.167864 -1.708018 7.526574 -4.085963 -2.588977
0.715739 7.524870 -16.325449 6.852848 -3.771998 3.029001 -3.875589 -8.879096
-4.703349 5.522175 -5.201957 -15.549871 -4.192665 13.975431 -4.255434 -2.701624
9.446621 0.239615 -5.554645 -3.009999 -2.472829 7.782951 -4.436535 -2.630609
