4.438419 2.967191 -1.891096 -4.728707 7.144415 -4.048412 -9.728749 5.733957
6.865535 -8.022446 -2.297616 -5.683734 7.339880 -3.932905 -10.714979 5.542003
-9.713069 -2.992149 12.251532 -8.611532 7.764030 -4.082383 -9.737620 5.731080
-20.322112 -3.137941 4.062107 -0.043417 8.611138 -3.473916 -9.487729 4.018692
4.517693 2.800523 -2.400504 -4.993446 7.744796 -3.959834 -9.567254 5.989343
2.999635 -0.727223 -3.638650 -13.619199 6.632909 -4.011065 -9.843081 5.504573
-19.662023 -6.074500 -4.908263 3.375742 9.577630 -4.680603 -8.180571 5.368354
7.057327 -6.851491 -1.349106 -4.335947 7.338465 -3.429882 -9.877063 5.569725
-14.338701 7.358097 -4.345852 -2.364588 8.435495 -3.877258 -9.878730 5.630813
-14.635999 -0.693437 -13.850774 -7.700536 7.148065 -4.036902 -9.731704 5.726683
-15.994819 -10.936316 -12.900903 -2.372017 7.706342 -4.706723 -9.607775 5.762196
-22.682500 -3.850979 -1.434418 -4.835197 7.370862 -3.839524 -9.967070 6.023423
-21.871399 -3.941923 -3.715399 -9.031348 6.324591 -5.164790 -9.718825 5.712293
-14.606192 -1.678298 -13.601803 -3.828745 3.542970 -5.856942 -9.457609 8.359926
3.391156 -3.677127 -6.587364 -4.944922 0.279358 -3.972495 -6.956148 1.624519
-3.117360 -19.752637 -1.490013 -3.451441 7.107756 -4.048623 -9.714298 5.699456
-22.261313 -9.569055 -2.142742 -4.626614 7.140445 -4.045695 -9.735018 5.732130
4.307065 -11.687037 -8.122572 -4.906511 7.082784 -4.007892 -9.743002 5.784221
-18.011750 -5.139528 9.008175 -3.300909 6.620394 -4.776266 -9.772888 5.445040
-11.239332 -19.583857 -0.619164 -8.663302 7.147573 -4.044470 -9.734702 5.731941
5.816794 -3.046509 -0.725934 -6.987655 11.853682 -2.467483 -9.808015 6.071029
7.083382 -5.657075 -2.571827 -3.915213 6.501991 -4.005038 -9.708178 5.742467
-17.011685 -2.202627 -2.621420 -15.589324 4.716723 -5.420761 -9.008081 4.749561
7.137136 -5.613047 -1.821868 -4.712595 7.137560 -4.045600 -9.734777 5.732180
7.037184 -6.307015 -3.153701 -5.156825 6.415196 -4.051888 -9.751692 5.747282
1.515967 -14.285662 2.375686 1.686226 5.814370 -3.596709 -9.348995 4.912513
-6.868436 9.331045 -1.853297 -4.697148 7.132292 -4.045015 -9.739614 5.730954
-7.380530 6.586104 6.326131 -4.761795 9.677443 -4.751044 -10.548580 6.817504
-4.353491 -9.169632 12.096190 -2.625834 7.843256 -4.858491 -9.741728 5.637437
7.132394 -5.946710 -1.716955 -4.762752 7.062571 -4.072295 -9.734063 5.654288
0.009876 4.692210 2.967955 -8.961619 6.472501 -2.346815 -9.721287 9.222701
-21.470756 -6.155496 -7.922215 -5.389016 6.958641 -4.135602 -9.749319 5.721249
