0.043473 -10.885172 2.238551 -6.869532 -3.087084 -2.807276 -8.003592 -5.157507
-0.926076 -10.781416 -19.657542 -8.859121 -7.221454 -2.646368 -5.711253 -3.929806
-8.533471 3.811218 -6.199081 -7.702810 -8.696036 -0.246875 -5.961713 -3.594907
-11.593153 -10.241259 -8.046882 -1.318181 -7.479887 -1.232900 -6.170937 -3.698271
10.379308 -11.821329 -15.599409 -3.999214 -7.589726 -1.383915 -6.070155 -3.927148
-9.098035 -14.295522 -10.255027 -3.969256 -7.627362 -1.623609 -5.971493 -3.800175
8.975268 4.655746 -5.721207 -5.521472 -3.588470 -2.737705 -6.754640 -3.302214
7.132899 4.049371 -1.043414 -0.731629 -7.468747 -0.681516 -4.621327 -4.129290
14.195031 -8.136439 -8.591991 -3.773176 -7.599822 -1.555772 -5.896208 -3.833104
5.303764 -14.170280 -6.867278 -10.927309 -7.298444 -2.221383 -4.106913 -8.992613
-0.268743 -12.607526 -19.360271 -6.766590 -8.174213 -0.353414 -5.577256 -3.277171
-8.680348 -8.141623 -0.901274 -3.476916 -9.416091 -6.729345 -5.345556 -3.940841
-10.061818 -4.327898 -14.427673 1.631718 -5.392614 -1.591295 -5.892973 -3.818501
4.332120 6.004760 -13.546873 1.289411 -8.875134 -2.769687 -7.076947 -4.091867
-3.852413 7.470258 -8.398491 -2.695100 -10.147041 -0.412236 -6.793134 -5.258878
-12.829305 -4.696403 -9.837759 -3.961549 -7.735628 -1.550165 -5.913025 -3.841709
14.559392 -5.092454 -8.733708 -3.587494 -7.548033 -1.536586 -5.911111 -3.842453
-5.969677 -16.764731 -6.852370 -3.186352 -8.113565 -1.682563 -6.034591 -3.612442
-12.773321 -5.756196 -7.529975 -3.880494 -7.077502 -0.341179 -6.257027 -3.744186
-10.716039 -10.092599 -3.132932 -3.363706 -7.910940 -1.381461 -5.911484 -3.886849
13.523028 -3.541490 -13.437770 -4.374022 -8.144359 -1.363800 -6.490032 -3.776566
-7.686146 -12.975933 -10.661223 -10.634624 -7.302987 -1.167191 -5.682849 -3.614979
0.442162 -7.794710 2.251477 -10.131374 -3.227139 -0.568433 -4.012613 -4.690322
-9.060416 -13.094653 -12.342456 -3.765184 -4.926609 -1.122287 -5.872053 -5.439942
-7.330598 0.768854 -1.775921 -2.058900 -12.806243 0.064612 -6.068887 -0.482250
5.278869 0.252336 0.759013 -1.233745 -11.536275 -0.516401 -1.082847 -6.943655
12.881642 -8.082026 -10.046231 -7.255707 -3.918315 -3.809211 -5.505469 -3.330473
0.025583 -18.334912 -11.494781 -4.293701 -7.525737 -1.073203 -5.980903 -3.865787
-9.893909 -12.533410 -4.615493 -4.477927 -7.819336 -1.729515 -5.018996 -3.665025
14.326141 -7.366251 -7.930858 -4.195770 -7.255435 -1.348730 -5.769970 -4.105982
12.212389 -10.781906 -10.704881 -0.505677 -4.501563 -1.596009 -5.882536 -3.795077
