-7.351548 -6.640994 3.358952 -11.555287 8.535351 -0.140769 -2.420458 -1.156332
-14.632039 9.682507 7.484730 -13.502268 8.479715 -4.073084 -4.909735 -0.845084
-2.694614 17.941997 0.739169 -10.644939 4.411930 -3.924212 -2.764006 6.583166
2.206289 7.124496 5.372836 -3.582380 -2.618736 -2.170342 -2.812266 0.044881
9.162720 4.325798 0.953574 -15.382701 7.553264 -0.437738 -2.391176 -1.114081
-8.209386 4.190266 -5.862074 -21.539816 6.613457 0.416724 -2.436690 -1.640830
-12.788283 16.766967 5.518480 -8.275487 8.069326 -1.554990 -3.268984 -3.861256
10.289773 8.464162 -2.269012 -9.376811 7.517926 0.623797 -2.112521 -1.351664
10.235260 4.961119 1.719879 -12.047221 6.807330 0.260418 -2.347421 -1.096194
9.713007 6.142797 -1.564407 -6.187200 4.770875 -0.088069 -2.287221 -0.792780
-5.057435 21.152214 2.682903 -8.330004 5.359305 0.559265 -2.558894 -1.095665
8.631971 -0.352063 0.997478 -9.710508 7.616625 0.451662 -2.583554 -1.207417
-13.693111 -2.996287 3.687364 -8.405867 9.516943 0.978740 -2.968858 -1.097737
-0.548366 3.315821 -12.692072 -12.109179 7.506189 2.236854 -2.959649 -1.553291
-10.289076 19.990244 0.140403 -11.366492 7.402245 0.480699 -2.630729 -1.086150
-18.414992 7.137592 -0.139041 -9.899201 7.505851 0.579094 -2.461186 -1.177591
10.650149 7.502611 0.460819 -9.573187 8.006517 0.517656 -2.490378 -1.126380
4.229549 15.889399 -6.225292 -5.293532 7.952590 -0.357695 -2.527441 -0.161577
-0.796235 6.299616 14.358709 -11.092330 5.155080 1.844648 -2.093608 0.359942
-17.394639 3.557427 4.756051 -9.643136 7.689359 0.535677 -2.535887 -1.159117
10.522407 6.480773 -1.291809 -9.780734 7.856191 0.607798 -2.525156 -1.201367
2.812671 18.764547 -4.799062 -9.209579 7.664637 0.531757 -2.543992 -1.178647
-0.327513 18.835204 -5.533086 -5.208669 7.461327 0.000374 -1.674474 0.051738
6.939829 15.465698 -2.148240 -11.955869 4.585397 0.021534 -3.368076 -1.034063
1.463753 -1.976402 4.011032 -8.491174 16.591830 0.861610 -2.085188 -4.221870
10.635108 7.197486 1.019616 -8.894457 7.541454 0.513530 -2.546884 -1.168778
-7.096921 -6.910553 -0.959233 -11.574592 7.489479 0.739567 -2.508897 -0.693065
-18.362158 8.155879 1.184619 -9.762608 8.303781 0.583905 -2.737825 -1.679089
-1.796532 3.374936 4.838201 -21.099551 2.015084 -2.843304 -1.429791 -0.859161
5.055331 7.778552 -0.799018 -13.416725 -0.287392 4.167216 -1.819082 -7.279365
-16.355986 12.545022 -2.471799 -5.842175 6.355459 0.151066 -2.838584 -1.256667
5.037370 18.265279 -1.348958 -11.068397 7.199573 0.277288 -2.580386 -0.954631
