16.321359 4.117198 4.794690 7.398130 9.122070 1.207292 7.524092 3.507830
6.411924 -6.144758 6.564208 3.846864 10.473594 0.314705 7.782523 3.890035
9.860856 3.089015 16.104740 3.943890 9.112200 0.776119 7.453111 4.106399
-11.592902 6.705395 4.253976 7.994044 6.627586 0.838365 7.512003 3.977830
9.384246 5.688900 11.181437 2.255268 6.022103 5.095542 -0.537589 5.822482
0.164739 -6.576571 2.951354 8.530833 9.088412 0.946204 7.413475 4.230546
-11.800854 4.627991 4.742841 6.188419 9.665055 0.734583 7.494789 4.150966
10.611895 -3.631482 9.120728 6.841996 9.589860 0.777228 7.482844 4.146189
16.753884 6.626083 4.901989 6.268540 9.754635 0.889016 7.489163 4.120600
-11.661537 6.918628 2.684188 8.008466 9.863035 1.044599 8.641943 2.797247
13.822426 16.002454 4.533051 5.401030 9.994474 -0.037536 7.451055 4.189482
15.149218 1.469181 6.588147 8.699446 9.540415 0.724340 7.469005 4.121666
-9.891309 0.121024 6.883306 5.463351 8.787532 0.596229 7.532235 4.147149
13.976914 15.436688 2.774935 5.092462 9.222979 0.876960 7.315080 5.520928
-7.675115 -2.052666 4.031954 4.093776 13.401071 0.591721 7.491580 4.147293
14.580203 3.369222 9.987062 4.745189 13.075761 1.756050 6.797626 4.660547
9.906514 4.481948 13.257998 -1.754477 11.921312 -0.765999 7.735931 3.324799
-8.770137 6.512776 -1.291611 10.315132 4.257235 1.029409 7.313973 4.233459
-9.892450 0.296191 7.527553 6.041923 10.370332 0.959459 7.489567 4.146942
-5.242556 -4.885071 5.265301 6.352909 10.156879 0.503411 7.416069 4.254956
-6.307521 4.571473 -3.042252 11.759127 5.289487 4.257199 7.999370 5.075945
-4.777995 -3.693812 10.709092 6.158564 9.646729 0.726812 7.493119 4.151377
-2.300830 0.514043 8.709669 -2.438575 9.807203 5.386961 7.163226 9.475120
-3.608389 -2.969952 11.247322 9.209083 5.817243 0.841973 7.769412 3.933224
12.095677 -2.823725 3.078177 8.466572 9.509827 0.432300 8.658022 4.045997
-1.077963 14.352217 15.122365 0.862284 9.625179 -0.038950 8.269719 0.892147
15.618137 12.485564 2.468703 6.258026 9.311437 0.943359 7.490990 4.194056
-10.612320 12.718076 3.956285 5.012784 12.211369 1.914151 6.700798 4.438159
16.773384 7.228721 4.784173 6.154061 9.640612 0.729886 7.494805 4.151974
-9.615192 14.808891 2.668050 8.197017 9.705931 0.544283 7.704875 4.183492
3.447924 -5.286994 5.597596 9.616191 4.916193 0.675254 4.219980 5.362199
