-8.769583 -14.587169 -8.745260 13.540163 -0.250332 4.858525 -7.010930 5.041066
2.914666 -16.998635 -20.325353 5.535180 1.778319 3.102658 -7.207100 4.270791
5.516489 4.555702 -0.209440 8.295793 2.511204 4.953762 -6.831884 5.334264
-6.282689 -19.608966 -8.399482 7.211934 1.981167 4.876420 -7.012602 5.313436
3.510802 -14.799790 -5.848046 -4.674783 3.320750 4.076146 -2.483137 6.614482
-6.709477 -4.459685 -10.893010 17.903542 1.663890 7.512363 -7.804759 6.791666
4.604545 -20.070080 -15.795449 10.040599 5.480976 5.350021 -6.997999 4.372290
16.347236 -3.574241 -14.117901 8.995965 1.137836 4.527511 -7.036772 5.038290
-5.853145 -18.418283 -14.683383 7.529828 1.478503 4.736876 -7.015163 5.313312
15.718749 -7.979636 -11.664455 -0.192805 1.580343 4.789710 -7.001242 5.288286
-6.080389 -5.881579 -14.452393 -0.782259 -2.524630 9.828416 -8.761723 5.233821
6.202757 3.837773 -17.910455 5.714105 3.122861 5.029032 -6.301209 5.115189
-3.687316 2.571003 -3.455156 6.002914 7.742965 7.233227 -3.500682 6.275366
6.106066 -0.635368 -21.346702 6.934724 -1.381265 5.116291 -7.995681 4.668186
-11.951739 -9.056271 -10.520637 6.515702 1.957902 4.990653 -8.076099 4.048789
18.011560 -6.759263 -8.839632 7.257403 1.957724 4.804660 -6.998477 5.334653
7.562411 -11.429147 -3.427380 3.486361 6.068278 -4.614453 -12.598345 1.856035
11.229738 2.268170 -14.464243 10.163446 6.279316 3.297877 -6.701245 4.293659
17.543635 -6.954083 -10.839656 4.867584 -0.000100 4.633539 -7.338335 4.975387
13.044307 0.729428 -4.245578 11.802072 2.099740 4.272580 -9.373937 2.104568
14.104646 -10.769995 -8.612848 13.527862 -3.999951 5.304002 -9.970303 8.479423
-6.258766 3.495654 -4.320381 8.606712 1.043970 4.857043 -6.877488 5.374931
-8.507812 -17.459248 -9.334164 8.292576 2.262786 5.049532 -6.986259 5.330282
13.500261 -7.825008 1.321456 5.985369 3.871669 7.454497 -6.514028 3.903470
16.719753 -4.237950 -11.970773 4.805349 1.979542 6.647648 -9.668406 5.639189
3.017910 -17.210976 -16.601796 0.534903 7.382435 4.720394 -7.093529 5.408791
9.483122 -5.175982 -12.506541 16.545121 -6.387379 8.081677 -6.844745 5.961454
17.167639 -4.728288 -7.053879 5.117704 -1.115380 4.971114 -7.310222 5.098680
-12.172357 -7.417709 -7.648304 7.411904 2.314737 4.913578 -7.498721 4.820269
1.765753 -0.626162 -10.921253 19.956429 -1.144839 4.231898 -8.189456 7.117486
8.787475 0.506564 -18.266678 2.818199 3.570847 1.986949 -4.624031 6.916432
