-2.587078 -13.940166 -5.971962 7.171277 -9.356044 -4.356948 6.293705 7.389972
11.349411 -8.786436 -2.895409 4.411364 -8.393878 -5.273500 6.928032 5.795132
1.879515 3.059059 -16.312419 -1.460816 -12.552641 -6.235913 8.015355 2.279885
-12.141921 -6.685585 -10.782628 -7.866254 -8.221248 -7.478866 5.917447 7.508989
-13.983102 -3.615348 -7.487968 -2.211689 -10.608355 -3.678429 6.703659 7.723473
15.110553 -3.986476 -5.930431 -3.727664 -9.668868 -3.738086 6.121579 7.283075
-13.298219 -2.762965 -1.523840 -2.699016 -11.500837 -4.658878 6.593175 7.471659
-8.933418 -15.682192 -5.809814 -2.393835 -8.691110 -3.179979 6.433011 7.350238
15.126536 -3.972502 -6.033880 -3.592684 -9.432644 -4.387048 6.326988 7.320062
9.670463 0.828218 -10.194036 -2.036673 -9.805205 4.332743 7.589013 9.047612
-8.081294 -15.765384 -1.747188 -3.721113 -9.674241 -4.380600 6.631443 7.009050
1.612264 9.870948 -4.959321 -6.211392 -9.983242 -4.648094 6.042677 7.460625
13.239564 -4.230343 -6.568541 -4.207972 -4.172634 -3.204999 6.191105 12.099711
-7.338983 -12.600480 3.660736 -3.392445 -9.316503 -4.437675 6.273711 7.334663
13.824691 -8.098764 -10.737605 -3.524805 -9.389675 -4.395565 6.308791 7.332918
-7.959319 -9.957488 3.273323 1.037003 -12.020581 -5.970859 5.752127 6.474956
-0.499371 -1.484806 -0.275926 -6.413192 -7.781919 -17.064230 4.327823 7.224867
-12.672401 1.672546 -4.281267 -3.879913 -10.422425 -4.644909 5.855170 5.905824
12.474203 0.020585 -0.358411 -7.013388 -8.855532 -5.252034 5.102041 4.650888
-3.318161 -17.369942 -0.244746 -3.680037 -7.022964 -4.464595 6.312622 7.423920
-8.108560 -13.979555 -2.960458 1.791901 -13.261830 -4.371395 6.330337 7.312057
1.439966 -18.261436 -1.500887 -2.441761 -7.286616 -3.671183 6.608364 8.275051
-11.208941 -5.175846 3.103427 -3.925666 -9.553422 -4.376082 6.338713 7.315171
-6.474639 -14.448998 -4.418895 -1.634734 -8.220028 -6.280234 13.969077 7.513842
-6.536563 3.437237 4.162133 -1.786307 -9.786543 -4.977396 6.318440 7.409906
-8.330922 5.654409 -8.042941 -5.735606 -7.230574 -0.871908 8.897648 9.104068
2.557982 -10.495529 -14.358671 -7.340563 -18.226550 -0.973283 6.421032 7.237926
-5.142048 4.225329 -3.881670 -1.691290 0.611395 -5.188574 6.303312 7.802256
12.971019 3.050381 -6.262543 -2.970492 -8.933437 -3.976847 6.628928 6.547768
-11.503518 -12.924672 -4.170012 -3.666466 -9.370076 -4.431207 6.309511 7.291314
10.570433 -10.866913 -14.368225 -3.994581 -9.132263 -4.335346 6.598435 7.567942
-8.289148 -11.384264 -11.064972 -6.475418 -7.053791 -10.768417 8.867223 9.522062
