9.926880 -1.862407 -5.147782 -4.845016 9.649806 8.791981 -9.836256 5.104784
-3.210913 -1.995928 5.785325 2.216906 8.305041 7.635869 -10.179932 4.019576
-19.070071 -6.985414 -5.965769 -5.183144 9.789704 8.853686 -9.781490 5.193779
3.451936 -3.364827 0.841425 1.180911 15.817868 3.455850 -10.540516 6.277639
-16.464573 0.691334 -3.744902 -3.921351 11.294856 9.483918 -9.894815 4.074734
-19.064997 -6.720236 -5.958047 -5.277714 9.812301 8.805758 -9.757726 5.179145
-16.272458 -2.695764 1.474799 -4.810534 9.882798 8.667325 -9.135349 4.313840
10.882996 -7.323668 -5.177100 -5.004312 9.719843 8.885451 -9.777870 5.139219
2.470270 -13.711981 5.800877 -5.460799 9.806074 8.847436 -9.772708 5.216528
-2.174707 -20.947560 -0.590893 -4.351722 10.024086 8.540224 -10.061864 5.029083
-18.199167 -6.033014 -1.179103 -4.020212 9.516195 8.849534 -9.781453 5.192149
1.604245 -19.243258 0.617235 -4.037022 10.416338 8.362212 -9.830237 5.563175
-9.850661 -2.511924 -18.980610 -5.826082 9.816835 8.872172 -9.770487 5.185963
6.840435 -11.767459 -2.488323 -8.712964 8.246990 16.391172 -9.797670 5.211748
0.314365 -11.951241 -19.075276 -2.318773 10.914461 8.382309 -9.646474 5.231963
-10.007647 -20.043803 -7.849895 -9.454081 9.233730 8.821555 -10.228132 5.288855
-19.068695 -6.881345 -5.891739 -5.181271 9.795695 8.854311 -9.780971 5.194392
9.825136 -8.922110 -5.357489 -4.713821 14.997738 8.415120 -9.528732 5.289278
-17.388968 -0.466084 -4.856312 -6.652042 9.835626 8.855324 -9.777205 5.195815
10.727835 -5.882559 -5.696797 -6.024946 9.134558 7.554331 -10.232679 6.022379
2.273399 2.339443 -11.413139 -11.984027 10.011378 10.781894 -6.489872 7.224944
-16.675136 -9.273680 -2.216278 -12.034502 9.193901 9.142637 -9.696301 5.357086
-1.412445 -6.142714 -1.589108 -18.537378 9.116477 8.200456 -6.618024 2.323881
6.396957 -0.486642 -4.304534 1.917211 5.955194 9.238138 -11.358587 4.507540
-18.993848 -5.653681 -5.556657 -5.233626 9.784103 8.865251 -9.755278 5.199823
-1.739197 0.224114 -17.706907 0.017330 9.959926 9.084889 -9.790947 5.161137
10.227955 -4.076248 -5.246854 -4.933944 12.727754 8.421398 -9.618385 6.298335
9.032889 -12.676456 -10.580860 -4.674931 9.923472 8.889911 -9.809641 5.153508
6.662365 -6.061812 -0.530176 -3.862729 16.700672 14.248644 -9.806068 4.931636
10.793709 -7.760414 -4.338711 -4.978035 9.268278 8.716731 -9.786316 5.205088
-15.020539 -1.375324 1.536760 -7.431671 8.695744 8.345146 -9.601614 8.264654
