1.802867 -8.239150 1.069938 0.070348 0.272349 1.130842 6.754134 6.455920
9.446422 -12.232615 -0.510942 0.054253 -12.090202 -2.772802 2.781602 0.568162
-4.064977 -7.961617 0.123693 -8.634389 -2.914986 -4.717263 3.535753 2.501051
1.937904 -2.346480 4.083705 7.463648 -8.674562 -3.556706 3.350430 2.496159
-5.212072 -3.656984 -5.173507 -6.938002 -8.693512 -3.089141 3.739093 2.143723
21.130679 -1.497290 -2.764125 -6.858743 -11.304151 -0.361143 4.217016 3.050947
20.959792 -5.235851 -3.231588 -5.409438 -9.010212 -3.252096 3.107838 2.591969
18.480293 -8.687011 2.369290 0.125131 -6.885238 -2.973826 3.440497 2.417262
17.540396 -6.829264 10.024552 -8.610162 -6.568439 -2.728214 3.656681 2.086950
21.489848 -5.743235 1.641809 -8.155993 -5.869282 -3.614483 3.104343 1.706466
-7.418262 0.013440 1.270354 -5.873302 -6.504501 -3.035300 3.404581 2.379703
-6.927869 0.340743 3.404031 -8.296531 -4.609630 -2.472279 3.003060 2.594818
21.077952 0.478271 7.672406 -5.893883 -3.050931 -2.961619 3.493092 2.262004
-7.357812 -0.467445 0.732504 -4.975285 -5.723357 -2.816465 3.521087 2.335523
4.246017 8.380075 7.087394 -10.507110 -12.986165 -6.011716 7.845777 -2.357914
3.071360 -12.186049 8.601411 -5.462511 -6.535183 -2.119901 3.410166 2.506545
22.432715 -3.637632 0.532963 -5.704879 -6.287912 -3.189315 3.379873 2.668085
-6.995782 2.322103 -1.192590 -5.808950 -6.174163 -1.601724 2.885381 2.564690
3.463754 14.085954 2.363627 -2.599692 -6.108848 -2.791988 5.539150 3.912538
-2.541565 1.613235 11.491774 -7.096372 -8.760117 -4.286286 1.224992 0.666999
2.035815 2.514075 14.722836 -5.800877 -3.291609 -3.012295 3.401975 2.384365
-0.743749 4.197871 0.244902 -3.385616 -0.442836 1.940202 10.687423 7.116966
19.610123 -7.585038 2.522830 -1.630381 -4.882350 -5.791107 3.884462 2.034415
-6.432727 -5.088679 0.353982 -6.105724 -5.796616 -3.030128 3.588759 2.333740
13.278950 -7.266967 2.815557 -1.393513 -11.191083 -12.911999 3.995312 3.301949
22.658986 2.338254 3.158037 -6.017697 -6.312934 -2.870467 3.424244 2.383147
-5.803781 5.846486 4.771037 -4.645951 -6.537798 -2.762964 3.167189 2.805215
6.823886 -3.367976 13.758057 -11.371922 -3.865672 1.719883 3.373710 2.634367
-3.888985 -9.548855 1.331828 -5.671894 -6.562579 -2.964087 3.463442 2.356744
14.344416 -5.366943 -10.323945 -1.604311 -4.079826 -2.789250 3.430194 2.342833
-6.866568 1.654882 3.223207 -3.922537 -6.972061 -0.477747 3.548727 2.357727
