5.803932 -3.193573 -8.829036 -6.432667 1.645750 9.226443 9.423778 -1.838366
5.830357 -3.566629 -8.769412 -5.972963 1.835015 9.273655 9.328838 -1.734419
5.238849 0.373893 -9.134812 -5.743756 1.950909 9.216611 9.396915 -1.862867
-2.363851 -10.009601 -6.626783 -2.813597 12.917914 11.808541 10.253952 -1.604870
-21.613533 -12.212380 -7.961473 -6.183591 1.711308 9.245825 9.419572 -1.853453
-13.497973 -12.450335 -5.868347 -16.177233 1.453531 9.543952 6.301753 1.058051
-9.875684 -4.675244 -4.672635 -1.567960 -8.009641 -0.157399 6.766747 -3.827220
-2.358286 5.745726 1.338161 -6.387197 0.916999 10.010320 9.904849 -2.024714
-3.342969 -7.003857 2.201816 -0.287602 7.129243 11.056560 5.479818 -2.533734
-0.111541 8.085943 -6.063098 -5.128017 2.009192 9.377112 9.406022 -1.908457
2.837395 -11.754423 -9.122724 -5.684001 4.211693 10.424054 6.455956 -2.451071
5.700565 -1.656279 -8.315101 -6.008124 1.616029 9.075726 9.411510 -1.794804
-9.077415 -18.639494 -6.576569 -6.852888 1.185749 9.505624 9.525557 -2.328533
3.776722 -8.552492 -8.282006 -7.842760 0.973508 14.078280 7.376586 -0.445568
-14.892402 7.584248 -8.653272 -11.059385 -4.210447 8.668885 8.999760 -1.795605
-18.290892 -3.975168 -11.703493 -10.135733 8.007810 1.908054 13.808635 -1.566451
-19.261793 5.886373 -4.608077 -4.114814 1.341966 10.463825 5.801068 -0.007501
-13.847654 8.258002 -12.118831 -11.401894 0.013186 6.272942 9.788566 -2.073050
-1.403450 7.495697 -14.280861 -6.410289 1.599181 9.475233 9.390958 -1.868237
-23.765422 -1.322890 -5.240878 -5.315517 1.337752 9.504639 9.386953 -1.825454
5.457213 -7.154137 -8.042693 -5.716611 1.861352 9.227845 9.408239 -1.865318
5.576828 -1.102053 -7.279691 -4.885201 1.859163 9.227165 9.407893 -1.856955
2.808642 -12.589676 -8.198057 -6.906102 2.351811 7.812608 9.602806 -1.437102
-9.245349 -7.276600 -17.540631 -8.104155 1.880828 17.117902 15.340994 -6.360341
-11.484613 -18.429284 -10.246864 -6.048137 1.661687 9.296158 9.302073 -1.768271
-19.196495 7.307847 -10.140027 -5.958486 1.891905 9.095186 9.395351 -1.872111
2.939363 -0.725301 -3.982921 -4.297949 8.215655 9.383867 9.616854 1.492269
3.406707 -9.874391 -3.452871 -4.776433 3.220948 6.955425 9.966844 -1.041002
-16.421788 -5.760194 -0.893844 4.472553 -1.104615 10.896418 7.959461 -2.877598
-12.180593 -4.233151 -10.921367 -12.448831 7.956233 5.376038 -0.640993 1.454465
-2.635192 -3.449281 4.182850 -1.813850 1.542783 6.046767 9.853948 1.030901
-10.985022 10.559276 -6.046620 -2.013384 1.866024 8.163318 9.286065 -1.893959
