-13.621893 -3.610285 6.685512 2.625739 0.672733 -7.812894 -8.465605 7.441139
-12.545311 1.332311 9.797162 2.593555 0.541755 -7.713887 -7.903318 7.926967
12.388092 4.981390 1.075948 1.556394 0.360181 -7.992933 -8.513898 7.368286
12.211106 6.131918 6.416119 0.004549 -1.127707 -8.141906 -7.731481 8.697965
15.738044 -1.309602 6.293075 1.861574 0.841639 -7.768202 -8.733699 7.464652
-13.464199 -3.418095 4.140548 1.827311 0.659136 -7.927276 -8.600409 7.579155
-7.900453 0.084190 14.783814 6.544285 -0.690390 -4.121226 -6.534639 11.875969
15.760607 -3.450365 4.888454 2.427310 0.139569 -8.162259 -8.328903 7.370005
11.859156 -9.830138 0.996666 2.305183 -0.560274 -9.403815 -13.169458 7.833465
15.813948 -2.048525 6.703166 2.790938 0.549076 -7.791540 -8.504033 7.442687
-5.968015 5.403244 -3.460189 3.278891 2.568650 -8.527109 -8.346782 7.364893
15.752733 -1.318580 6.023851 3.013025 0.387608 -7.798149 -8.472739 7.449017
9.802355 5.675373 -0.521331 1.772257 -0.740163 -7.943808 -11.925179 4.653851
-13.600788 -2.932273 6.956760 1.740423 0.592341 -7.724561 -8.463674 7.440777
3.755695 11.583107 6.541666 3.258829 0.720712 -7.884743 -8.507776 7.431658
1.972978 11.103112 1.764743 3.326075 0.613109 -7.879816 -8.445370 7.419591
15.019482 -6.941445 8.954100 2.382767 0.677599 -7.846420 -8.469018 7.444644
0.944089 3.486172 -1.739767 10.957479 7.219884 -7.373405 -8.612440 6.694206
-8.779312 -7.112105 12.944104 0.338707 -5.744966 -5.524687 -8.664822 9.736185
6.207185 -5.486668 3.961128 15.838474 -0.992135 -8.460441 -7.219653 7.866975
-0.523054 -3.711080 -6.911033 5.233481 2.541402 -2.980453 -5.747194 7.873563
1.322232 -9.036953 -6.782634 2.197877 -2.420929 -8.200189 -7.885517 7.815582
13.825038 -7.667765 11.519960 3.104292 0.850056 -6.257588 -6.984186 7.424179
-12.272130 3.309294 6.211072 2.627851 0.677835 -7.870693 -8.481770 7.457055
-2.181966 7.280796 9.171344 -0.927690 9.690593 -7.208736 -8.571363 7.115425
-13.531701 -2.733751 8.042381 2.430588 0.608744 -7.835546 -8.530559 7.479712
-13.218328 -6.420966 6.405651 2.639855 0.853274 -7.869889 -8.439999 7.483510
6.990114 -10.348964 3.640168 -2.650817 -1.774923 -15.728823 -11.829225 3.816808
-11.138638 1.051882 13.424603 2.255216 0.557015 -7.519356 -8.540568 7.614389
15.393828 -0.096681 5.504039 4.298397 0.751095 -6.731723 -8.506979 6.584395
15.536668 0.041525 5.732098 2.287982 0.861683 -7.879862 -8.513207 7.469152
