6.736066 -9.262322 11.800251 -4.677593 6.810104 11.093034 -6.279723 15.742768
-2.629032 3.444255 20.129604 -1.914227 2.996017 6.712545 -3.880426 8.072020
-5.147243 3.715120 3.138039 -3.782777 7.797104 7.630212 -0.195904 3.881112
-10.758442 0.063617 6.751332 1.260786 2.923256 5.749086 -2.541462 8.155654
5.592158 1.629881 -3.705393 -2.217954 1.889587 11.673657 -2.849812 2.776733
-5.320193 0.692710 2.010267 -8.206624 1.327244 7.482527 -2.781322 8.341272
14.042209 -11.614993 8.200387 3.300322 4.836929 5.957552 -3.009275 8.270561
13.411194 -1.691828 14.940966 -5.804956 7.650253 7.454095 -3.005494 8.175690
-3.690435 -13.590537 6.226028 4.553478 -0.222392 7.715017 -2.636544 8.408178
14.685286 1.073046 17.802414 2.861506 2.226501 7.035813 -2.427489 8.143958
-5.120106 -8.920038 -0.706458 1.379803 -0.289824 7.120167 -2.705065 8.186066
-0.665864 -15.725465 7.958704 1.134843 2.198408 7.509190 -2.713702 8.282879
-9.882767 -7.362127 8.543408 1.395278 2.108865 7.404525 -2.818842 8.300342
-6.338267 -9.905645 13.084527 5.584081 2.458640 8.888600 -4.171364 10.179876
-8.041385 -0.574720 10.156064 -6.749119 0.406309 4.906853 -2.065815 8.631952
12.823940 -12.733795 11.885338 0.933735 2.441682 7.450504 -2.664432 8.409426
7.253010 -11.254597 -1.823688 -1.396870 2.564207 5.507711 -2.872198 8.015885
15.350294 -0.456315 14.039059 -5.403795 2.990704 9.243754 -3.125663 7.431227
-9.913529 -1.168086 6.563816 4.312964 3.617501 9.601859 -2.280542 4.666139
-2.293175 10.035432 10.834282 7.771705 2.191295 7.393077 -2.829499 8.286288
18.159178 -5.064815 8.433702 1.240126 2.110073 7.301653 -2.826995 8.283771
18.189457 -0.518175 6.971426 -0.982421 1.302532 8.791292 -3.258240 8.187285
-5.115349 7.728972 14.821411 -1.967437 2.235220 7.327749 -2.785928 8.403666
16.630703 5.047484 8.787696 -0.779954 4.126441 7.316492 -2.230805 7.686816
18.571225 -1.637353 8.472339 1.459398 2.130223 7.394477 -2.826231 8.284844
12.594201 -7.557628 10.196498 9.614239 -3.603227 7.320541 -3.941588 8.776293
-5.684045 4.501322 10.594569 7.448261 -2.317020 6.379225 2.022473 5.723377
-10.894571 -3.596388 7.528682 1.460113 2.328463 7.570605 -2.838850 8.377819
16.466797 2.202128 14.778122 2.404333 1.453201 7.398823 -2.842622 8.292463
-10.589043 -0.182437 11.458995 2.023255 2.647161 7.719808 -3.396581 7.674945
14.585390 -10.870902 7.950784 4.704501 3.161009 7.984186 -3.444737 6.539446
18.499001 -1.014414 7.049624 0.952936 1.774708 7.425218 -2.819524 8.303548
