-2.227150 16.715050 7.547121 9.577154 7.446599 0.614551 -1.781836 5.307597
-19.174426 4.414842 15.907861 6.275141 10.163034 -0.537856 -0.342389 3.367998
6.463696 2.803299 16.828615 7.519631 7.391844 0.815023 -1.647099 5.143718
-8.578904 13.559242 4.175496 13.761053 6.247923 -3.631161 0.562040 3.928598
5.804591 -5.096842 12.946534 6.164586 6.606000 0.627280 -1.499215 5.021244
5.005424 8.647734 14.845849 9.368697 11.622522 -0.415489 -1.840778 5.183919
-21.353728 2.711872 8.872069 5.662699 6.222027 0.346109 -1.328781 5.318604
-21.373237 1.350383 9.476703 7.264521 7.368720 0.965975 -1.651920 5.118815
4.852707 -3.828620 16.561814 6.294498 6.435889 0.446268 -1.596530 5.032044
-4.345311 15.975023 5.735115 1.005516 7.913721 0.829064 -1.329762 4.987055
7.440394 -2.885316 9.667367 7.036666 8.411567 0.608015 -1.823322 5.727628
-2.505169 -9.741009 9.479840 5.163516 0.196719 1.719805 -1.180828 4.148950
-13.062135 9.337226 -1.230555 1.414265 6.308824 0.886968 -1.677448 5.110209
7.015281 6.890464 13.852116 8.969432 7.339316 0.806757 -1.681125 5.147664
-15.561980 10.382002 14.319514 4.903386 14.545263 1.675005 -1.135442 5.897610
8.307564 0.673992 8.317215 6.695229 5.770494 0.245377 -1.223524 5.732259
-20.541478 -1.769403 6.745024 6.757816 6.633780 0.962824 -1.830014 5.083410
-20.105277 -1.496635 13.406386 8.420656 6.994414 0.801465 -1.744756 5.066351
3.397707 -2.152976 14.708861 14.620132 4.303806 -0.670425 -1.398976 5.702861
7.865352 -1.111822 10.725240 7.026894 9.360670 0.689345 -1.615653 5.222591
-19.985137 -3.174513 7.598543 5.610609 9.235590 0.532837 -1.835768 5.163498
-19.342516 -2.184779 3.422751 6.088196 6.404743 0.343642 -2.231634 5.009360
6.469233 7.159439 3.999776 4.109830 9.380757 -0.224742 -1.296597 4.795000
-17.732348 -2.657633 16.232177 2.758851 7.082867 2.623759 -1.034070 5.758827
-21.432158 3.257230 9.146661 6.513555 7.077454 1.014009 -1.612499 5.235950
4.096388 10.976595 9.959943 9.864264 2.525978 -2.619747 -1.795255 4.980273
-17.543688 11.901679 5.207907 6.574396 7.481423 -0.062910 -1.255631 5.719365
7.313171 6.768648 13.320261 6.212220 6.620796 1.432931 -2.631103 4.263284
-20.505446 1.808034 13.192647 8.966906 6.673481 2.696650 -0.471374 4.871178
8.318555 5.013059 10.461048 6.249268 6.794757 1.443274 -1.740450 5.069022
-21.446851 2.586429 9.277266 6.637573 7.382657 0.853416 -1.656970 5.129953
-15.630529 10.097670 18.443617 6.879504 6.907133 0.824402 -1.708948 5.106893
