-1.523987 -8.407005 2.945172 9.339263 2.640832 -4.028364 5.591357 -8.463362
-17.123079 -10.596413 4.606508 -5.542390 2.897672 -8.029253 2.762270 -8.019369
11.076227 -12.524643 5.230265 -0.190884 2.898198 -8.419938 2.724088 -7.985235
-7.448326 4.350531 3.750222 -5.337586 -0.798127 -13.437638 2.876484 -8.578559
-7.056563 -22.443817 3.319388 -4.549498 2.858587 -8.163662 2.767623 -8.021323
-17.260127 -8.779363 4.942862 -4.067628 2.354913 -8.264854 3.404764 -8.077172
12.560211 -8.778344 3.727418 -4.693359 2.909288 -8.281959 2.710902 -7.948124
-11.174512 -15.821274 7.038707 -11.008511 3.110656 -3.151825 5.887499 -9.008506
3.286344 -17.793626 -2.751932 -0.918322 7.659629 -3.927261 3.482679 -10.476571
1.673796 -10.172580 -5.248306 -14.937392 -0.995992 -10.862581 1.725102 -9.498737
-15.833922 -3.378838 -1.174783 -4.225671 3.123639 -8.300953 2.669919 -8.013329
8.814803 -4.980153 12.320902 -6.811833 1.183076 -7.719501 2.390447 -8.733902
-16.988512 -5.653241 1.557840 -5.566412 3.694363 -8.704491 2.467233 -8.627676
-15.454066 -6.820278 -3.645430 -2.985957 2.597351 -8.490054 2.713800 -7.966177
-15.653803 -2.961251 7.394036 -3.855880 2.200510 -8.310553 4.200795 -9.450610
0.305873 5.708782 -1.188118 -4.739010 3.607193 -8.057219 3.154101 -9.450183
-10.936896 1.166130 -2.017428 -4.007082 5.606514 -3.532355 4.984340 -8.132515
8.036267 -17.078013 -2.526195 -5.721476 3.735521 -7.973237 2.707087 -8.016034
6.973000 -5.524082 8.445387 -10.061640 8.482352 -2.671446 -0.130974 -5.872402
-1.010289 -10.553751 18.099350 -4.897248 2.586492 -8.403664 2.706381 -7.919006
6.956297 -15.437092 12.196661 -5.362308 4.454663 -6.369184 2.447335 -7.595040
11.472134 -2.558355 3.324975 -4.656750 2.990987 -8.228696 2.733656 -8.016874
-16.957821 -11.000449 1.213090 -4.942722 2.592321 -8.236266 2.828531 -7.566813
-17.308622 -7.768256 2.103207 -3.966778 2.999340 -7.968590 2.562622 -8.060619
12.480374 -9.803566 3.777275 -5.060982 2.883985 -8.269431 2.746101 -7.991186
12.560873 -8.637920 3.153747 -5.119127 2.666578 -8.275698 2.693880 -7.914215
5.489106 2.920829 -1.751201 -6.932810 5.503509 -8.716822 2.999758 -8.107842
12.566938 -7.708806 3.230508 -4.644532 2.833921 -8.198932 2.753759 -7.990383
12.543791 -7.730849 4.227261 -4.632768 2.814910 -8.184903 2.739688 -7.984041
-3.595505 -22.185121 1.267080 -8.209877 2.580626 -11.012672 4.022541 -9.162774
-14.022084 -14.403546 5.546476 -8.467577 5.254114 -6.874567 0.101796 -3.764707
6.795280 -18.822993 0.050156 -3.870026 0.008630 -5.778764 1.802317 -7.483113
