-14.022760 0.235470 7.026018 -0.737201 -0.188681 7.420637 -8.980206 -7.124279
-0.174010 -11.628652 0.003624 0.189826 4.210512 11.828245 -8.867996 -7.028440
-4.603824 11.639741 -0.903602 -5.391522 8.646529 10.107010 -2.958427 -2.283545
-14.087096 -4.264344 -3.923868 1.869691 1.203417 9.582991 -8.904773 -6.330425
0.264582 -7.491098 -11.101982 1.354640 0.897548 8.828100 -8.712951 -5.957770
-11.329683 11.855280 -7.031686 -1.350818 3.501751 10.124615 -9.045056 -6.423063
-16.020165 2.870824 -4.236684 0.919984 1.337147 9.277456 -8.938960 -6.535895
-13.397507 -5.422158 2.901177 1.591143 -0.471977 9.429852 -9.372411 -6.145038
10.698777 -5.514394 -4.914623 2.852540 1.462167 9.187765 -8.926016 -6.619132
-12.757808 -3.681975 -7.052363 4.602892 2.107635 9.470658 -9.381031 -6.877461
7.921612 -3.555143 9.272564 6.364990 3.490930 10.024113 -8.071777 -6.099371
6.059943 -0.323424 -12.832022 -1.688850 2.602728 8.826716 -8.941793 -6.502067
1.517262 11.924529 -5.067608 0.240158 -7.260353 5.236662 -4.494593 -10.890307
-14.862458 2.650744 -7.249203 1.882380 1.509335 9.247023 -8.988104 -6.515740
-16.623266 3.524328 0.096644 1.935025 1.535897 9.264772 -8.970744 -6.531473
10.969772 -5.109579 -3.652066 0.998276 -0.216166 12.048726 -8.691068 -6.097363
-0.079956 18.813801 -0.055296 1.990087 1.558620 9.278260 -8.959393 -6.538150
-11.956532 5.258357 -3.452380 11.270604 -0.398540 6.981011 -5.720685 -7.780865
-7.597441 -7.075851 8.450503 5.040053 4.064989 10.319809 -9.549582 -5.845539
2.214805 11.852519 -12.516012 3.667015 1.691645 9.388652 -9.045814 -6.603898
12.543738 -4.028899 -0.533397 0.932583 1.573066 9.268569 -8.999883 -6.417700
-16.619836 3.692975 -0.053554 2.137309 1.514071 9.264791 -8.977482 -6.501284
-13.334252 -6.156899 0.182363 0.686687 1.412019 9.242271 -8.912070 -6.525428
4.491854 3.384685 -9.044862 12.595731 1.024755 10.226846 -12.652442 -5.353692
-9.438058 14.874463 5.749872 3.731528 2.328694 9.234282 -9.058445 -6.682072
-1.227025 18.846352 -0.002575 1.945279 1.544392 9.276282 -8.961880 -6.534621
1.326881 -10.602652 4.144791 -2.425157 3.658621 9.585268 -8.816424 -6.581487
-14.845543 -0.509957 3.186123 3.574247 0.304407 13.753273 -8.188084 -7.879254
12.169427 -4.578094 1.211550 2.321989 0.711450 8.792823 -9.333307 -6.645237
1.369928 16.495398 -4.398477 -3.716190 -1.613528 9.648886 -9.403006 -7.342681
6.987880 15.163124 3.122720 1.412421 5.452614 11.963339 -8.774344 -5.011985
14.284366 3.540219 -1.880324 1.810049 0.449829 9.607641 -8.934387 -6.225932
