-2.015152 -18.285786 3.310552 0.135215 1.995071 -2.958876 9.056637 -7.325421
-10.115480 -4.108766 -9.399269 3.584895 1.796892 -0.653993 8.423951 -5.599866
3.454017 -20.035075 2.012988 2.226845 1.886736 -3.369028 8.967240 -7.352497
-6.753675 -17.298480 -4.667975 2.057860 2.333183 -3.156030 8.969257 -7.230279
14.253449 -15.679472 -1.654443 1.559799 4.086302 -1.881424 9.084008 -7.646602
-10.500127 -11.867970 -5.837956 1.612288 2.327074 -2.989158 8.958435 -7.365741
18.087003 -6.073727 -3.358030 2.216811 2.258915 -2.890170 9.014349 -7.334762
9.654067 7.189459 -2.186457 0.918345 3.264416 -1.912678 9.821192 -6.999707
-11.812133 -6.906987 -2.238924 2.838071 2.621954 -2.820078 9.014826 -7.222075
2.008997 -2.949909 8.932478 6.284949 5.887344 -2.341968 3.815363 -5.131158
17.784839 -7.190487 -5.623518 1.644562 1.187367 -2.064296 9.630171 -6.866442
0.641715 -5.067186 -17.851107 -0.390726 3.285090 -3.646592 9.572746 -7.582576
14.928676 0.777824 -2.276610 0.032262 -2.992272 -1.959934 10.523622 -6.328578
-11.023890 -8.261811 -5.793118 4.796156 0.114388 -1.651174 10.011280 -6.242564
-11.887122 -6.170634 -2.943498 2.148718 1.951408 -2.873449 9.016886 -7.330688
1.641635 5.318132 -11.314717 -0.060991 -1.978746 -1.753222 7.979565 -9.497911
-9.364691 -10.521347 -10.294022 1.089226 2.839591 -2.345320 9.514942 -7.266391
-8.053070 1.546412 -1.926137 -3.848621 0.469367 -3.195852 9.266776 -7.374384
11.313775 4.815309 -5.703830 -1.932688 5.612428 -3.125506 10.875766 -8.483590
1.372441 -5.950959 -14.268247 -6.851298 6.815372 -3.182693 8.903074 -6.750971
-10.558193 -12.241036 -2.998212 1.901397 2.074283 -2.833775 8.989898 -7.319508
-6.088347 -13.252580 -10.337607 -3.979783 1.014121 -3.612541 9.109338 -7.615165
-9.847531 -10.210105 -4.155703 6.390862 1.846074 -0.945422 7.392764 -11.290526
13.585268 -15.271336 -6.318088 6.811771 2.037984 -2.837783 8.511873 -6.841952
-2.546438 -10.538145 9.350439 5.460978 2.333426 -2.760420 8.997058 -7.267500
-7.154962 -3.092543 -2.987216 3.322515 -4.652392 -3.589523 16.178280 -10.481687
-6.035670 -17.857924 -1.989438 1.573423 2.137468 -2.654774 9.022010 -7.330972
9.729296 -17.178790 4.128954 2.616780 2.038266 -3.233429 8.529426 -7.735445
0.570212 -4.487705 2.813463 7.973544 14.241866 -3.763203 9.046948 -7.313376
-11.860449 -5.829728 -4.298704 2.294680 1.887925 -2.578397 8.923242 -7.328576
-6.012832 2.584159 -2.894735 -3.071396 -3.821044 -2.148892 8.979720 -8.345181
