-19.518482 -2.299476 -2.566092 -3.182935 1.661743 -7.374995 8.319011 -7.235561
-10.651541 -12.086957 0.871212 -1.650734 1.797048 -8.320894 9.240589 -7.030268
7.912848 -2.841545 -4.512692 -1.218294 1.528407 -8.222914 9.257765 -7.207093
-17.670386 -2.515194 2.104281 3.071628 -2.131584 -8.121288 9.405910 -7.339444
-15.222359 -9.686544 -1.416419 -1.481938 1.480304 -8.257460 9.125805 -7.177077
-14.479565 -6.289698 -4.901378 6.802698 2.195534 -7.613406 9.518477 -7.061194
3.516565 12.092298 -1.862227 -1.636293 1.699754 -7.855515 9.363743 -7.738722
8.652739 1.039848 -2.105249 -1.865455 2.120835 -8.265867 9.126459 -7.178093
-19.526446 0.833504 1.887684 -0.962710 1.394379 -8.167331 9.147769 -7.038363
-7.212057 15.130424 -4.811483 -1.671902 1.357509 -7.960406 9.139890 -7.261889
-14.870319 11.690910 -4.884287 -0.308776 0.590485 -8.495027 8.937529 -6.240838
4.458245 8.076547 -6.561528 4.297258 3.000504 -8.794053 8.915835 -7.586972
-16.328382 -6.029192 -7.674751 1.653284 -0.280795 -7.997532 8.911222 -7.006275
-20.089910 1.099513 -2.372805 -1.809710 1.293972 -8.294014 9.134380 -7.194816
-10.486238 14.621096 -1.107636 -1.553957 1.542619 -8.070830 9.048586 -7.082160
-7.573944 15.185289 -3.206562 -1.239485 1.348512 -9.948495 8.375206 -7.549853
-14.595982 -0.190975 -11.086584 -4.960480 4.064212 -5.543337 7.954933 -2.967975
-15.991748 7.307207 -1.793609 -8.074013 -1.446085 -5.400852 9.770896 -7.582694
5.427267 -2.747152 -5.946494 -3.254353 3.384990 -3.305451 12.634922 -4.096867
-13.176103 -5.151837 -7.624667 2.183125 -6.703040 -9.266871 8.596664 -7.367145
-7.678109 8.447537 7.562725 -8.671201 0.097069 -8.604138 9.347850 -7.435676
6.717103 8.093694 -3.783420 -0.630710 1.547013 -8.268029 9.114754 -7.166023
8.360598 2.806154 -4.467173 -1.171928 0.984590 -8.294647 9.090923 -7.134654
-4.324194 -1.363971 -3.996888 0.545434 -4.978976 3.650062 7.075865 -5.417087
-15.925030 5.186190 4.017014 5.556448 2.198386 -8.270133 9.160826 -7.285006
-15.068665 -9.790705 -1.899381 -0.381871 1.846126 -8.306296 9.173586 -7.244706
6.102110 7.169289 -7.610640 -1.159900 1.582143 -8.283885 9.121330 -7.197535
5.500194 9.693518 -4.776657 -1.233386 1.480709 -8.329905 9.136483 -7.180255
8.317651 2.788053 -1.234504 1.157803 1.749782 -8.227941 9.118992 -7.168618
8.576856 0.007957 -2.640419 -2.235286 0.820038 -8.443934 9.003748 -7.186644
1.265716 1.403491 8.979820 -1.547851 1.571225 -5.702638 6.989654 -12.095546
