10.108727 7.774944 9.679543 11.139781 0.070673 1.190989 1.293345 5.762736
9.247258 3.696043 -5.684630 -0.193951 -1.265362 1.619860 4.502586 6.826955
-12.881349 6.068013 6.599414 -0.086334 -3.153928 0.682980 1.580388 6.532065
6.506135 8.394170 15.570217 -8.145539 -9.623649 2.181938 2.579992 7.224531
5.602712 15.202859 2.851860 -10.310455 -3.034508 1.853416 1.423403 5.475325
16.667804 6.489424 5.000687 0.266365 -3.570853 1.514989 1.255463 6.035653
13.690629 13.224797 7.673562 -1.688307 -7.769931 0.257746 1.158685 5.839739
7.679362 18.608999 3.233280 -3.318574 -3.010429 0.783427 1.347553 6.163027
-12.914463 5.562768 6.491822 -0.128577 -3.178567 1.167710 1.251820 5.955773
13.268368 6.766021 -0.988106 2.384146 -8.451829 0.615518 0.216116 5.434466
-9.030430 -1.275288 -0.339884 -1.632410 -3.630034 -0.508399 1.265755 6.081571
-2.780070 0.627990 14.986391 -7.202302 1.460960 2.095768 2.682720 0.905471
9.089589 -6.955323 5.536578 -2.903075 -2.986118 0.732850 1.613461 5.922891
9.003058 -5.528080 9.443278 -4.578620 -0.328101 2.250316 3.280183 4.482115
14.427595 -0.621977 3.810451 -4.134107 -3.874786 1.830954 2.034822 5.909615
-7.474176 6.863743 -1.883094 -7.761303 -5.056456 1.304565 1.253553 6.238112
12.301189 4.691126 8.749811 3.872184 -3.152082 -7.365506 -2.375751 4.290961
-12.085684 5.289756 11.118526 0.665405 -4.333803 1.268278 1.513280 5.823039
8.444260 -2.280049 16.428637 1.046319 -3.606766 4.107514 1.355794 3.702230
0.199689 -8.514849 7.862839 -3.785987 -3.508383 1.300831 1.239515 6.021286
-12.903649 6.041134 5.953287 -0.170885 -3.238420 1.266637 1.232294 5.908847
-12.885499 6.326837 6.386133 -0.864868 -3.207843 1.296903 1.168996 5.890048
8.871298 6.542426 -3.157247 4.601621 -8.577655 -3.627653 1.515811 3.915112
8.770919 10.378437 16.478791 2.821662 -5.235740 7.149031 2.791595 4.854672
0.362538 5.643106 8.197597 -14.720612 -4.736937 0.534401 1.108700 5.772807
-8.755045 9.185270 4.845702 -9.529277 -5.097455 1.781693 1.211882 6.015513
15.400934 5.256961 5.086507 5.155038 -1.739787 2.600284 -0.383432 4.535426
8.682773 16.062474 -0.331024 -3.554572 -3.805011 -0.451023 -1.322393 6.236793
4.622856 -7.115787 4.840838 2.471825 2.666870 3.173013 2.038025 6.237582
-12.883027 5.937598 7.260591 -0.007651 -3.006473 0.956211 0.961168 5.829665
13.688954 -0.187757 11.426301 0.911244 -7.085904 3.836731 1.240948 5.931679
7.267273 6.921281 -2.780975 2.518353 -11.087232 3.786884 -4.154818 6.936205
