11.783433 7.770441 6.644302 -6.640097 9.072911 5.264924 -7.653940 -3.124858
10.301281 15.391717 -1.313097 -3.706155 7.453799 3.777062 -6.124078 -2.370052
-11.206934 -4.319627 -2.573193 -6.595982 9.376861 5.292121 -7.064284 -3.350436
9.890698 -3.104765 -2.287660 -11.621928 11.362582 1.623957 -2.309555 -3.473464
-7.509202 17.701735 -2.543960 -6.645137 9.570005 5.368947 -7.038100 -3.320946
-6.878298 18.036025 -3.079821 -6.654755 8.829282 5.220301 -7.784660 -3.248644
4.075246 18.550627 -7.476552 -7.234705 8.148765 4.945634 -6.835574 -2.527545
-13.921474 8.713485 -4.301072 -7.630373 9.437920 5.240591 -6.988391 -3.328851
-9.506931 -5.152042 -4.130433 -9.785607 10.199432 3.647046 -8.198310 -1.687455
13.472807 0.070752 0.662052 -8.437228 10.303816 2.127328 -6.335334 -4.458282
-9.812862 12.507531 -7.248185 -0.174073 9.356858 5.280072 -7.066492 -3.347435
14.398421 7.131763 -3.013551 -2.631219 8.713387 3.274061 -5.690682 -3.165194
-13.272503 3.070898 0.597412 -1.986669 8.521399 5.470356 -7.001084 -3.436474
-14.421522 3.398812 -2.219959 -6.634996 9.357946 5.559324 -7.066283 -3.468748
6.554627 -8.486036 -1.507112 -6.797315 9.348868 5.290845 -7.063896 -3.348491
13.591081 9.467745 -5.348824 -2.213403 8.025844 5.689101 -7.066354 -2.817493
-13.179253 3.579597 2.712366 -8.374427 8.516060 7.324320 -7.005978 -3.493410
-14.457798 6.132065 -3.415021 -6.523521 9.332394 5.360303 -7.054072 -3.311620
-10.445316 7.695015 -11.693912 -7.999268 9.261624 2.123603 -5.620658 -2.562214
-2.237859 14.361001 -10.954353 -4.351135 13.252493 9.816457 -2.915299 -4.250196
-6.505096 14.535149 2.450666 -13.205624 11.732070 7.641872 -8.888470 -2.272752
-10.361437 4.259374 -8.568982 -14.933133 9.723284 5.073261 -7.065638 -3.353682
-13.271885 6.628073 -6.420801 -10.661117 9.675828 4.527359 -6.094752 -3.496225
1.996191 -7.946559 -8.316483 -2.847531 7.341464 5.213625 -7.035059 -3.357893
-14.270180 2.345662 -2.289703 -6.568251 9.353590 5.257205 -7.059289 -3.349542
13.091392 -2.291156 0.058621 -6.601062 8.775617 5.545131 -7.089370 -3.403433
-6.900122 -2.677719 -7.201347 -0.040447 7.944355 4.999792 -2.358708 1.257340
11.539310 2.468523 -10.813465 -11.419528 9.039676 5.264254 -7.051121 -3.229240
10.004496 15.550994 -4.791508 -3.958807 10.933192 4.476993 -6.454356 -1.183272
-13.264758 10.174737 -3.376295 -9.397945 9.832976 5.056365 -7.821016 -3.753644
-3.863174 1.194591 -6.388822 -6.130328 -3.753692 3.564307 -7.063588 -3.308766
-14.334030 3.820577 -3.410965 -7.855158 8.199485 5.811376 -6.833159 -3.297012
