-4.737266 2.600520 -8.571031 11.398469 0.236499 0.306808 6.603224 0.301384
-16.272994 5.313274 2.964708 1.327663 -0.183006 0.039011 6.791943 0.585727
10.784764 -3.176819 9.960069 1.003269 0.061780 -0.068248 6.732421 0.602691
-16.161679 0.230348 -3.005505 1.396011 0.219238 0.113656 6.741000 0.634742
5.217263 12.578488 -3.297241 1.990724 0.119948 0.087953 6.734111 0.602294
4.927045 11.752317 -5.060340 1.836524 -0.756155 0.288899 6.713181 0.617388
-15.462429 -6.551491 2.313515 1.066118 0.130197 0.088086 6.733998 0.602310
-15.677941 6.033859 4.958206 1.375130 0.509083 -1.465659 6.880199 0.829037
12.194048 -4.786419 4.488405 2.850527 -0.125545 -0.035628 6.762145 0.787805
9.368801 3.370006 11.795308 1.113329 0.980880 0.406918 8.968396 0.945257
0.625858 6.674352 1.540873 9.313201 10.288693 4.404051 6.604489 -0.042572
9.732463 2.249753 9.597703 -3.604516 -0.767128 1.139771 6.588498 -3.019742
10.617950 8.993665 2.548578 1.759816 -0.549392 0.078364 6.667991 0.601360
-9.027759 0.474134 -2.978510 4.837239 7.894807 5.334401 12.139139 -4.305298
-9.070141 -5.644095 7.865355 10.564062 4.715388 1.457498 4.428671 -0.533123
13.331557 0.416288 2.295086 1.339501 0.061478 -0.065496 6.749754 0.553544
-16.245659 -2.579697 1.376834 -1.943108 -2.067623 -0.563256 6.520070 0.594244
5.246325 -12.593676 3.226642 -1.109846 -1.819470 -1.444922 6.719276 0.596324
13.122615 2.598215 3.316771 1.941558 0.190130 0.050203 6.761735 0.520720
-16.834370 -2.469716 1.474932 1.400993 0.127579 0.085916 6.732777 0.600802
12.960140 0.140779 3.945652 1.584641 -0.974622 -0.483565 5.433644 -1.684073
9.033056 2.540271 12.646330 2.199480 0.632367 0.179993 6.688709 0.688941
4.972335 -6.154692 12.555374 7.233373 1.165805 -0.045384 6.158982 2.000569
10.411341 3.667462 -2.659078 -4.470466 2.856520 1.655052 7.387273 0.461935
-14.870918 4.393982 -0.018329 -3.514344 -2.039743 2.378528 6.095969 -2.093407
13.281014 0.396562 3.564202 1.378996 0.059034 0.116257 6.760308 0.547826
-15.881402 -3.417814 -2.054071 3.019283 -0.035653 0.204478 6.552534 0.130569
-7.679467 14.297510 3.912653 2.079057 -0.693908 -0.412361 6.822226 0.677263
-12.264425 2.753732 0.289307 -0.194209 -10.247946 -0.846827 7.938557 -0.783659
13.231613 2.090800 2.392783 1.358299 0.341330 0.064867 6.734458 0.577048
-11.159678 2.149189 -8.058019 -4.312859 0.554902 1.658549 6.643303 0.678913
-0.195879 11.508335 -6.231645 0.941299 -5.431875 -0.323005 7.079654 0.911039
