20.411699 1.396075 -1.414206 4.033267 -3.189448 -1.031172 -3.924527 -5.422493
-5.140700 -8.217209 1.923103 6.496458 -3.198230 1.233844 -4.392500 -4.326570
13.400506 -17.429180 5.594200 -2.100332 -3.644861 4.676879 -6.752609 -6.487489
7.720105 6.773518 3.981070 4.247609 -5.327999 2.192545 -4.213074 -4.566986
2.898798 -20.704831 -2.040333 3.739982 -5.833837 1.841599 -4.241734 -4.710737
11.569719 -3.259890 -13.187574 8.027912 -9.951366 0.025148 -3.547134 -5.345236
14.077716 -8.586062 -0.438596 -9.708244 -7.381420 1.897997 -4.284880 -4.628629
23.871417 -7.613678 -0.450938 4.010276 -5.615119 1.852516 -4.293762 -4.596280
9.429671 -18.639310 8.118809 7.973043 -5.612455 1.863772 -4.253757 -4.598711
4.225596 -11.125032 2.501866 16.652048 -3.778548 1.868251 -1.107432 -3.432570
-5.793536 -7.305744 -1.143695 4.087216 -5.820679 1.839656 -4.219072 -4.507133
-0.585496 3.595827 -2.781293 5.984151 -5.135822 1.019349 -4.292722 -4.904682
10.604838 -7.028609 -0.348736 2.627263 -10.338805 15.729890 -4.086899 -5.003819
8.823706 -6.544015 -15.345108 2.722507 -5.691211 1.866114 -4.075513 -4.557938
8.273792 -19.936654 4.911845 9.138946 -4.859390 0.302655 -3.484370 -4.553892
-4.643525 -7.147621 5.114604 3.794492 -5.130381 1.878762 -4.803990 -4.440856
23.726835 -6.023329 -2.122525 4.748063 -5.572766 1.937430 -4.326216 -4.646483
6.214074 -21.628318 0.380646 6.083355 -6.761786 1.908219 -4.284552 -4.715709
-5.051151 -5.095527 2.813958 5.110308 -5.301879 -0.241471 -4.342464 -4.551187
-4.040677 -11.306990 -6.279404 4.669619 -5.125304 1.700818 -4.130800 -4.664881
-0.995868 -9.186436 0.854133 14.672729 -6.364965 1.986126 -5.141076 -4.995045
20.995438 -6.151734 -7.696875 9.075668 -5.727462 2.355087 -4.088154 -4.798642
-2.857623 0.954712 2.694979 3.708253 -5.610502 1.758213 -4.137035 -4.923504
-0.086209 -17.533858 -3.199259 -0.810823 -6.096476 2.496718 -3.605970 -4.848696
16.869998 -18.964320 -4.814317 3.713596 -3.561783 1.714251 -4.409417 -4.812313
23.753960 -9.163425 -0.384757 4.071738 -5.502954 1.829953 -4.255630 -4.568977
23.870361 -6.869018 -0.583763 4.068289 -5.630554 1.796267 -4.253895 -4.589795
22.995393 -11.126297 -2.103990 2.642097 -4.323364 1.665490 -2.301928 -5.407636
22.566745 -3.981997 -2.866386 7.451985 -8.687660 1.811322 -3.835758 -4.488164
1.682832 -4.461285 7.489425 9.176625 -6.476668 8.782373 -0.420611 -6.388668
2.510081 -17.408974 8.058215 3.804821 -5.462188 1.492427 -4.517419 -4.508578
-1.675817 -9.669412 8.025429 -0.484790 -3.481626 1.580237 -3.949882 -4.143335
