-5.177113 -0.494332 -8.389174 -1.206702 -4.943583 1.324149 4.885616 -2.238760
-6.325821 -2.579144 -9.923547 -5.594098 -5.477501 2.858836 6.596250 -3.756932
20.460695 2.021183 -6.012170 -3.996689 -7.896267 3.296261 6.568724 -3.877202
6.777661 -11.795218 -20.046503 -5.709584 -6.749707 3.079317 6.164507 -4.468151
-3.011501 -16.213120 -6.260672 -4.358255 -6.859053 3.336154 6.521357 -3.954920
-4.224438 -13.498404 -10.488963 -2.375233 -6.973641 3.137207 6.552298 -3.863063
22.342705 -3.603661 -8.838588 -5.376174 -6.975502 3.220726 6.460694 -3.876830
6.988686 8.120740 -5.010262 -8.692431 -9.546458 3.246913 6.088425 -1.728453
21.026671 -0.872895 -9.530860 -6.845508 -6.303604 3.824836 8.058226 -1.468353
10.919968 -0.818194 -7.081265 9.096140 -7.536278 3.388342 6.501376 -3.911368
0.625780 -15.479110 -8.923490 -12.432581 -10.573322 3.060078 6.291791 -3.759892
-1.103377 -2.641903 -17.317441 -1.317294 -6.193723 2.561196 5.730021 -5.956886
16.895870 4.781075 -1.108540 -4.341767 -7.313939 2.973624 6.560070 -3.911859
-2.499090 -10.688977 -14.538888 -0.229482 -10.053586 2.454383 6.292377 -3.852653
5.681664 9.024789 -6.465961 -4.639035 -7.002875 3.239653 6.489365 -3.888004
-6.663049 -8.336068 -8.572044 -2.368351 -6.588819 3.687833 6.505271 -3.897962
13.877676 -3.569347 4.779483 -0.140738 -7.920867 -0.956532 10.573875 -4.722569
22.341023 -8.724663 -4.969091 -4.764229 -7.183447 3.984175 6.693785 -3.584028
21.158413 -7.140196 -0.662528 -2.212993 -7.424194 2.590503 6.390753 -5.602730
0.121552 -6.949688 4.942960 -6.079711 -10.279029 7.832762 6.981913 -5.202507
19.817323 -6.910923 -4.459074 3.938139 -6.908888 3.332790 6.567707 -3.866535
15.362464 1.117766 -16.265192 -8.317810 -9.242873 1.730530 7.128801 -4.055964
12.082014 -18.062799 -13.587394 -5.775529 -8.468178 3.575832 7.011286 -4.064066
6.833255 -19.676106 -4.870437 -3.074988 -11.823581 2.150053 7.657491 -3.305638
-2.283422 -6.514534 1.653015 -11.474459 -4.013341 2.889693 5.057794 -3.809335
5.178944 -1.411152 -9.313569 0.845989 2.558209 11.531218 6.843069 -4.222762
22.134309 -2.574580 -7.160354 -2.124776 -7.003770 3.249920 6.492719 -3.880842
10.744650 2.608764 -18.211213 -3.503354 -8.608440 3.517187 5.782931 -4.857954
19.334598 -4.650733 1.000485 -5.791561 -2.875638 3.471404 8.910084 -0.811811
-5.930537 -7.230295 -12.275921 -4.290318 -6.495113 3.446655 6.855002 -3.392942
-2.867372 -12.426693 1.179627 -4.488812 -9.949394 2.160711 6.560498 -3.828147
