12.503499 6.125010 0.424094 -9.976941 7.541772 8.548183 7.865944 5.053752
-17.226431 2.933789 1.705952 -8.359595 7.166876 8.152877 8.043361 6.386178
9.713528 -3.402732 8.108746 -12.287458 6.851657 9.038674 8.055406 4.917470
-17.411873 0.663679 0.816766 -10.783020 7.674736 8.460568 7.759605 4.744936
-15.640002 -1.525885 6.298477 -10.349293 4.772430 8.516693 8.225415 5.186899
10.978365 -4.612956 3.441136 -11.274604 5.680713 10.745796 9.462544 3.751441
12.814378 4.089342 -1.949963 -9.982739 7.282271 8.745564 7.943336 4.991189
-0.609874 -10.571216 -0.753325 -1.689075 7.201668 8.148315 11.652552 5.378640
-9.644392 6.967864 -8.775520 -18.040383 6.884748 7.639978 6.666186 5.188179
0.790304 4.307892 -11.471865 -4.783024 10.057334 1.866021 8.771005 4.626981
9.861942 8.864105 2.359503 -4.283990 7.080114 9.410948 9.355148 4.057583
-1.173304 16.209797 -4.431243 -9.090960 6.959588 9.340773 8.525713 5.349611
-10.773186 9.123581 10.487556 -9.152514 6.635890 8.477524 7.963414 4.983740
13.162107 1.769864 0.103613 -9.848431 7.168484 8.689597 7.921058 4.966272
-11.643765 -10.342658 -0.263762 -9.852422 7.204890 8.755166 7.951617 5.003875
10.141534 -2.383949 -7.625253 -9.079578 5.769331 8.977528 7.277759 6.249095
-8.452149 -12.140013 0.944034 -8.096318 7.695069 9.221112 8.035166 4.857535
-6.622319 -5.549406 1.130804 0.842257 11.417449 14.155717 8.560152 4.492443
4.840702 -9.921298 6.216335 -6.250399 6.092614 9.688594 8.098565 4.816645
12.289883 6.466343 -0.582899 -9.299435 8.745175 8.771968 7.934142 4.974631
-0.969334 12.732567 -1.653178 -9.410100 3.466507 3.980925 14.718242 -0.006136
9.038207 1.965645 -10.006026 -8.862621 9.019854 8.991410 7.943114 5.000157
-17.489709 2.025809 0.572228 -9.813017 7.244110 8.738566 7.896999 4.951504
-0.057254 5.590013 -12.727260 -16.649637 8.096561 8.221880 7.994646 5.040455
10.910170 9.207110 -0.650415 -7.303784 7.031952 8.506790 8.038395 5.310591
-17.462691 1.885902 0.673032 -10.780385 7.280530 8.757107 7.952786 5.002649
11.088613 -0.803777 -5.338338 -13.963328 9.074472 9.983907 7.522950 4.836618
12.523655 5.958111 -0.718947 -9.567332 7.355918 8.796278 7.963065 4.985896
13.156449 1.809517 0.245388 -9.890829 7.097334 8.431496 7.701036 5.095190
2.177649 -12.961601 -0.882383 -9.894578 7.186923 8.803242 7.952783 5.002520
-5.595213 10.857506 9.659037 -6.982526 6.181932 3.177687 11.107224 4.494413
