2.347481 -6.054099 2.090711 -8.696098 -1.371935 3.656981 -2.070537 7.533350
4.531185 -5.870627 11.442127 -13.732390 0.964745 0.780802 -3.367705 2.546537
0.093030 1.737984 13.023848 -16.991559 -4.094369 3.309502 1.040597 13.655669
18.756524 0.620431 12.730801 -8.104892 -7.360632 1.911336 -4.916020 6.747813
-6.375546 4.075876 4.221434 -14.908625 -1.889224 1.016776 -3.778720 6.510929
21.297519 8.231884 9.096603 -8.432711 -3.038272 1.952370 -3.437770 6.844686
-0.330178 -1.603251 3.771485 -5.578570 5.508090 1.540683 -3.675851 6.532901
18.041620 -2.940103 6.790756 -9.022265 -4.082680 2.041763 -3.425911 6.627862
-4.368416 3.335619 8.925759 -1.881620 2.559350 1.001904 -1.620550 5.615658
12.384175 11.933843 6.501608 2.009249 -4.422758 -3.732724 -3.145820 8.488173
21.400392 5.049533 8.655244 -8.989835 -3.377099 1.336653 -3.617988 6.654459
2.652879 8.187977 8.505265 -19.872382 5.528516 -1.347508 -2.120663 8.011240
-8.300311 7.362968 7.689905 -8.081672 -2.850793 1.520969 -3.726435 6.434039
-7.447770 2.737404 8.542556 -7.068394 -5.572704 1.582086 -2.016108 7.914959
10.031034 18.904436 2.586036 -6.962695 -0.837065 -1.134800 -5.528612 8.380711
17.970530 9.182427 14.360579 -12.931447 1.717235 0.981349 -4.999880 4.588713
-0.273298 3.029319 -4.213791 -11.201045 -4.072590 -0.963906 -4.644758 7.649472
3.055460 20.842561 6.691653 -9.655274 -4.231599 1.339502 -3.596263 6.659588
3.094268 -4.978109 16.103369 -12.407661 -2.596811 3.586817 -2.391753 6.088470
0.822206 -6.623350 12.508158 -10.159213 -3.377577 1.345924 -3.610163 6.669482
21.223145 6.549797 7.462487 -11.816253 -3.526782 1.415248 -3.609510 6.670142
-8.089452 9.257214 9.002212 -9.307673 -3.584569 1.379182 -3.443298 6.336738
15.431157 1.735457 -2.231280 -5.653170 -4.576765 1.486581 -3.615756 6.686162
9.274865 17.965999 13.328409 -12.663696 3.220368 1.125766 -3.595275 6.348542
-3.323260 2.058999 3.971821 0.179904 -4.198264 0.852709 -3.339606 6.168129
-7.491537 11.096831 6.527914 -8.092619 -3.170480 0.849600 -3.448113 6.364957
-5.396735 15.026732 7.798188 -6.891418 -4.364010 0.985287 -3.472306 6.766549
14.648899 14.649796 10.349695 -16.502614 -5.828212 -3.690685 -3.699772 6.713349
19.080773 10.655664 1.240266 -9.047241 -3.256303 1.378406 -3.591104 6.662381
21.184164 7.491964 7.360594 -10.781683 -1.874130 1.032953 -4.143476 5.387385
-8.379176 6.119858 8.053750 -9.008193 -3.569753 1.222902 -3.931979 6.878416
