18.240098 -9.414497 -0.611038 -6.191049 5.326930 1.785027 3.110447 8.885539
18.235464 -9.360089 -1.189769 -6.011354 5.352333 1.768725 2.977387 8.873355
-8.358935 -18.871152 1.479225 -6.586047 2.417823 1.058884 3.350852 9.633691
16.144479 -15.161555 -5.694998 -6.319799 5.437900 1.767128 2.977573 8.872372
-6.502904 -13.162652 -11.710584 -9.427155 5.292067 0.528528 2.147011 9.276312
7.227394 -22.648538 4.928204 -6.412384 6.274112 1.990365 1.814165 8.557424
-7.725968 -18.940060 -6.029738 -6.592892 5.269995 1.773927 2.988053 8.868775
17.978227 -6.634823 0.471905 -5.920407 5.343109 1.810135 2.975590 8.852894
-2.297420 -23.370724 -0.163565 -8.823238 5.272669 1.989073 3.162665 8.867813
-1.461021 5.565591 -0.781981 -6.238050 5.529387 1.577378 2.974438 8.873043
-8.650567 -6.164336 7.338840 -3.929993 2.902298 5.608789 4.173221 8.688776
3.039909 -21.843053 -9.444536 -6.405051 5.344100 1.577940 3.009788 9.011961
10.334503 -12.883516 0.063277 -10.454320 17.524513 1.778123 3.047596 8.910369
-4.814699 2.147637 -4.064497 -0.313919 6.079359 2.938112 2.666586 9.597451
-10.923811 -3.642883 -4.508617 -6.632899 6.153797 1.951114 3.079159 8.880756
-12.209238 -8.792919 -1.632623 -3.814634 6.321354 2.129502 2.890940 8.736644
-12.156265 -11.993341 -1.983222 -6.564716 5.329775 1.759255 2.978035 8.873372
18.170754 -8.101949 -0.890772 -7.318336 5.331756 1.778832 2.965782 8.850890
14.644819 -12.949143 -8.482027 -9.315287 1.600321 2.543435 3.010667 8.561526
-9.205619 -2.458052 4.660619 -2.452403 5.115866 1.683621 3.001644 8.253037
16.461327 -15.642041 1.819847 -4.624100 5.171199 1.621764 3.030111 8.984234
0.696520 5.205335 -1.346763 -11.141169 6.050041 1.887857 2.766397 8.801048
4.928444 -14.286048 7.396739 -7.593442 2.421146 -3.410491 -1.908322 0.076754
-12.387584 -10.722130 -0.711649 -5.999712 5.267509 1.718565 3.017365 8.897132
13.964905 -19.631484 -0.477397 -7.476389 3.967864 1.774449 2.968510 8.904004
12.288762 -15.894450 -9.764575 -10.906765 5.319994 1.734671 2.972940 8.853532
14.608424 -11.343043 -10.447234 -6.583133 5.887251 1.580819 3.003004 8.846713
0.784355 -11.195193 13.863750 -9.657479 4.470394 2.249391 2.903673 8.795517
9.692035 -20.960271 -7.818284 -5.421796 4.992808 1.520935 2.881630 8.833779
18.170109 -8.846810 -1.922504 -5.331032 5.343918 1.857679 3.028839 8.808402
-12.415962 -10.403916 -1.059419 -6.072752 5.301104 1.745071 2.979886 8.858250
