-15.537108 -15.657126 -7.659838 -5.392282 9.078073 -0.409802 -7.056507 -8.424882
-18.754206 -5.011806 -14.249941 -2.121299 7.976975 -0.805618 -6.862292 -7.836937
9.785158 -6.727494 -9.768054 -2.084220 6.840485 -1.276763 -6.499691 -7.945812
-18.167569 -12.890900 -9.202490 -2.066535 7.155243 -1.166520 -6.611780 -7.977293
-10.785775 1.485074 -20.339427 -1.422159 7.068911 -1.105891 -6.618594 -7.982465
-18.124128 0.343789 -9.948343 -2.342763 7.239981 -1.023641 -6.722674 -7.846843
0.139214 4.601953 -5.406971 5.491125 8.139185 -1.131125 -6.482271 -8.312281
4.347009 5.107451 -8.330302 -2.127032 7.193874 -0.773373 -6.444409 -8.584451
-15.334534 -16.797016 -9.162839 -2.032455 7.174948 -1.131915 -6.607299 -7.976517
0.241963 4.993005 -3.023810 -6.278874 9.758116 -1.129102 -6.567598 -7.962714
-6.640859 -12.243261 -22.301499 -3.613664 6.341051 1.003667 -5.451952 -7.286821
9.798458 -6.680712 -9.322157 -2.101169 7.055077 -1.137039 -6.657037 -8.017471
-11.140740 4.059826 -2.150618 -0.066786 6.479973 1.222891 -7.784639 -4.663023
-19.719998 -6.367876 -9.460848 -1.878562 7.097028 -1.016729 -6.565380 -7.856699
-17.937485 -0.207577 -5.706640 -2.146361 7.022240 -1.075641 -6.647045 -7.989090
-1.344260 -18.649181 -8.932577 -4.463073 0.729313 0.715792 -7.238371 -6.439445
7.401814 -1.600584 -4.334252 -4.607658 10.500471 -2.077837 -6.567187 -8.049998
-18.305468 -1.003457 -8.282714 0.380718 6.737182 -3.264785 -7.032354 -8.229292
-19.710951 -5.820778 -9.211033 -2.115071 6.829218 -0.821350 -6.621099 -7.896468
9.669314 -8.027446 -8.305076 -2.037584 7.063735 -1.085712 -6.364955 -7.907080
-19.385077 -3.188950 -9.706666 -2.182718 7.245131 -1.077989 -6.648555 -7.943701
-18.631049 -11.560645 -9.340738 -3.571941 6.800216 -0.130203 -6.628074 -7.832092
-1.965673 -1.864202 2.636180 4.393939 9.240661 -2.216856 -7.093965 -7.456111
-5.996108 -20.825644 -11.421184 -1.128246 7.345720 -1.103091 -6.625316 -7.965251
6.397500 0.920645 -14.714385 -0.861947 8.934494 0.262059 -6.349822 -8.276498
-1.285244 -2.378428 -4.985283 4.378337 18.422104 -0.812993 -7.037559 -7.390220
1.314572 -10.814430 -0.234447 6.631287 6.220756 -0.724512 -6.283227 -7.595596
-8.581765 3.985991 -3.440546 -9.410901 5.183640 0.731909 -6.156144 -5.856184
-13.151394 -5.187839 -21.377635 -2.475095 7.955665 -0.864858 -6.386783 -9.151836
-0.878956 -4.417464 -11.754262 -4.899730 17.549249 -7.560860 -10.623060 -12.020652
-16.257733 -13.806198 -14.274323 -2.652089 7.865146 -3.872631 -6.508404 -8.287030
