22.261537 2.799055 9.455380 -10.085470 -7.931587 0.696299 7.948744 -6.791585
14.429463 -3.523023 0.047752 -9.595399 -8.921807 -5.028977 4.032551 -11.838826
15.668664 11.389127 7.542161 -16.379051 -10.304083 1.931432 7.038595 -6.352699
12.778712 10.296871 19.924029 -11.018123 -9.086123 1.096205 8.425535 -5.706863
-0.087129 -3.526624 15.632050 -18.677382 -14.339902 0.320319 8.067238 -6.762774
-8.360412 1.206930 9.139722 -9.591095 -7.960959 0.737514 7.992064 -6.837194
-3.315608 12.319470 8.751340 -11.903584 -7.937540 0.670454 7.972229 -6.868382
-8.311914 0.418916 8.776459 -9.976575 -7.183586 0.540511 7.981519 -6.826323
-6.058776 -3.680424 11.888560 -4.564431 -7.147407 2.640771 10.006007 -6.213326
-4.577574 6.334353 13.853225 -16.221487 -4.999458 -0.286852 8.925925 -6.686100
-2.549147 9.689121 5.215632 -14.653318 -5.335904 -1.054039 5.125759 -10.437752
-7.178315 7.068744 8.833020 -9.600794 -7.764900 0.737996 7.946142 -6.862522
15.584285 -11.356214 11.237916 -10.659640 -7.900590 0.792967 7.980266 -6.825323
12.031437 6.647026 5.682044 0.949380 -1.180559 -0.223452 10.092887 -8.984499
-7.549678 3.498617 6.801660 -6.473618 -8.691038 0.922208 6.459923 -6.993107
15.097529 -3.360994 -2.707792 -10.642212 -5.503696 0.436274 8.454835 -6.909687
17.972848 7.648314 3.224261 -12.564276 -7.617967 -2.166026 11.177452 -3.584498
20.907944 -1.870563 3.530783 -9.841802 -7.270363 0.346961 7.866805 -7.021473
-7.510100 2.804115 13.348119 -7.322947 -7.419257 0.973602 7.987711 -6.795527
12.572130 5.353026 21.910495 -5.923894 -11.478457 0.404544 7.850086 -6.557816
-1.489649 -9.677340 11.616548 -9.690413 -13.682515 -1.403915 6.542414 -7.865484
-5.569417 8.669929 5.006526 -7.852033 -8.053914 -0.010142 8.355369 -7.206500
-4.290000 6.338209 11.570925 -2.932435 -12.033697 2.414168 4.919467 -8.336413
19.170855 -5.061978 2.315995 -8.627749 -8.052774 0.631988 7.943491 -6.848647
21.906595 2.959542 7.800150 -8.746029 -5.232366 0.574219 7.619642 -6.978125
17.490081 -1.411115 17.238378 -7.338171 -1.371604 -1.308368 9.444447 -7.134477
-8.019896 3.080984 6.701787 -9.075000 -7.762195 0.693234 7.980366 -6.826945
19.884300 2.425556 15.646337 -5.288880 -8.750569 3.112847 6.752379 -6.980356
-3.609662 -3.768011 -0.539681 -9.274733 -9.006084 1.666873 7.873756 -5.655646
-5.044659 10.707222 9.114029 -9.635622 -7.915800 0.686148 7.979948 -6.827788
8.889787 -8.244768 0.909595 -17.459911 -4.599210 0.693630 9.061872 -7.771687
-0.740975 13.063685 4.225074 -11.362683 -9.723267 -0.803321 7.626273 -7.938382
