-0.748058 -15.421198 3.435837 17.480936 0.266196 3.432387 7.142063 -4.688842
12.745351 -16.263979 7.876377 9.954065 4.506342 3.149184 7.316934 -4.889863
17.655278 -6.486223 6.683784 7.426454 5.146566 3.228980 7.001049 -4.920131
-9.818761 -10.966194 6.547991 8.402660 1.615821 1.188949 7.411424 -4.779092
13.702923 -1.194389 6.881416 4.842270 12.453869 4.404163 5.534557 -4.442905
3.394773 -19.333539 2.889530 8.026052 4.465592 3.338205 7.148489 -4.684485
-8.434037 1.251827 1.719519 5.683903 4.690606 3.304182 6.924416 -4.699915
-6.197505 -7.403294 17.460630 10.177136 2.868918 1.736518 7.849219 -3.799027
4.681983 5.522794 -3.123406 9.156870 4.396997 3.276437 7.148718 -4.696860
12.320031 4.488725 6.654052 15.284675 4.432124 3.581091 6.574055 -4.944546
-11.440907 -5.986544 6.201394 9.103551 4.795222 3.072784 7.330145 -4.802831
-9.109371 -13.141476 6.635329 9.353671 4.552106 2.384598 6.473199 -4.941993
8.244186 -5.752286 -0.065213 20.884277 6.644405 4.907320 6.892232 -4.410258
0.954846 8.041008 11.029209 6.112439 3.913217 2.446164 9.202759 -4.396645
7.119495 8.316864 6.919917 13.188933 4.232724 2.859389 7.163872 -4.672920
-11.311596 -3.997368 8.529817 9.165625 4.441645 3.220781 7.128147 -4.852438
16.958433 -0.671955 6.849363 7.291919 5.098305 3.432791 7.121563 -4.635770
17.843549 -5.102273 6.684470 9.263126 4.411309 3.275171 7.139391 -4.697650
17.586550 -6.746962 9.002655 9.237890 4.362041 3.297559 7.155566 -4.670585
-10.271274 -9.499116 8.468303 11.972242 6.415414 3.510464 6.017969 -4.640055
6.852804 -19.206679 9.045137 10.216082 4.398768 3.277595 7.184699 -4.643808
-3.376487 -13.601011 9.334008 1.599461 7.510590 1.613208 10.722206 -8.073285
11.601903 5.268241 2.569388 5.216884 4.514253 3.518376 7.274639 -4.370575
10.721703 5.347756 8.743060 15.292441 2.233130 2.789505 6.746971 -5.256617
14.961914 1.964793 8.664961 12.461923 7.082406 5.024580 6.786914 -4.783476
-9.468187 -12.268306 8.302930 10.685133 3.600683 3.634989 6.969888 -4.945207
-0.269321 1.828394 10.208818 6.767439 6.262709 -6.694162 2.611818 -8.045170
0.009213 1.576157 13.935609 17.689623 10.355542 3.202484 7.151675 -4.787926
3.543508 4.284313 0.112658 2.635903 3.324765 2.384212 3.018078 -0.488483
-3.333368 2.665707 12.909748 12.186511 11.242600 0.765858 10.268312 -5.429369
17.754412 -3.834151 6.128500 9.777379 4.543257 3.160251 7.197253 -4.694569
12.683099 -15.499667 4.355037 12.439213 4.576954 1.630368 8.009054 -5.068709
