-11.581132 -7.196318 -9.368670 -0.313355 8.469124 5.051990 -2.340162 -2.632301
-5.639939 -17.942485 -0.650490 2.615340 7.173675 7.782106 -3.708915 -1.657641
13.602892 -6.488909 3.394096 2.723937 11.707518 5.937419 -2.777135 -2.445604
1.882685 6.695782 -7.474625 0.548482 9.678781 5.234704 -2.577993 -2.442058
-7.296854 -19.219126 -10.682313 1.292873 9.273800 5.415210 -2.701499 -2.534620
17.902616 -9.336631 -4.292899 4.687813 11.072822 6.814269 -0.703340 -1.649476
-11.802195 -9.452611 -7.478394 3.421652 9.175911 5.619273 -3.097238 -2.310269
18.937977 -8.362079 -7.761164 1.816783 9.622416 5.141315 -2.699054 -2.527337
18.766917 -8.230887 -9.798083 0.690137 9.586172 5.118074 -2.829432 -2.510587
1.992422 -21.255477 -10.110112 1.974048 16.419220 9.758386 -4.586532 -2.195511
-11.281027 -11.639339 -10.549742 3.347188 8.888139 5.511804 -2.835794 -2.601330
-11.637073 -11.555566 -8.216717 1.793548 9.877286 5.023312 -2.767238 -2.441165
-9.414231 -12.274463 -6.452895 8.593718 7.668800 5.879641 -2.571195 -0.030093
14.700516 -12.548838 -0.209985 -1.924439 8.164065 9.803648 -2.812517 -1.838597
-5.650195 -2.502714 2.787114 3.128846 8.263079 5.099410 -3.634447 -2.416765
17.070660 -13.750392 -6.229422 0.958829 6.926556 8.890943 -3.385471 -1.033492
16.646337 -4.741820 -14.187733 2.322347 12.324972 6.813076 -3.286318 -2.732931
-9.701383 -12.249208 -14.932925 1.705197 9.286118 4.944096 -2.722142 -2.568959
9.996422 -20.230672 -5.234709 9.171641 9.561360 5.701438 -2.783027 -2.413317
-9.773261 -16.446810 -7.639989 1.795312 10.095503 5.043690 -2.657905 -2.520105
-0.423117 -9.020008 2.475487 10.844521 15.081423 5.793210 -1.240922 -4.269444
18.348034 -5.173788 -5.622867 2.814521 9.111547 5.401797 -2.824070 -2.384315
-7.820954 -9.780255 -5.224217 6.353554 18.465627 6.130679 -1.493144 -3.671183
-10.603917 -5.321405 -5.606966 6.699700 9.474623 5.210086 -2.838032 -2.445204
-10.184039 -3.548729 -11.248815 0.723861 9.135550 6.105122 -4.158459 -5.505320
-6.732364 -4.642147 -12.140428 11.663389 11.284611 5.743074 -2.567945 -1.992090
1.531984 -0.045995 -14.699100 12.115216 10.202443 7.051892 -4.998531 -2.810783
-8.363365 0.064190 -6.742201 -0.628763 11.252517 1.728113 -2.806617 -3.511774
-10.742846 -7.674312 -13.046088 -0.580563 8.489230 5.081620 -2.792806 -2.475476
1.927530 -13.029076 -20.776802 7.339811 6.915958 2.648945 -4.995860 -2.871082
-3.624296 -18.412055 -13.180686 9.735942 9.874523 5.313209 -3.383035 -2.383106
-11.927479 -8.609371 -8.004610 1.875465 9.799350 4.931125 -2.912196 -2.392591
