-7.196375 0.578766 -5.815081 4.434458 4.060679 8.413995 1.467798 -2.962449
-16.540623 -16.634753 7.922587 6.124022 3.231365 8.264240 2.120959 -2.933683
-7.457424 6.744110 15.536216 0.525540 2.585610 9.198936 1.649602 -1.508307
-7.370911 -17.684550 2.506402 6.450543 2.756428 8.099248 2.185762 -2.883658
-13.608982 -11.315411 -3.515871 7.637926 2.299969 7.565608 4.987537 -3.011371
-10.151259 -16.765777 4.153506 4.454916 1.523454 8.066732 8.089145 -4.015236
5.465188 -5.415778 9.188494 5.474883 3.573561 7.604316 1.964575 -2.976148
-2.168014 8.175837 8.000355 3.561156 6.061417 8.258686 2.166374 -2.882042
-21.532989 2.990346 8.622891 4.815053 2.793095 8.344427 2.769853 -2.764467
-14.614923 0.070464 10.668556 15.303948 -0.147532 9.212869 6.135194 2.641813
5.605723 -4.444175 7.759076 5.188267 3.041012 8.264535 2.191889 -2.936037
-11.218903 8.668416 6.687878 0.700792 4.985955 4.898031 2.058812 -3.955750
0.994787 -14.820233 8.484653 5.980642 3.063360 8.448214 2.266139 -2.973488
2.364194 3.389802 4.373557 9.421283 3.450455 8.616089 2.154957 -2.885940
-17.155893 -8.412942 10.975107 3.271573 11.498550 14.383551 2.946377 -5.020816
-8.362400 -18.701965 8.237890 6.877713 3.307427 8.285599 2.133226 -2.904332
0.436674 -0.302863 -1.721661 9.463629 3.078122 6.267386 2.076104 -3.022787
5.160549 -3.862185 9.498900 4.215575 0.393913 7.991042 1.880871 -2.711292
-16.250851 -8.492521 16.558326 -1.497713 2.133984 5.828869 2.966542 -0.739350
-8.224802 1.708747 17.884889 -1.470303 7.233469 9.821250 -0.001373 -3.403197
-2.212758 4.271569 11.922497 -1.829694 7.495070 7.220920 1.626961 -1.494542
5.432209 -2.027930 7.262286 6.003948 3.382438 8.337364 2.172153 -2.921345
5.172200 -3.175093 5.277336 3.824593 4.244112 8.574389 2.966235 -3.680106
-21.837707 0.613996 10.928819 6.843707 4.706530 11.196433 1.665785 -2.897737
-21.872776 0.751226 3.282604 4.784605 3.482786 8.313187 2.146560 -2.910150
-18.458638 2.235180 -0.458802 6.234887 4.609671 5.566772 3.309467 -1.626113
-23.322829 -6.583051 7.675727 5.464094 3.176214 8.328546 2.146208 -2.912174
-18.949282 -12.506792 1.152527 6.023300 3.233886 8.339930 2.148363 -2.906077
3.615038 1.993305 3.823186 5.199126 3.657043 8.341213 2.172920 -2.885679
-13.760313 1.508196 13.336075 14.430251 -0.365285 9.150528 4.586380 2.321503
-12.930226 9.673734 7.827648 5.627422 1.617657 8.908416 1.902319 -2.163872
