21.262310 -5.793082 -1.018033 -1.320430 8.644054 -3.450744 9.393453 6.245652
21.626533 6.303079 -2.299682 -1.294697 8.492530 -3.886166 9.310247 6.225012
-6.195529 -0.318748 -1.297125 -1.464062 8.350469 -3.450812 9.393756 6.243874
12.123529 12.128902 2.519986 1.052663 13.397184 -8.162341 7.852880 6.788275
4.729723 -2.315247 -13.598257 -5.114431 5.010014 -2.545904 10.998948 7.345324
8.198845 -13.717073 -2.271155 -0.684829 8.014896 -3.505932 9.198551 6.558616
-5.842527 0.056487 0.327881 1.659065 8.710515 -3.490774 9.392313 6.246547
8.053313 -5.119290 -9.553535 -3.362849 14.463157 -1.741146 1.690621 8.367403
0.110978 4.710114 5.143522 6.801129 8.365402 1.064017 10.022329 7.858318
6.422163 -13.277288 -3.973390 -1.471417 7.101410 -2.759231 9.192118 6.564508
16.317450 -11.199561 -3.109120 -1.100055 8.568893 -3.575730 9.391972 6.257681
22.534413 -0.189945 -1.441483 -3.668816 9.711364 -2.984190 9.371270 6.352301
10.404672 11.157735 -3.821957 -8.443483 2.524815 -2.676833 9.860961 7.279578
1.852498 11.709262 -6.214490 2.905051 6.584165 -3.668743 9.568187 6.621625
15.155900 -10.396848 1.164634 4.490903 9.224466 -3.052130 9.965696 5.665323
18.695735 -9.296893 0.370963 -1.439975 8.630317 -3.473503 9.452996 6.243472
1.135939 -0.889057 5.196589 -3.303269 8.875333 -1.887313 -0.688411 3.105545
-1.660814 -8.539467 -4.406727 -5.200354 8.941453 -3.416169 9.315023 6.162336
5.838676 -12.933705 1.184231 -4.538218 9.001351 -4.617683 8.291395 5.675810
16.600583 10.828440 -4.397908 2.131903 8.065018 -3.472109 12.497211 8.812979
14.774210 1.288933 6.855991 6.946838 5.546960 -6.389474 12.587993 3.296899
9.437575 14.896116 -0.866556 -4.047262 9.711218 -3.319609 9.578873 6.033992
12.311888 13.588901 -4.615452 -3.869123 10.526853 -1.814819 7.645765 7.157817
11.792832 -1.685189 -14.326251 -0.621587 9.647653 -6.367310 8.241011 8.648547
-3.032720 2.019498 -5.142652 -1.564078 9.069031 -8.590580 11.986244 0.657782
19.839050 -8.072399 -1.219791 -1.350979 8.617589 -3.460651 9.392237 6.258090
15.816944 -11.415535 1.253503 -1.579919 9.783025 -3.647754 9.447905 6.269287
9.122929 -13.284651 -4.248153 0.644400 8.565936 -3.424248 9.317713 6.230922
22.342804 3.657122 0.899003 -0.508069 8.411019 -3.446296 9.359294 6.367663
5.102839 -13.104578 -0.202525 -3.133218 10.922194 -3.824071 9.272276 6.716388
-0.718370 9.099905 1.038157 -7.297310 7.734732 0.748009 10.119621 7.021572
20.024583 3.575607 -0.754494 -6.558226 12.551961 -0.455631 5.795262 6.749432
