-3.238989 -10.202830 -1.779036 3.318255 1.777347 -3.553659 -0.014818 2.742317
18.152031 3.757490 -2.962510 4.822535 2.460098 -3.279648 -0.126198 3.331160
-2.341926 -10.673569 -2.310038 3.413556 2.213923 -3.520552 -0.049635 2.679947
-1.477221 -6.070173 4.371567 -4.828572 0.820520 -4.280906 -0.058340 2.672629
-0.532564 -2.376622 -13.537678 8.762770 5.062331 -4.213820 0.249802 2.857813
18.295041 1.589023 -2.496408 3.456080 2.320526 -3.386832 -0.182160 2.438317
-9.241039 -3.941691 -2.172161 3.303918 2.366695 -3.527588 -0.058845 2.689691
16.078113 8.277350 -1.085018 -0.338740 1.385818 -6.189471 2.235607 3.080842
0.737318 -11.014984 -5.487395 0.596279 1.504268 -3.670163 -0.084018 2.523543
-6.082420 8.687229 6.596331 3.450497 2.435210 -3.671718 -0.009993 2.777295
5.713123 14.358748 -9.903562 5.283837 2.338245 -2.046578 -0.030496 2.338144
-7.412274 4.085044 -4.782427 -5.440705 2.536800 -2.728405 0.165791 2.459122
-1.838994 -7.944369 -3.562773 3.913787 -5.850085 -3.043390 -0.130637 2.677297
18.322716 3.070389 -2.136508 3.178820 2.316038 -3.510536 0.081074 2.728798
13.232197 10.569255 -9.555510 3.155711 3.692876 -3.210941 0.035556 2.625286
-3.905995 -7.945348 -6.818929 5.122089 4.626816 -7.025861 -0.164853 2.587576
-6.432061 10.008167 -6.678967 -0.639976 5.932231 -4.405180 -0.168365 1.569480
-6.471254 -6.744256 -3.027578 -1.106169 2.052584 -2.899771 0.130474 2.270259
13.351507 11.845079 -7.791079 3.592753 2.758989 -3.369476 0.341211 3.047364
-3.218142 4.709446 -3.622854 -7.862163 -1.458434 -1.858135 -0.570408 -1.044381
7.075090 16.401408 -4.035726 3.468783 4.257877 -2.953333 -0.053536 2.701905
-6.684865 5.405721 -4.789174 8.247965 9.418084 -1.829660 2.689986 3.721998
16.617614 -2.027130 -6.076330 1.831366 5.317086 -3.581495 -0.050754 2.684545
-6.578167 8.691004 -9.502407 6.033339 3.930418 -3.376956 -0.771029 2.196488
-5.230845 3.721379 -7.728925 12.833977 0.140332 -3.691335 -0.189452 2.667716
-2.301926 1.000827 1.191766 7.373855 14.124663 -2.334382 0.381700 0.563417
-9.976517 -1.541958 -0.270998 3.810599 1.745496 -3.190146 1.000999 3.117045
-1.268207 -10.754403 -0.137027 1.484211 3.373428 -4.880269 -0.077261 3.160154
-8.318080 9.194316 -3.680915 3.848246 -0.481262 -1.158900 1.267113 3.975861
-3.999624 -7.392291 -0.252715 -3.772546 2.430798 -3.388180 0.043082 2.618760
13.630130 6.727075 -8.753931 5.761549 -1.189484 -7.967356 3.265141 4.446968
