-13.418013 -3.311450 -0.353163 -3.580084 0.925527 6.260912 -6.511870 6.891021
-10.974818 11.613535 -2.994441 5.171996 3.787461 -3.536587 -5.017617 9.004629
6.843259 -2.151733 -4.005118 4.743476 3.767651 -3.573423 -4.825368 9.457741
-15.328772 9.413733 -6.739635 6.376939 5.027976 -3.825544 -4.709031 9.757625
-19.102496 2.230444 3.056714 7.005095 7.451557 -5.101670 -4.417622 10.034071
-1.774403 -3.880715 0.956772 -0.260791 9.997469 4.642776 -8.157182 5.100807
2.574348 -13.256693 -4.083158 4.174930 3.881313 -3.614327 -4.867408 9.478420
0.657455 -7.831313 -7.883507 3.421818 0.820925 -6.159127 4.226000 7.208268
-16.655141 -7.064091 -4.656118 5.840549 -6.475309 -3.301746 -1.171936 11.601130
-21.854339 -7.262509 -5.608099 5.255891 4.490671 -4.333674 -3.861872 9.117626
6.739922 -3.501133 -3.334011 2.780677 3.433667 -3.929940 -5.080758 8.948405
6.204863 -6.393727 -6.258463 4.079875 3.747610 -3.567162 -4.800294 9.413871
-4.880384 11.011348 -6.692012 1.321577 3.739268 -3.575358 -4.821228 9.463804
-22.453225 0.155659 -3.694772 4.336416 3.842790 -3.712811 -4.823680 9.458257
-2.943377 8.156594 -8.948263 8.390423 3.816051 -9.046962 -5.316033 9.815226
-11.785178 7.465850 6.181699 4.073339 3.649121 -3.662749 -4.656887 8.992763
6.859106 -3.181699 -4.020918 4.355787 3.725989 -3.595535 -4.816809 9.477336
-22.534066 -1.970303 -6.054076 4.402824 4.087237 -3.329383 -5.310459 9.691193
-8.539005 -6.879243 9.255680 -1.046194 2.823865 -4.262541 -2.997638 9.263075
6.776922 -1.751495 -3.532110 4.393836 4.798685 -3.375410 -5.071594 8.978531
-1.412280 -3.100821 5.245050 -1.435995 9.147376 2.149894 -4.964502 10.018690
-22.592613 -2.210958 -5.845397 4.186145 3.758597 -3.585589 -4.825602 9.457092
-22.512016 -0.195321 -4.245164 4.399274 3.704919 -3.733227 -4.862405 9.450133
-1.864355 -2.244934 -6.552107 -8.354698 3.101478 -2.862354 -4.028275 6.274952
-6.170427 -9.332739 -12.158811 -0.184366 -4.724918 -3.112483 -7.816801 8.494037
-11.873951 8.012757 0.145876 12.561229 5.850014 -3.693499 -4.642203 9.256688
-22.743542 -2.677558 -3.437300 4.974141 3.596683 -3.629024 -4.774307 9.419835
-22.500263 -0.184293 -4.010584 5.082820 3.650702 -3.525154 -4.808191 9.453268
-14.386217 3.704814 -9.719437 8.276559 2.514174 -0.196809 -11.874961 14.079517
6.673447 -3.552153 -1.650663 5.032108 4.022514 -3.267321 -4.318998 9.576217
5.764517 2.765938 -3.826808 4.367532 3.764888 -3.583857 -4.787105 9.463513
