-6.581519 18.877148 5.830487 -7.830465 -8.491853 -1.876177 6.781885 -7.778111
-1.680162 -7.838317 -6.016231 -8.868647 -11.743051 -2.035377 6.400803 -7.478619
11.300890 4.095088 -1.998792 -7.721522 -12.524381 -2.509101 6.599449 -7.988921
3.558941 -3.879270 0.631204 -2.365674 -10.838199 -2.364135 6.558852 -7.455939
-18.894571 10.482821 -4.222649 -8.203023 -9.917190 -3.052884 6.511353 -7.507588
11.857236 7.815125 -2.973202 -6.615222 -9.691569 -3.672495 5.825452 -7.329984
-17.132376 12.742005 -1.160591 -9.583201 -13.876066 -4.299897 4.866102 -7.311704
-6.123149 -0.643587 -9.206787 -4.022057 1.359755 -2.440771 6.792592 -7.553454
-13.337925 19.719380 -4.110179 -8.648164 -9.526246 -2.389603 6.572071 -7.496860
10.952665 11.527934 -4.400080 -4.565242 -11.058796 -3.259048 7.149793 -7.286444
-14.188247 -1.524839 1.455483 -8.737060 -11.878440 -5.364768 7.062099 -5.631189
-11.190542 15.983499 -13.707090 -12.270367 -13.659467 -2.072568 6.189950 -7.912242
0.720559 2.659275 -16.153711 -6.568242 -4.782550 2.585944 4.128597 -5.700725
9.041582 12.891295 -0.495940 -3.300819 -13.584522 -3.345374 6.910879 -7.241459
-19.194421 7.934448 -4.320505 -8.593634 -9.933838 -2.366816 6.509769 -7.506307
-9.550903 -5.248167 -1.662020 -2.422404 -9.490590 -2.346582 6.867467 -7.393597
-18.411958 12.234823 -3.151158 -8.910199 -9.578599 -2.520379 6.553265 -7.839119
-11.494736 14.275512 6.082961 -13.452333 -11.974727 -2.493339 6.493736 -7.499146
-9.887813 -5.454539 -10.387155 -8.025559 -9.721607 -2.185027 6.661990 -7.665936
-13.252434 5.218285 -8.348924 -6.511371 -17.811511 5.221226 8.672809 -7.746547
12.057301 6.170448 -4.103514 -9.102288 -10.135371 -2.332523 6.400337 -7.450372
4.745081 -2.566795 4.201826 -9.363001 -10.612168 -3.082556 7.144526 -7.187802
-17.144633 -0.013308 -6.097489 -8.545124 -9.207074 -2.439703 6.402872 -7.429281
-18.436998 3.642856 -7.225306 -8.673889 -10.245443 -2.265497 6.581557 -7.507763
4.711279 20.054909 -0.861683 -8.141410 -9.041380 0.122121 6.037351 -7.853072
2.169417 18.996382 -7.291748 -9.164869 -12.099235 5.758581 7.044417 -6.912440
8.182797 17.404043 -1.746762 -7.600712 -8.986553 -1.701440 7.414119 -7.589013
10.159995 14.431045 -3.054083 -9.440853 -10.419595 -2.604149 7.668419 -5.087360
-5.193723 22.230475 -3.155882 -10.455884 -8.564792 -4.443960 5.757504 -3.682023
8.187512 -2.244223 -5.175004 -8.588100 -6.758119 -0.966584 6.635802 -7.577675
10.315233 3.710689 -4.312844 -4.012974 -8.048890 -2.026435 8.710502 -4.505510
