1.738254 -12.736447 -4.885038 -1.148057 0.679613 4.618723 -8.089664 -11.159349
3.919945 9.351333 -14.128336 -8.675545 -5.335421 3.757659 -4.852828 -9.859979
11.404480 -0.753832 -1.866807 -8.567125 -3.910975 4.039146 -5.495437 -8.011591
-12.169409 4.002610 -14.807894 -8.664073 -3.884104 4.179618 -6.009187 -8.139362
-12.291078 3.775369 -12.596534 -13.094470 -4.667854 4.638165 -5.487969 -8.591986
11.965469 -7.964145 -4.615438 -8.925704 -4.049434 4.301092 -5.984118 -8.089811
-14.921489 -4.572760 -6.055478 -8.822846 -2.872236 4.858732 -6.126337 -7.593441
4.605249 -14.252152 -9.912900 -14.387606 -2.754068 7.633196 -7.777040 -6.038337
-10.942391 -8.110519 -4.794553 -1.822904 -4.297747 8.543447 -6.232021 -8.226468
-12.441883 -7.617455 -7.342223 -1.648662 -2.612693 5.075060 -6.963941 -8.971709
-15.270181 -3.361645 -7.283474 -8.069039 -4.011254 4.193676 -5.999569 -8.174919
3.726626 -4.662336 4.502965 -9.546198 -4.379775 4.380882 -6.027841 -8.162186
-9.709991 -2.516358 2.343348 -7.675453 -3.442509 4.320191 -5.867075 -8.106614
2.826824 -10.089352 -21.103107 -10.102518 -3.831842 4.109294 -5.651388 -8.601190
-12.978126 2.515344 -7.367992 -11.876240 -5.746385 7.844137 -7.623332 -8.845640
-4.864509 -6.715395 -20.884838 -14.729446 -2.189794 3.698178 -6.249056 -9.234568
-10.879468 2.610500 -11.330643 -2.455338 -9.189047 1.901084 -7.129783 -6.929403
10.905406 -8.009013 -4.949696 -9.743428 -1.320188 8.667004 -5.758765 -7.883990
8.598920 6.375377 -13.734282 -7.212250 -6.181647 5.193587 -6.535035 -7.910733
6.506119 7.915479 -8.994377 -12.185179 -5.989360 5.917614 -2.268928 -7.668649
-5.706795 -13.702469 -0.486482 -8.394625 -4.143035 4.314188 -6.013638 -7.797022
-12.125636 -4.121539 -18.193287 -8.272303 -4.028846 4.187131 -6.000301 -8.153798
-15.186040 -5.430637 -8.831949 -8.691765 -3.987614 3.753625 -6.460629 -7.784321
-1.404273 -11.521361 -8.466531 -3.682881 -5.994169 1.658339 -1.826919 -17.417646
12.856885 -0.264515 -5.986455 -7.090010 -3.918345 4.218004 -6.065698 -8.109312
-14.142159 2.317111 -6.841192 -7.987748 -3.927173 4.200135 -5.990060 -8.171942
12.822101 -5.433880 -12.639970 -9.504280 -3.553437 4.686445 -7.283762 -7.850896
0.469733 -12.105435 -3.823792 0.676638 -7.424665 4.566858 -5.404686 -8.329371
8.149285 6.252878 -13.842383 -5.899533 -1.116411 4.265602 -4.791882 -8.470671
-10.871524 -9.278173 -14.475275 -15.207806 -3.924380 3.670262 -6.012947 -8.087664
-6.360347 10.300177 -8.686950 -8.280255 -3.518895 4.539595 -5.969535 -8.194052
13.345517 -0.855814 -7.992486 -8.894808 -3.971205 4.431569 -6.077419 -7.960898
