20.931648 13.138217 -1.001029 1.930361 6.702614 7.496389 -7.705268 1.022168
23.572364 1.749032 -3.500410 -0.199131 4.209771 7.040594 -8.012168 1.042433
0.824031 3.313731 -11.719517 5.611006 6.320688 12.007806 -7.429981 0.187730
-5.180374 2.652404 -5.242679 -1.308832 4.129174 6.963981 -7.661092 1.044278
24.050303 6.208659 -3.532303 -1.466426 4.160885 6.977816 -7.688811 1.023116
-5.013358 9.250655 -3.497586 -1.545033 4.633350 6.871228 -7.707173 1.059526
24.016367 4.600452 -4.171601 -0.780290 3.661989 6.758692 -7.276043 0.820832
1.285180 17.261971 -7.370356 -2.030139 4.092738 6.847389 -7.740856 1.146867
-3.837817 7.390764 2.587917 0.789487 3.278379 6.840152 -7.682965 1.323714
-5.472283 6.024453 -4.740666 -1.479899 4.324699 6.952845 -7.581723 0.968003
4.140252 -8.474869 -3.370424 -1.201930 4.173665 6.951067 -7.643377 1.075412
24.073498 5.408034 -3.494699 -1.218932 4.223260 7.001744 -7.623468 1.060196
18.830697 -4.408701 -7.667792 -5.019790 4.792880 6.585159 -7.638583 1.112124
21.727789 5.453790 -9.504157 -6.623854 4.231355 6.884784 -7.656407 1.366280
22.846285 -0.452430 -3.224843 -1.675758 3.806770 7.069327 -7.656319 1.038689
16.086989 14.661914 2.130672 -8.500536 5.141803 6.979845 -8.246038 1.344315
-3.538579 9.323439 1.723431 -1.659820 5.244035 4.544422 -7.207912 3.032689
-0.296632 11.427669 -8.236028 -7.630761 -0.509479 5.278302 -9.672338 0.865854
4.320793 2.702228 -4.064235 11.759989 6.858572 7.864192 -4.797185 -0.392850
24.047291 5.663838 -4.006929 -1.979732 4.274879 6.974958 -7.661525 1.057313
22.956294 11.050277 -3.639678 -1.199035 4.125202 7.041067 -7.625631 1.023029
21.867415 5.958405 -2.016897 -6.992749 8.167329 4.289393 -7.458143 2.217966
22.412275 -0.767894 -0.923118 -0.268535 3.915126 7.187211 -7.813742 1.213326
-4.470448 1.736541 -5.339489 -0.514752 6.673188 4.449427 -7.955242 1.850772
3.981969 -6.536174 2.097199 -5.145297 4.182291 7.728328 -7.971051 1.009550
14.499990 4.426421 0.553138 -7.168497 -6.969902 10.104347 -5.831555 1.930544
11.792406 10.068372 -17.344316 0.259511 3.934675 6.954651 -7.659720 1.057687
14.463584 6.443107 9.726180 -4.888598 4.159885 6.906101 -7.734562 1.000664
6.962296 7.137368 -15.145117 -9.512849 3.587298 9.201092 -7.722053 -0.887734
-1.730780 1.315045 -0.041073 3.507943 10.056574 5.659591 -6.491675 -1.867781
-4.237697 11.189265 -1.882603 -1.718900 4.118937 7.088745 -7.613685 1.123042
23.072347 9.121913 0.242921 -1.351312 4.026781 6.950081 -7.617829 0.938796
