1.236380 -4.571925 19.323990 1.824579 5.597255 -9.934169 -9.498954 -3.161139
-6.395555 10.135477 11.520237 1.955393 3.440934 -8.704964 -9.530449 -3.278634
-17.126118 -9.907664 3.719681 4.660766 7.919692 -6.326103 -9.000171 -4.447911
-12.559400 -13.032127 12.795140 -1.433933 7.349458 -11.519490 -8.470477 -1.864596
9.732446 -6.104882 5.217760 2.978380 4.934715 -9.731634 -9.534286 -3.025719
5.400868 -11.552982 7.335608 -0.233828 7.828914 -9.999460 -14.971051 -5.185597
-17.362913 0.828950 -1.191858 0.878463 4.534017 -9.655700 -9.540440 -3.043126
5.035987 -2.314153 16.836324 1.625675 4.928808 -9.642215 -9.426436 -3.072277
-7.773051 -13.181941 -3.892196 4.655688 1.990236 -13.187625 -9.656507 -3.466479
-7.946764 -13.363603 -3.349869 7.601502 4.440821 -9.619269 -7.817763 -3.057926
-18.725892 -9.013568 4.304139 2.604613 4.999583 -9.797363 -9.550708 -2.986147
0.890004 8.737100 -0.465019 1.665083 4.908158 -10.753486 -9.811118 -3.084418
8.373563 -4.813813 6.971226 7.008379 5.265248 -11.637194 -13.399167 -2.203355
-6.712577 -4.466117 20.101425 3.711827 3.662166 -7.695003 -11.792685 -2.048186
8.645880 -4.385089 11.261756 4.844208 5.774332 -9.669093 -9.563342 -2.996354
-19.792230 -4.825567 4.947560 1.821883 4.957285 -9.727946 -9.565279 -3.028602
-18.838709 1.248206 3.945573 0.172497 4.222886 -9.611441 -9.487777 -3.115503
9.131167 0.588286 3.737186 2.862170 2.934731 -9.485469 -9.573806 -2.728827
-2.029600 -16.281974 1.122807 1.625406 0.748291 -6.864000 -11.002761 -3.669923
-14.396165 -10.922790 -1.980557 -1.877511 5.018428 -10.469449 -8.836645 -2.389147
2.403711 8.189059 11.465986 2.558266 4.205306 -10.061018 -10.232855 -3.258786
-0.882560 1.058923 -5.775754 -5.065506 4.609994 -9.617424 -9.939184 -2.936774
10.001367 -3.478895 5.789783 2.173227 4.940885 -9.726256 -9.533672 -3.025423
0.284123 2.179212 -6.401428 6.055315 5.115191 -9.550676 -9.179547 -3.606371
-5.289552 -17.993949 5.647376 1.243283 3.164680 -12.533279 -9.611295 -2.907396
2.523916 -10.303595 7.629851 10.904424 4.984171 -9.916472 -3.242930 -4.234601
-15.891166 -12.265135 10.859085 2.005457 5.202924 -9.781997 -9.510785 -3.079955
9.084938 -1.945851 1.020451 1.555826 5.731277 -10.453580 -9.595065 -2.999238
-10.222980 2.202567 -6.944214 1.851745 5.980736 -9.869085 -9.543601 -2.949571
-17.969923 -10.550124 4.450496 1.207147 4.611690 -10.013045 -9.645269 -2.457669
-9.218344 6.618431 -4.118720 1.353162 6.310069 -9.890092 -8.783918 -1.568509
