-5.155969 8.491343 -6.961158 1.378076 -5.619305 -8.973986 -6.854406 -0.814233
9.816780 6.791208 -6.444605 8.414061 -3.177358 -2.116003 1.371918 -8.819268
-19.477217 10.847655 -4.450250 7.069899 -3.425308 -2.100709 1.539314 -8.955046
3.608870 16.830674 0.777492 1.791528 -0.658812 -6.580216 1.274038 -8.510120
0.252466 -0.723263 -11.829554 -0.806960 -4.983248 -1.686989 1.085299 -8.661668
-1.888507 -3.926359 -0.259198 4.642361 -8.904987 -0.391289 1.673343 -9.399027
-17.709089 2.324945 -8.134003 4.895360 -3.330127 -2.695900 1.469195 -8.639364
-7.446285 21.040137 1.748148 9.445315 -1.925880 -4.708851 2.126272 -9.147081
-14.213362 19.420576 -1.133938 7.959864 -3.770996 -2.022930 1.474927 -8.999607
8.610767 5.637540 -10.462649 5.664926 -3.143934 -2.223421 1.500428 -9.173525
1.749190 -1.763047 -10.998069 12.508752 -3.566295 -1.599753 1.460737 -9.366857
-1.490076 -5.963556 -4.646205 6.776918 -3.466031 -2.110053 1.495807 -8.980257
0.973018 8.958734 0.605919 -5.861131 -4.034068 -2.640265 1.316904 -8.996192
10.004252 8.701858 -4.824607 8.261383 -3.110500 -1.256126 1.690233 -9.377254
-14.920013 -2.252408 -3.551277 6.798959 -4.057206 -1.983778 1.509520 -8.977723
-14.494193 0.281182 -2.291481 -0.487893 -3.264084 -2.308229 1.511323 -9.069590
-4.419250 10.627852 9.902365 8.424858 -3.691831 -2.093609 1.461565 -8.966498
10.037036 8.080761 -5.485646 7.064685 -3.574888 -2.619728 0.453967 -8.510793
3.725838 0.605676 1.569641 1.902140 -5.892861 1.972638 1.519854 -9.020563
-17.540294 8.799693 2.698132 7.290853 -2.131842 -3.190719 1.345555 -8.764421
9.023337 3.700949 -2.462284 5.151969 -3.447762 -2.144962 1.548544 -9.023513
-18.888053 4.786542 -4.238185 6.473983 -3.007261 -0.023171 0.631697 -7.412461
-18.587519 8.481297 -7.311075 5.345184 -6.356643 -5.837611 1.738358 -8.918179
0.680890 19.933268 -12.567369 6.835673 -4.581586 -2.368915 1.361539 -9.124635
7.521011 6.940590 -6.192013 1.917265 -5.323779 -1.271696 7.655836 -9.225691
-14.808168 19.055449 -1.550450 6.836945 -3.251188 -1.474606 1.338674 -9.278435
9.477159 4.279119 -4.186570 6.959345 -3.439980 -2.135833 1.487692 -9.013520
10.017792 10.282152 -4.748742 6.731938 -3.479354 -2.146472 1.483047 -8.981214
3.650249 3.065183 0.496562 16.040138 -5.709827 -3.478037 1.239225 -8.666050
4.034063 18.302082 -9.995777 3.991764 0.260259 -2.318416 1.515533 -8.678975
-19.647469 8.478987 -5.358777 6.768057 -3.474360 -2.114987 1.482461 -8.975578
-7.631136 -5.473820 -8.813235 6.777404 -3.461855 -2.092554 1.485210 -9.061069
