13.229635 12.831372 4.138691 9.260530 8.114784 -10.057913 -7.268858 -8.368497
-3.146325 12.134106 -1.656951 9.629223 6.252307 -8.017283 -6.428295 -6.901060
20.349616 -0.143883 0.621246 9.221673 6.167187 -8.075112 -6.455276 -6.903013
18.243656 8.684488 2.533159 8.701405 6.004034 -8.077002 -6.457024 -6.921391
18.250478 -0.513677 -4.305953 10.520224 10.924058 -6.980048 -7.552908 -8.646808
12.320101 9.280304 -3.339773 2.015042 1.470309 -11.694838 -6.844198 -5.687696
7.466287 2.490199 -13.444568 11.097886 6.809077 -7.827480 -6.742127 -6.098002
12.183189 -3.908683 -1.996372 -2.169514 8.470216 -8.661129 -6.230313 -6.665206
-5.415111 7.137639 -0.069944 10.374449 2.908055 -4.543286 -2.761293 -5.126054
-4.422531 3.499206 -1.675743 1.362446 4.104326 -9.766276 -10.522541 -5.408086
15.896554 7.295881 -2.404000 8.142344 11.132110 -13.732010 -8.848732 -5.788220
9.987495 -4.184261 8.008417 8.778922 2.493945 -13.990320 0.739567 -9.410047
19.375805 3.979833 0.903410 4.913639 7.981116 -8.656866 -6.447849 -7.132473
-3.629097 10.811980 -0.944893 10.060938 9.379958 -11.144024 -6.523838 -6.486007
-6.933142 -4.872459 0.646437 9.187482 6.166091 -8.070743 -6.450848 -6.893411
14.680595 -2.017273 -7.644979 1.962428 6.442652 -8.015259 -6.457186 -6.888669
-8.174653 -0.423192 -0.167998 8.242443 6.102705 -7.912525 -6.410116 -6.882006
-6.055845 6.875860 4.095377 8.466576 10.311312 -8.166252 -6.448648 -6.897308
14.026121 0.948541 -3.446162 -0.874067 4.287536 -5.833189 -9.327302 -4.038258
20.228671 1.372224 1.099789 10.490793 6.652283 -8.458496 -4.874581 -5.982933
-2.527965 -1.208486 11.501893 9.526488 8.208189 -6.087957 -7.286120 -7.329413
-8.262036 1.921181 1.844582 9.123074 5.612020 -8.176490 -6.254704 -6.960736
5.418140 5.839648 -9.525873 12.882208 1.289379 -9.365673 -6.666915 -13.479836
-4.315820 -6.957033 6.182959 8.746574 6.356918 -8.032412 -6.548657 -7.017051
17.735748 7.151446 -0.085109 14.363051 3.297364 -7.353322 -6.447171 -7.208319
17.408828 2.350326 -0.955853 0.984588 6.805518 -9.542251 -5.675261 -5.004946
-5.127375 1.844674 3.246228 13.959773 -0.912689 -8.781002 -6.186680 -5.654549
15.095786 10.930073 1.170761 14.788744 5.312541 -8.333737 -6.865666 -6.841245
13.806558 -8.753984 -3.476321 7.131879 2.045224 -9.163122 -5.437576 -4.764508
9.760485 -8.011722 8.103951 15.671948 6.487084 -8.444755 -9.180839 -7.589624
-7.941021 -2.014011 0.925355 9.111029 6.141144 -8.028463 -6.440892 -6.900205
2.574822 14.420057 5.271484 10.270466 7.028411 -8.106143 -6.396220 -6.890542
