-10.541266 -8.639047 2.647457 8.996712 5.114292 -8.089436 -1.563437 5.049221
-13.056478 -7.422918 9.906166 5.813115 6.132363 -9.664943 0.468017 7.332666
-7.431465 6.074032 9.470562 4.269630 1.407801 -7.064643 3.175795 10.010976
-11.361420 -1.735258 14.807615 5.467303 3.016052 -9.556148 -1.639381 11.059388
14.739551 -12.708030 9.928756 4.438408 2.919118 -9.230644 0.570217 7.503109
-13.396714 -7.763193 8.821893 5.349283 2.329355 -9.765209 0.532234 7.561743
14.464978 1.014460 12.289894 6.418561 5.066547 -11.367585 2.105857 6.179272
-4.710892 -8.043550 21.609648 9.299297 5.162191 -9.095129 0.232376 7.474368
11.842033 -15.359063 13.574821 6.052082 2.639763 -9.676024 0.477838 7.424331
6.653339 -13.527899 -2.662547 4.730533 2.504818 -9.441229 0.535001 7.246901
2.664364 -16.379704 14.762140 13.222063 1.961762 -9.651050 1.876194 7.972015
-7.248716 6.795750 7.505400 3.020261 4.544354 -8.767898 0.030853 7.355706
-11.292265 -8.700558 3.835051 9.941341 1.620330 -8.657979 0.374435 7.251128
-12.607342 -10.340622 10.757435 5.758503 2.914963 -9.268007 0.414030 7.384389
15.885307 -6.293912 7.434929 9.685005 2.911914 -9.584665 0.685736 7.403693
11.525502 -2.977317 14.454125 -4.800979 2.958061 -8.294976 0.139249 6.737120
6.450152 -7.704904 23.134938 5.699266 2.615412 -9.046890 0.613401 7.406419
-0.937917 7.611686 14.912830 4.421119 -2.146841 -9.383492 0.497857 7.359434
13.441878 -14.450754 11.106417 5.133171 2.854690 -9.375487 0.350057 7.237710
16.754332 -5.453050 8.867138 5.517140 2.892950 -9.439861 0.421445 7.417602
-7.999389 -16.972084 9.879299 5.280236 3.264426 -9.237431 0.364099 7.447548
4.942057 -19.455277 9.508594 5.243733 2.838853 -5.485799 0.660213 8.234433
-10.817778 -13.500732 10.754478 4.198032 4.341417 -7.847250 1.139498 7.347548
5.983031 6.393146 17.244166 3.125077 4.910403 -10.338226 0.422926 6.708393
3.176901 -20.159007 8.019313 4.775080 2.483884 -10.886510 -0.722273 6.849198
-0.447004 9.157904 5.436502 2.973669 4.089062 -7.941828 1.112986 7.288052
-0.871545 9.470053 8.532490 7.790432 3.895215 -8.736480 0.467805 7.262537
12.243291 -13.508731 13.505523 3.167078 6.812317 -9.109634 -2.529242 7.755587
7.699886 -7.352574 -4.647876 3.874590 2.760963 -10.182806 1.320281 6.799380
-1.850687 -13.419987 16.241120 14.083014 5.335524 -8.779002 1.580163 10.240436
6.843838 5.518379 8.260126 8.436638 4.362703 -8.574260 -1.558610 -0.906796
0.974518 -2.186737 10.672115 16.210799 -6.362667 -6.842420 0.594112 6.782825
