-4.065941 0.905434 9.153376 -2.560776 9.941085 -3.583798 2.202064 4.494654
17.651687 -8.091534 6.515176 -2.051623 11.531334 -3.978435 1.882327 3.946784
20.287849 5.843876 5.745435 8.857439 9.110216 -0.787877 0.541257 4.857342
-4.533228 2.534549 7.070517 -0.890289 9.342303 -2.842996 1.743793 4.863302
24.101437 5.095218 7.905735 -0.199212 9.358043 -2.755091 1.664804 4.811690
2.571515 8.945313 11.269325 6.715861 4.055127 3.211992 0.235972 4.798093
23.350153 6.298993 10.456683 -3.136175 8.963134 -2.788350 1.666108 4.839571
23.480655 7.543260 6.063837 -0.216163 9.322745 -2.671454 1.634337 4.687563
1.312311 7.313689 18.471299 1.438844 9.866055 -0.523808 1.864747 4.475060
-4.596179 3.041280 7.740350 -0.260819 9.288746 -2.791132 1.663385 4.845019
1.931155 -8.532709 8.152336 -1.534957 9.272755 -2.796778 1.668289 4.842831
18.184203 11.310752 9.064680 2.780785 14.500473 1.741119 0.675819 8.936171
-4.362569 3.717798 10.262077 -1.169685 9.554268 -2.629152 1.850812 4.970441
23.845522 5.730409 10.030798 -0.485645 9.517166 -2.754566 1.654826 4.853606
13.562801 -9.385394 8.254758 -5.492046 9.463081 -3.037942 1.635801 4.823608
20.068665 -5.160514 11.404365 -2.710148 11.227722 -0.491840 1.642175 4.776532
17.897807 9.194837 -0.263780 -6.291045 11.396741 -3.167681 2.216525 4.225640
8.444949 -5.223833 17.187118 6.340387 10.229653 -3.030911 1.180862 4.851991
1.361059 7.647029 -2.996433 -0.735836 9.261070 -2.751372 1.740386 4.796826
4.632471 -9.725258 5.945885 1.555338 8.766357 -2.980121 1.596567 4.806615
0.779762 4.690716 17.978295 4.194498 10.739588 -3.404041 2.383425 4.165999
7.858962 17.607275 9.110186 -1.056559 9.990438 -2.473030 1.511645 4.288872
7.919407 17.527325 8.920110 1.774427 10.141968 -2.620285 1.732197 5.002379
1.983916 14.019339 13.719405 0.360857 9.009470 -2.799117 1.548619 5.038302
4.577610 16.696920 9.984876 -0.249142 8.936093 -2.839191 1.670012 4.844117
11.257665 17.061346 3.816896 1.669209 9.355276 -2.833219 1.607299 4.865940
3.674145 8.112782 19.929445 -1.027700 8.806429 -3.670312 0.626066 4.715642
9.055019 -9.136739 13.096511 3.936913 11.343521 -2.959187 1.695558 5.174087
11.173018 17.587367 8.882901 -1.959395 8.718138 -3.611938 2.142562 5.151206
0.589944 9.349366 8.357457 8.738699 9.535489 -1.031610 3.759526 5.514083
6.315555 -10.035477 11.009031 -0.242390 8.145538 -2.571908 1.406738 6.270255
