9.539577 -16.347793 -3.420478 -4.090257 6.541214 -4.455738 -1.084088 8.570222
6.901225 4.633634 -8.411336 -1.228846 9.135516 -3.005487 -0.933351 8.607220
12.619309 -8.663091 3.082927 -3.536781 10.227707 -2.963671 -0.945092 8.602169
-9.921016 -16.964016 -2.999154 -4.406049 7.256765 -2.913941 -0.910234 8.619661
-8.079949 -1.740614 6.136464 -4.093530 0.505627 -0.970029 -1.374183 4.833368
-15.048798 -5.654070 -2.204542 -4.051241 7.296234 -2.916999 -0.776304 8.522343
14.023307 -4.326820 -3.228384 -3.101707 7.347909 -2.483507 -0.942459 8.571275
-6.666241 -10.249306 9.048717 -3.587431 8.277791 -5.075264 3.761132 9.732919
-13.190886 -13.014506 -2.201761 -4.283077 7.582441 -2.980869 -0.920660 8.602782
-14.814737 -3.393722 -1.341127 -4.465537 7.663818 -3.127465 -0.954159 8.574400
0.978637 -20.198490 -3.875653 -4.796447 7.485301 -1.360163 -1.712273 8.034887
11.363539 2.042718 -4.351840 -1.550984 6.992760 -2.877812 -0.882653 8.371583
-14.202903 -6.299451 -3.814878 -6.477504 10.579518 -0.465332 -1.270426 9.640178
6.726372 -3.703367 -10.704808 -2.201141 16.562021 -2.314538 -0.212269 8.437284
-14.965293 -4.380929 -2.787731 -4.158309 7.263106 -2.932650 -0.884320 8.643221
8.697902 -7.610530 8.855983 -6.328526 7.795622 -3.452376 -1.251785 8.780162
-13.639502 -1.599226 -6.828920 -4.279142 7.545110 -3.042655 -0.796407 8.598226
3.797738 -19.734157 -0.292602 -4.154449 7.699382 -2.956298 -0.959843 8.616402
9.202414 -15.114321 -4.201373 -9.791943 7.079127 -3.068605 -1.613440 9.248164
-0.049386 8.715741 -2.458368 -5.241036 7.361628 -3.008662 -0.937612 8.606765
0.699244 -20.356974 -3.830673 -3.963627 7.799420 -2.905422 -0.925128 8.578290
-14.804228 -7.289953 -3.595719 -5.843451 8.425090 -3.271839 -1.174822 8.661756
1.141215 4.212873 7.815604 -6.210490 9.264662 -1.525647 -0.831073 8.922759
-9.410881 5.483361 -1.507261 -3.605380 5.785102 -2.461740 -0.894045 8.596228
11.209076 -14.691843 -2.933962 -4.058584 7.359321 -3.032414 -0.881618 8.575742
10.568735 -15.473294 -1.503128 -4.505138 7.850969 -3.012211 -0.894048 8.505457
-14.535924 -3.449864 -0.481426 -6.575479 7.691512 -3.739212 -0.688269 8.547357
-13.548462 -12.042563 -2.917470 -3.199653 8.999586 -2.767073 -0.934942 8.611027
-13.492666 -0.345659 -0.168561 -7.138615 8.038162 -3.016843 -0.938275 8.677086
12.519254 -0.946380 -4.415956 -7.950549 5.857606 -2.441244 -1.492290 8.833504
2.879971 -1.129303 -3.929723 8.001188 12.504969 -4.309517 -0.092518 9.288307
