-1.562477 -4.185570 -4.694368 -7.784889 7.741957 4.315957 2.619420 3.334300
10.587689 19.451177 -1.209614 -5.153531 4.437964 2.100411 0.035104 4.769493
4.892422 -6.160602 -8.497694 -6.434110 3.971430 1.953469 0.032608 4.716368
-9.835241 7.525455 -7.356861 0.035095 3.628072 1.610609 -0.075600 5.022807
-10.176341 4.303865 -5.666808 -3.368074 3.924619 1.542258 0.897929 4.833916
7.468972 -6.297928 0.271099 -3.152635 3.902376 2.057228 0.030487 4.769223
4.609955 1.277453 2.453538 5.385723 2.054983 -2.205496 -5.233212 0.797698
-10.597314 7.311117 -3.954078 -2.898692 3.743158 2.054871 0.033087 4.767824
13.392493 2.425931 0.988114 4.689703 1.673391 0.294098 -1.892573 2.980260
-7.181306 6.544713 -0.897685 -8.112095 9.226600 6.662363 -0.643625 3.813067
18.153641 5.335018 -2.482854 -2.026295 4.209217 2.177664 0.021415 4.771902
18.367994 7.212487 -3.763639 -2.921981 3.877099 2.088347 0.187483 4.726794
5.953267 -1.343358 -13.713501 -8.548269 6.365720 1.711099 0.616480 4.226232
10.898676 17.087861 -9.191379 -0.351409 -1.220951 2.534765 -0.436103 4.874856
-10.586212 7.590585 -4.163736 -2.717260 3.802953 2.056712 0.004267 4.790376
-8.663539 -0.131103 -4.049006 -3.093996 3.952104 2.126811 -0.034480 4.761776
-8.140279 4.421983 -8.518148 -4.682287 -0.471773 2.855824 -2.451948 1.837685
8.211426 19.391372 2.417191 -2.945068 3.710403 2.040530 0.009398 4.745574
-9.848864 5.941975 -6.532477 -0.643318 5.564821 2.552157 -0.474579 2.789199
17.106979 11.213511 -2.415644 -3.283218 3.160994 -1.702910 -1.019813 4.447722
-10.246119 5.278282 -6.076368 -4.423382 3.889550 2.203561 -0.035786 4.714576
-10.393369 4.851850 -2.993222 -3.128221 3.859585 1.980374 0.075436 4.895907
-10.194367 9.534821 -4.768103 -0.938289 3.366558 2.282217 0.467233 4.285942
-9.667126 9.044171 -5.868372 -7.291550 3.847797 2.136270 0.089247 4.793055
-9.978911 8.313827 -7.410687 -1.536799 2.603943 1.882243 0.421021 4.555881
5.784637 17.412126 5.888313 -1.410065 2.657772 2.180774 -0.145547 4.779280
13.257785 8.698557 -3.751653 -13.776394 2.640154 3.322583 0.210294 4.819962
8.101740 19.109002 1.699523 -6.964623 3.279606 1.529032 -0.028492 4.699515
-5.772043 8.754040 -6.551818 -13.313996 4.315085 2.060294 0.032311 4.764157
8.196588 2.390228 9.021891 -3.281766 5.004602 1.395904 0.001299 4.861725
-6.862359 16.466801 -5.660498 -2.200689 4.922869 2.711243 1.069288 5.147167
