-8.074203 19.690548 1.973420 5.457716 15.333315 -9.367696 1.577827 -6.079066
-0.047606 13.471426 4.853064 6.945807 12.263007 -7.736645 -5.159495 -1.271171
5.990608 -1.588249 -6.959275 4.256449 5.648431 -9.040121 1.813672 -6.096389
-16.022878 1.278673 -7.721624 4.767529 9.777739 -10.049683 1.451190 -5.629696
1.622045 -2.334947 -6.206198 4.953628 11.321079 -17.412068 0.476777 -7.990255
-10.194588 10.533295 -2.155498 18.226402 9.402124 -9.949826 1.822970 -6.102357
2.451972 -3.861790 -2.142771 7.514761 11.191034 -11.170610 1.770238 -6.111359
-8.501668 -3.080967 -5.378208 -1.815004 9.384762 -9.945155 1.813296 -6.108740
10.955612 12.185843 -6.149762 6.069152 10.374831 -9.899289 1.779250 -6.019945
-3.197175 7.577202 -7.157755 4.127022 0.875980 -16.378655 2.451308 -16.203174
11.367524 9.105247 -5.161443 5.490112 9.285150 -9.939097 1.840310 -6.071636
-14.947507 18.678204 -5.903190 5.291749 9.264235 -9.938983 1.824714 -6.121683
6.774073 -1.656718 -5.535902 5.495502 8.482027 -10.224282 1.998058 -6.657162
-5.795911 23.501059 -8.260196 5.195540 8.838738 -9.801493 1.675319 -6.144735
6.939533 5.930217 -12.622090 11.232741 11.046671 -13.283636 1.947507 -6.051461
-17.525782 13.521555 -6.666532 5.779166 7.024855 -10.372294 1.735376 -6.117650
-6.448222 23.638380 -4.075883 5.831513 9.249415 -9.996672 1.776711 -6.071588
-18.108793 5.839758 -5.930387 5.053904 9.572806 -10.036689 1.746312 -6.127684
-16.567874 6.555808 1.127791 4.915422 7.270910 -9.002958 1.047230 -6.188330
-18.321600 7.623732 -6.516775 6.192334 8.741526 -9.944881 1.856591 -6.090598
11.228029 7.421375 -5.042508 5.388948 9.009226 -9.235367 2.352343 -5.349150
7.306990 0.691882 -4.724941 9.183566 5.006843 -9.053339 1.914762 -6.040465
-1.110681 8.127786 -18.110753 7.529123 11.580940 -6.314065 0.823575 -11.346469
-18.437889 8.077016 -5.727581 5.077092 9.416718 -9.953898 1.803612 -6.108315
-3.270808 -1.115464 -15.044553 5.649218 5.249117 -7.554878 3.028866 -6.472062
8.730322 0.764861 -3.625813 5.209408 8.930360 -9.678710 1.889245 -6.082382
5.201167 12.285287 -5.630841 -4.261366 2.859589 -11.046762 1.737420 -6.890871
-18.282105 6.896720 -5.284465 6.378223 9.154078 -9.939000 1.832371 -6.030337
-15.025169 3.871814 -12.800762 4.530840 11.776858 -9.162791 2.534551 -5.664967
6.575815 -0.137307 -5.398677 10.781683 10.705148 -11.799784 2.106336 -5.585345
-9.950067 17.748498 -15.565479 4.567539 8.851666 -9.992178 1.835609 -6.138436
