-10.518226 -1.967623 -8.675116 5.910475 11.177600 0.317550 -10.158107 -2.801331
-12.889084 -4.309735 -6.421878 2.589770 7.029808 -2.414322 -9.790128 -5.092030
3.460344 8.917792 -8.252779 3.277308 7.345439 -2.244917 -9.923608 -4.957468
-2.991864 -17.605743 -3.512688 0.771404 7.281527 -2.173105 -10.640357 -3.325010
10.897522 -9.016508 -5.832337 -0.564032 -0.068782 -3.467957 -12.930759 -4.630732
-0.689878 4.502625 1.474213 0.421504 16.749514 -1.596408 -11.944180 -5.068199
4.521382 -6.152541 -14.583026 8.799357 10.537099 -5.119350 -8.341672 -6.868811
-7.470611 -14.783355 -7.527470 3.784525 7.141575 -1.504922 -10.084190 -4.625176
-0.860938 3.755337 -4.473960 -6.768363 1.264676 0.311677 -10.284509 -5.775613
10.910546 -13.801229 -1.000863 5.116040 6.747332 -2.027096 -10.105502 -5.557667
2.722780 -0.915575 -16.130157 -1.256865 5.468341 -5.010388 -10.030579 -4.463761
8.527132 -16.265054 -2.904009 2.842863 6.771472 -2.342808 -9.953133 -5.034230
-10.004637 0.348309 3.157306 6.175703 9.002068 -3.354376 -9.755418 -4.013118
13.844256 -6.621828 -9.044772 2.683222 7.140122 -2.279929 -9.913278 -4.960254
10.658619 -4.515255 -10.684416 -0.877097 6.275049 3.051362 -7.707106 -1.997807
-1.692600 -16.575236 -7.939291 0.929407 5.724880 -5.622194 -9.169070 -2.838944
-12.569353 -2.986453 -7.413600 3.368381 7.381244 -2.155192 -9.899031 -4.766513
-8.063736 -11.722211 -1.495399 -4.748068 9.298800 -2.423499 -10.098307 -5.042733
-5.784481 -15.493472 1.917342 2.188766 7.584727 -2.283917 -10.187186 -5.199808
14.361502 0.614140 -3.954271 3.073502 7.450478 -2.458548 -9.713458 -5.130391
-9.843455 3.426868 -3.687813 -0.822645 7.666878 0.834536 -8.298611 -5.886906
14.996409 -1.713812 -3.138338 2.937945 7.534277 -2.517645 -9.840444 -5.053599
6.400210 1.490486 8.432469 2.957059 7.208527 -2.262359 -9.944577 -4.966865
-6.119719 -16.517807 -3.166709 3.033572 7.145740 -2.350433 -9.922955 -4.989065
4.500088 8.189601 -3.042539 8.655449 6.566588 -1.830490 -10.131978 -4.906583
-2.895631 8.883442 0.221470 2.104069 8.274925 -1.466202 -10.093713 -4.797692
14.910580 -6.472668 -2.374927 1.103754 7.536555 -2.508837 -9.930341 -4.965776
-10.810889 3.054716 -2.972108 5.660735 7.737862 -3.047405 -9.766453 -5.254768
4.315809 0.454613 -10.251140 9.987899 0.304349 -0.007469 -6.071230 -3.855893
-0.733988 4.779003 -11.645112 3.384303 14.131495 -3.574534 -9.024752 -3.982194
13.374938 2.018568 -0.596827 2.643559 8.833549 -2.233253 -9.878040 -4.949879
-7.836575 -0.837455 -4.295370 3.043803 17.752613 -2.972933 -8.869051 -5.825942
