-1.187631 10.262814 -8.339217 -4.625450 6.260009 -2.924484 1.388687 -4.894784
15.687087 -2.710287 -5.629659 -3.428529 5.879467 -2.708319 1.347910 -4.553409
-1.548912 -9.796555 -5.905599 -5.752379 -6.632327 -3.064657 1.292478 -4.670176
4.237795 -17.900946 -11.217716 -2.803308 6.393156 -2.540252 0.959393 -4.735646
-12.031078 -7.850281 -7.043451 -5.154636 9.944176 -0.680406 0.170197 -3.761696
-10.513448 -12.551604 -6.117349 -0.838838 7.351314 -2.960109 1.134497 -4.571791
3.768282 -3.074007 -8.747932 -15.413798 9.517090 -8.318422 -0.904053 -6.262898
-1.502473 -11.029937 -18.939669 -5.265456 9.296864 -5.643712 1.020252 -2.765907
10.251083 4.214367 -9.976510 4.643185 6.411712 -2.064617 0.575528 -5.034724
-12.146325 -5.247065 -10.242751 -0.664854 3.187208 -6.439881 1.197372 -3.120852
-4.651146 -10.046381 -15.666869 -8.611424 12.139645 -2.372848 -1.444958 -4.315417
3.359553 3.898204 -0.757325 -3.701588 14.928653 -6.656014 -0.175336 -7.807552
-10.462253 -8.625271 -9.851505 -3.622582 9.799766 1.511930 -3.028441 -4.623763
15.338940 -2.174975 -5.920074 0.108996 6.768043 -3.518943 1.834235 -4.244063
15.634286 -6.505560 -6.359496 -2.886162 6.305556 -2.914392 1.342860 -4.654187
1.353603 4.233475 3.054936 -0.009955 11.225021 -1.466229 1.687430 -6.133754
12.513839 -10.861532 -2.360993 -6.785149 6.125723 -3.857678 1.414572 -4.600957
-13.487409 -4.435728 -6.981748 -2.805249 6.197947 -2.940228 1.384351 -4.553627
-13.472067 -4.216665 -7.529328 -2.348433 6.514889 -2.730050 1.536425 -4.034062
12.980667 3.804748 -4.041443 -3.993188 7.606259 -3.204100 1.484667 -4.528610
5.631740 9.912435 -7.214206 -2.688226 6.337058 -2.977559 1.414452 -4.518872
-9.307687 -9.634656 -2.806078 -1.256163 -0.039820 -5.815590 2.903521 -5.915256
12.970533 -10.736995 -7.993333 -8.428158 5.487224 -3.443564 1.536324 -4.900080
3.562485 8.313800 -14.794607 -3.835508 5.889928 -2.878289 1.448152 -4.601271
12.660334 3.715943 -5.551448 -5.330255 9.916544 -2.961896 1.358613 -4.531941
0.727811 -5.065947 -17.549913 -4.102046 16.322706 -3.823722 -1.019016 -4.815903
-3.448429 -5.515769 4.785990 -5.463522 6.820613 0.103380 6.386730 -6.333413
-13.056463 -1.128443 -8.675067 -3.009173 6.563407 -2.483556 2.321329 -5.590897
-7.815596 -8.239784 -6.041399 7.354677 5.151005 -5.864233 2.728717 -4.223492
-12.647488 -8.623605 -9.097514 -2.970277 6.926047 -2.909483 1.287067 -4.664959
13.826398 -0.746484 -13.987575 -2.569772 6.974940 -3.354673 1.437837 -4.469032
9.848309 -15.935785 -7.229528 -2.928163 6.209976 -2.851241 1.246445 -4.628052
