-0.198408 5.625611 -21.678342 1.534987 1.805668 -1.896496 3.422319 6.767944
-11.734331 4.883241 -7.682671 2.391376 4.748591 -1.901084 3.482838 6.757034
-11.541367 2.721414 -7.033410 1.122313 4.643663 -1.875532 3.309572 6.679373
16.931629 4.700149 -8.903246 1.801850 5.067039 -1.182484 3.505831 6.805972
-11.210153 1.680299 -5.722864 1.973766 5.550048 -1.641389 3.421528 6.588250
-10.941020 8.254644 -6.443672 -0.565063 5.633734 -2.390238 3.522301 7.048729
9.112280 17.554230 -7.974182 2.026384 4.785601 -1.853441 3.419258 6.781529
12.937965 7.126972 -16.029568 -0.410938 9.040560 -1.834783 1.296039 7.073865
15.357857 1.369252 -12.295924 5.216999 2.885338 -1.790168 3.485574 6.833577
-11.719910 5.258318 -7.327227 1.955957 4.768198 -1.850268 3.418577 6.782043
-1.117206 12.527846 -10.461773 -9.119492 3.711584 -2.383038 3.543180 6.666811
7.820570 -0.332614 -2.602772 -9.144330 5.447864 -1.782245 3.509746 6.819585
0.791738 18.968589 -7.697607 1.900328 5.310601 -1.457827 3.478911 6.686782
13.787831 13.718929 -6.936652 2.014601 4.759922 -1.855072 3.421496 6.786443
-4.039999 6.508166 1.535321 9.751008 2.839899 -0.658464 1.424224 6.903788
6.562979 16.826176 -1.892561 4.859833 4.686296 -1.873532 3.374125 6.767108
-9.830399 3.935663 -10.750513 1.638217 9.393508 -6.415003 3.802641 7.200949
12.634462 -3.065724 -1.908224 4.838113 4.519105 -2.287795 3.806368 6.238023
-3.637924 -3.535269 -9.116820 -5.506410 -1.599516 -1.392393 3.292776 6.570079
16.920945 3.789257 -6.987160 2.024731 4.757453 -1.912586 3.421488 6.776053
16.984558 4.750748 -7.919249 2.052429 4.762849 -1.852844 3.419293 6.781223
14.176912 13.268058 -8.033097 1.772589 4.753696 -1.851270 3.424112 6.773692
10.847498 16.166331 -10.292036 2.917764 3.427061 -1.833658 3.436629 6.786943
-1.632607 12.881671 -18.663912 4.617028 4.951941 -2.325504 3.364735 6.743030
-11.726414 5.359868 -7.882896 2.247535 4.886343 -1.870173 3.505574 6.788400
-0.606264 10.656433 -16.865924 -4.070167 11.277856 -2.555005 4.544526 6.965773
-0.117660 -1.797771 -9.657999 11.404735 11.194550 -3.575392 3.264175 2.249989
13.456550 6.926923 -8.459387 -5.893027 2.750488 2.217340 3.740512 7.573147
-11.102417 8.287635 -9.944866 0.834592 4.756308 -1.927047 3.475558 6.767412
9.193554 10.598321 3.393317 1.843084 4.332346 -1.979666 3.627619 6.791006
14.179482 -3.783858 -7.750910 1.968083 4.750129 -1.860444 3.414889 6.767910
