-0.989232 7.470659 -2.465538 10.455728 4.592234 6.068943 -2.756919 -0.003526
8.822686 7.031077 -3.361629 -1.418212 6.227747 7.613686 -2.409096 -0.697386
8.768177 -3.232491 -13.908812 -1.090290 5.692823 9.106576 -1.842068 -0.412608
-19.376497 4.850826 -9.117065 -1.722647 5.717744 8.135640 -3.120812 -1.049968
-6.770118 -12.183603 -3.056826 -2.563573 6.509386 7.254577 -2.405879 -0.667754
-18.726170 -0.190115 -5.226936 1.303017 4.274902 6.136475 -2.033407 -0.781727
-5.944714 16.884472 -8.837123 -2.397641 5.144646 8.052124 -2.071990 -0.716914
-7.785156 -9.201687 -8.120139 -7.168665 12.472968 2.224729 -1.158866 -1.139045
-7.590180 16.431623 -5.892157 -2.538415 6.279404 7.610280 -2.411602 -0.710261
10.280296 -1.323253 -6.997014 -0.594981 5.556942 7.088060 -2.558204 -0.353771
-7.850667 -12.673290 -8.797605 1.677389 6.659642 6.768901 -1.938387 -1.366649
-4.785755 15.284059 -4.533255 -6.714760 3.753187 8.162874 -2.890692 -0.734932
5.177681 0.055631 1.225741 -0.663009 7.951464 6.592008 -3.888782 -6.374341
5.529180 -7.314450 -1.653908 -1.093545 6.712631 7.052232 -2.408460 -0.682838
-0.792360 -12.588057 -5.167889 -1.917724 6.524633 7.599509 -2.412638 -0.671153
0.943293 -9.312167 -16.905907 -4.739551 5.797664 6.963458 -2.250614 -0.769041
-15.314814 12.375300 -9.599127 -2.011488 6.596866 6.252224 -2.410089 -0.390534
8.316401 -2.044254 -3.086631 3.116223 5.290347 7.152871 -2.299766 -0.398948
-18.932200 -2.242140 -11.190973 -0.690753 6.274336 8.066813 -2.529225 -0.907405
10.584474 3.592782 -9.386798 -2.569960 5.986993 7.827029 -2.488112 -0.640133
-15.692422 -8.197785 -9.133125 0.089180 7.328492 9.338437 -2.484212 -1.101565
9.267275 -3.738351 -7.772450 -4.447861 5.563739 7.142613 -0.794629 -0.394794
9.708618 -3.649520 -7.874410 -1.405983 7.010688 7.472041 -2.471614 -0.677469
5.409701 5.979682 -14.641577 -8.260889 9.213867 4.563787 -5.197946 2.441677
-2.921268 -6.095675 1.356389 6.344627 8.621832 7.092351 -2.919365 -0.546713
6.783958 12.012892 -9.223562 -1.885239 5.905894 7.484249 -2.474336 -0.678543
-14.027468 -10.020623 -8.018886 -2.733960 5.751819 7.688576 -2.644673 -0.723037
-3.288493 14.115080 -13.490031 5.824815 5.824980 7.061522 -2.817306 -0.795292
-5.265304 -6.586109 -4.622273 -2.090553 -5.195942 5.746509 -3.343346 -3.780790
-0.009342 -4.931227 -6.420902 11.182459 6.000042 7.571952 -2.412224 -0.689869
-13.013919 3.352119 -20.656265 1.089077 4.564417 8.193626 -3.732033 -1.148416
3.173667 -5.282046 -13.699015 8.329290 6.272907 7.590949 -2.404820 -0.672954
