4.784932 -5.559603 2.136979 -1.942401 8.786379 1.506359 -0.708828 8.100773
-13.225727 -2.984486 -4.571593 -1.870474 3.917562 9.481327 -1.020327 8.691372
-16.988652 1.443334 0.681878 -12.822055 11.103934 2.011058 -1.153510 8.004320
-19.240980 -1.781817 6.727809 -4.148741 14.747307 0.937006 -2.268386 8.814934
-12.124333 -3.998316 -8.431752 -8.322142 1.119912 2.247816 -1.489966 8.242462
-23.133712 -10.614241 4.359776 -6.823623 9.458157 1.930511 -1.159107 7.775910
-15.047378 0.317159 -6.695997 -1.617395 9.797801 1.183370 -1.286710 8.563078
-23.513785 -9.347670 1.581152 -6.406410 9.884056 1.294203 -1.097920 8.125957
-23.516957 -8.687000 1.853941 -6.345738 9.883618 1.290724 -1.105127 8.128531
-22.809322 -6.157301 2.303023 -6.268282 6.459211 1.403054 -0.514369 7.456389
-4.564060 5.232481 1.659592 -6.491282 9.857432 1.278205 -1.082949 8.121395
-23.467068 -9.573404 2.638652 -6.402735 9.962778 1.029245 -1.048063 8.019403
-7.553412 2.179912 0.213772 -9.603301 1.129070 3.414163 -1.793083 8.021725
-19.009189 -19.254708 0.175979 -5.008703 9.417753 0.607969 -0.557846 8.520486
-20.071808 -14.809986 -2.647128 -5.157600 11.376652 -3.387481 -3.453962 5.856004
-0.080664 -1.199371 -0.091485 -15.322504 10.741842 0.769939 -1.325186 7.437471
4.318388 -6.716836 -2.794888 -7.622707 6.220834 3.928922 -0.987597 8.222330
4.288098 -5.639419 5.304513 -3.858258 5.928675 1.419982 -1.082616 8.117759
0.911696 -9.691891 3.417913 -11.315445 16.255343 -2.011851 5.395380 6.487554
4.559327 -2.635512 1.079671 -6.645478 9.896589 1.334689 -1.056859 8.118913
4.910760 -14.160696 2.186377 -7.552166 9.708964 1.873172 -1.791772 8.030564
-7.383086 -5.333015 -2.549435 -19.648759 6.420923 0.921551 -0.996521 8.430089
-9.374088 -21.247594 -4.316800 -7.555612 4.584803 1.217902 -1.212028 7.866941
4.502911 -6.885074 -4.159168 -4.831761 10.766995 1.356637 -1.188673 8.137317
-20.403861 -12.349251 10.005331 -6.497654 9.861947 1.290745 -1.078588 8.130219
-17.834160 -20.521806 1.187974 -6.578800 9.966959 1.235790 -1.094785 8.121345
4.482125 -12.986432 -0.633016 -10.843621 9.540647 1.034905 -1.833302 7.842349
-2.138233 -20.843197 3.326866 -1.747118 9.492295 -0.376059 -2.592960 8.279242
-11.494957 2.518110 -7.297583 -6.546695 10.167664 1.434647 -0.921046 8.095614
-9.300912 -1.730066 1.662827 -19.205326 7.954572 0.927376 -1.139142 7.645961
-23.033750 -5.233734 2.157351 -5.994271 10.296633 1.227663 -1.092881 8.137512
