5.542496 -6.479725 8.311112 -1.540677 3.872633 -1.203793 7.111445 -7.544905
-0.306120 -13.591787 7.599368 -2.672831 3.675683 -1.256772 7.109579 -7.453926
-10.084785 2.119100 8.445915 -4.928175 15.569012 6.785853 6.247426 -10.121733
-8.088855 9.355313 2.373065 0.066771 -1.697600 1.055420 13.209640 -7.615937
-23.640472 -3.381240 9.924132 -1.391181 4.102200 -1.128347 7.094389 -7.559403
6.082605 -0.107689 5.482220 -1.689933 3.731428 -1.251924 7.083683 -7.524259
0.935630 9.914723 13.776909 -1.993422 4.545520 -1.566144 7.181746 -7.817123
5.138313 -6.391689 8.372072 0.703913 4.760475 -3.681387 7.403841 -7.631376
-21.117752 7.570202 8.118223 -1.895162 4.568651 -1.442274 7.143680 -7.584221
-10.811541 13.500571 6.000947 0.392625 4.607518 -1.408850 6.286121 -6.978474
4.062175 -3.886084 12.610405 3.980339 3.768762 3.195880 6.345411 -7.178498
-2.248054 -14.785955 10.202930 -1.138506 4.033180 -1.163744 7.105828 -7.537062
6.459252 0.624033 9.081443 -2.538088 3.766264 -1.922084 7.198613 -7.607519
6.414244 -3.229446 9.872239 -1.873084 4.162778 -1.335371 7.170712 -7.544704
-6.498842 -4.236385 12.430470 12.080021 5.733118 1.358539 9.566718 -9.373886
-23.113240 -2.933120 9.219193 -4.685092 0.960352 -1.099091 6.970385 -7.456988
4.384978 -0.425612 16.341197 -4.819291 4.676526 -1.582212 7.774871 -8.416785
-21.780008 -2.425562 12.440295 -8.198343 5.660367 -1.201526 7.137531 -7.475607
-11.632457 -15.771529 9.951246 -2.780317 2.425338 -1.727665 7.018019 -6.933086
-22.373626 3.847985 9.851258 0.001540 -0.072408 -1.550196 7.355677 -8.145514
4.895008 5.011084 9.087809 -3.590832 1.071962 -0.302028 7.092630 -7.591374
-4.271629 -10.136202 -0.253911 -7.485126 5.722803 -1.198381 7.564791 -7.193060
6.228624 -3.799671 10.709483 -1.553918 4.815476 -1.211327 7.440183 -7.114922
2.040276 -11.863471 9.234191 -1.598455 3.865615 -1.186752 7.059203 -7.570529
-3.705818 -13.505206 13.672515 -3.673659 8.662559 -2.785160 7.683703 -8.947591
-15.034837 -10.206726 17.084703 -2.122977 1.491542 3.441956 10.878894 -9.381539
-2.711203 10.437936 17.389917 -1.676999 4.046684 -1.311205 7.089567 -7.539511
-12.043334 11.275019 17.412797 0.147909 3.829130 -1.144635 7.126385 -7.494545
-23.603308 -3.693971 9.308604 -1.739725 3.988710 -1.216166 7.014131 -7.501824
-21.321461 6.465862 9.541920 0.237556 3.605879 -0.152767 4.957647 -5.244261
-22.086616 2.086194 12.624139 -1.476260 8.986340 0.554853 7.489547 -6.981530
