-13.369152 5.852255 2.068307 7.563239 5.674646 1.754143 2.385300 1.103604
17.352930 5.500878 2.036293 7.567455 5.675259 1.754089 2.385347 1.103614
14.820909 11.783783 -3.585076 6.327992 5.657129 1.757881 2.385913 1.106123
16.635603 3.345994 -1.747988 7.432807 5.178045 1.468100 1.936928 2.202462
1.777195 -6.764027 11.137475 7.287123 5.385313 1.740722 2.450218 1.018321
17.243484 5.023252 1.740330 6.317264 4.515133 1.750644 2.395452 1.111559
-11.416883 -0.782568 0.604681 10.470818 4.415484 0.884406 3.265630 -0.075037
13.909676 13.651262 -1.913504 4.481601 5.581336 0.618779 3.755011 0.080343
8.387958 -6.846020 8.289864 6.994170 6.288585 1.553246 2.384945 0.874877
14.911262 -1.279973 -1.621871 5.401540 4.016262 2.082828 2.264587 0.681842
16.660341 10.123441 2.819275 7.598552 5.459488 1.756837 2.385206 1.103472
16.552309 0.946459 1.245161 6.413610 5.800414 1.558702 2.415822 1.147646
-0.675232 -8.383369 -3.374363 8.755806 4.564537 1.610432 1.962814 0.858833
13.065887 16.057415 3.712619 6.458075 5.887808 1.312821 1.993433 1.624962
8.536946 12.912663 1.257997 14.747384 2.338430 -4.778541 -3.408965 1.746370
-9.514685 15.339703 -0.917678 7.198298 6.138807 1.728495 2.475813 1.017016
-12.828399 6.508969 0.991477 10.006013 4.919117 -1.015976 2.520422 1.543337
17.100729 6.481789 3.335684 9.845273 5.481201 1.587142 2.617220 0.907478
9.315456 16.367732 2.622433 5.141585 13.425979 2.171883 3.055045 0.721376
-13.328993 4.872191 2.726749 7.641477 6.092733 1.976275 2.279191 1.299049
15.840648 -0.578389 1.870602 6.910348 5.229966 3.986386 2.537236 1.161008
-4.159824 3.700830 13.192008 13.933476 3.132618 6.592282 2.234680 0.593927
5.917006 -5.421853 -6.254548 8.947933 0.799278 3.471389 1.915214 1.667020
10.574649 11.352342 -1.350663 -2.198619 7.713841 2.255829 3.489843 5.221794
6.313137 -1.797202 1.654643 19.161355 3.468816 4.062124 -0.383538 4.201511
1.559346 3.384245 11.785784 4.333497 -3.413408 5.199589 7.224716 3.945947
16.556365 0.814887 1.625041 6.913272 5.500562 1.914529 2.293249 1.175639
-1.148320 -4.969582 -8.238970 10.035316 6.849154 1.919402 2.437434 0.979019
-12.134659 4.289315 2.699712 2.247900 5.338988 3.534559 0.755966 0.805204
17.348876 5.330857 1.955722 7.482655 5.852851 1.799672 2.378388 1.120448
10.868963 -0.173327 12.969233 5.410440 5.362097 1.825922 2.381215 1.003508
