1.946756 2.947997 0.239051 -9.698904 -5.135160 0.206420 -3.540965 -7.695391
6.218033 -19.120105 -6.128800 -11.080651 -4.754044 -4.285696 0.396059 -9.856881
8.605084 -2.874023 1.017168 -0.506790 5.340568 -2.472948 -1.336009 -10.153939
-7.127409 -10.624410 1.783044 -5.751266 -4.685735 -0.855193 -3.502027 -7.873882
-3.638756 -7.793433 -6.920753 -3.028706 -5.192881 -0.488759 -3.447653 -7.994201
3.583082 3.258799 5.824920 -7.621069 -3.327644 -0.584816 -3.591097 -7.716879
-0.072548 -16.809410 -2.195531 0.998768 0.836691 0.368942 -2.790517 -9.151774
8.433297 -24.200506 1.779385 -6.093740 -5.254025 -0.463936 -3.444994 -8.002853
16.620000 -4.240850 8.622153 -11.724178 -3.173588 1.579035 -4.413228 -7.631045
-2.795894 -11.681251 6.648437 -0.140807 0.476804 2.538509 -1.860697 -7.832372
0.186586 -2.600211 -7.187924 -1.183905 -5.424242 -0.045484 -4.123286 -7.529978
-1.506385 -7.012094 -3.580878 -15.805437 -5.103465 -0.500021 -3.485149 -8.019228
14.597181 -6.257663 -9.111528 -1.467298 -4.523670 -0.493345 -3.440257 -8.034961
0.676948 -22.666442 1.484331 -6.088679 -5.231672 -0.509526 -3.442674 -8.071504
-7.127811 -9.872674 1.037124 -6.384066 -4.840061 0.110115 -3.672787 -7.857591
-1.756436 -13.259839 -8.945052 -6.150290 -5.222166 -0.439408 -3.444362 -8.014532
-2.446863 -6.620497 7.507311 1.455347 -3.085420 1.540209 -1.509071 -6.935496
18.813437 -17.360052 -2.142752 -6.216400 -6.300850 -0.727524 -2.841300 -8.337608
-3.621751 -6.474431 -0.169832 -11.633241 -11.640266 -0.516334 -2.876052 -6.370244
7.368700 2.311410 -4.504041 -3.137459 -6.968601 0.751628 -2.521856 -10.513791
21.569245 -11.120366 1.112186 -6.324911 -5.275262 -0.444364 -3.413717 -8.082470
14.477332 -3.602499 6.501754 -2.378381 -13.360951 2.432722 -2.282475 -5.861920
1.891503 -19.120498 -1.488479 -5.866869 -6.814053 -1.966377 -10.584679 -13.152926
20.368389 -6.920509 -1.357345 -6.622327 -1.216705 -0.106363 -3.639175 -7.924295
-0.278986 -21.662053 4.651302 -4.818352 -6.068657 -0.675170 -4.034238 -7.327360
16.226640 -5.209918 11.964959 -7.059584 -4.794762 -0.071293 -3.486877 -8.453674
0.755261 -22.300290 -1.374885 -6.151036 -5.262667 -0.797257 -3.107031 -7.557037
21.075610 -8.294469 0.017097 -5.240564 -2.700176 0.667884 -3.940367 -6.669645
20.380003 -4.546197 0.561940 -8.382704 -5.362325 -0.423906 -3.403274 -8.095086
-0.244099 -16.368787 -6.122178 -12.916685 -5.180906 -0.506947 -3.538651 -7.961184
12.045484 -21.916270 5.582976 -4.015469 -9.703075 -0.742961 -3.376329 -7.964130
