-19.185823 11.338886 -0.341996 10.047871 4.029402 0.110768 -9.612619 4.081867
-18.964562 7.755690 -3.368785 9.106658 3.750582 0.399326 -9.768539 4.031242
8.216532 7.030047 5.656523 9.272227 3.959090 0.250597 -9.673160 4.012494
9.656760 11.148572 -1.498944 8.626250 4.127019 0.602077 -9.508449 3.848175
0.057500 -2.585721 3.177461 13.947989 3.698012 3.997362 -10.565977 3.940493
-6.165753 23.611738 1.550339 10.497523 5.203624 -0.284527 -9.539058 3.899950
1.242426 -3.111339 -0.911477 14.329175 3.587328 0.133010 -9.714898 3.934524
-6.098381 23.489195 -1.615948 12.821938 3.824438 0.102736 -9.648159 4.024246
-14.148467 -1.531064 1.618459 10.553744 4.412788 -0.087138 -9.742219 3.927909
-7.740767 13.626402 -9.791891 1.118795 0.241291 3.924663 -10.150905 3.582748
-18.122498 4.405579 -2.726822 8.764533 4.583872 1.133436 -11.149283 4.850148
-19.233945 10.992564 -0.322663 9.803848 4.012100 0.305825 -9.667472 4.045218
-18.924655 7.964760 1.917260 8.394990 5.230092 0.130673 -9.401077 3.935495
4.044082 8.660069 8.287793 11.695095 6.965770 -1.613924 -9.841677 10.286267
-18.814603 13.095862 -1.357698 9.291368 3.888636 0.253557 -9.674117 3.999380
9.811274 10.225998 -0.567916 9.898238 3.973388 0.544680 -9.664630 4.006072
-19.298112 9.010001 -1.187952 10.100960 4.390113 0.591832 -9.676093 4.193741
8.678868 9.971670 2.259360 11.634138 -0.400495 0.263359 -9.161230 5.004543
-9.764624 -4.303553 -1.742697 9.746221 4.013092 0.286437 -9.670405 4.016782
-6.715348 -0.151384 -2.251375 15.333608 -0.751428 -6.186324 -8.202129 8.308712
-12.129501 11.845863 -6.011625 -0.895224 4.121301 -2.615138 -9.337665 2.467595
9.802730 8.270009 -0.621799 9.709943 3.995325 0.253497 -9.668708 4.017338
4.071659 16.105192 0.455535 1.708145 3.879616 1.407545 -4.931261 4.869886
-10.095085 18.173598 0.521107 1.440085 6.723298 4.479223 -6.341088 4.510654
-12.037838 -3.207693 0.071949 8.753630 4.573908 0.788817 -9.671431 4.023122
1.188497 22.176998 -0.583188 11.108860 4.566351 1.843931 -10.525465 1.325811
9.757677 8.962858 -2.129853 9.724956 3.873378 0.246396 -9.664839 4.017423
9.829706 8.890588 -0.559960 9.934649 3.673490 0.120001 -9.643869 4.098006
2.180353 8.444090 1.193610 8.982171 -8.360910 2.281643 -7.686566 4.775713
8.923099 9.882676 0.632289 12.598815 3.580620 -2.346911 -11.300635 1.542515
-16.296453 13.629082 4.560260 15.530382 3.713627 0.158709 -9.862672 4.125234
-16.521658 15.528870 -5.647870 7.325225 1.762969 0.175043 -9.487281 4.094935
