-13.159085 -10.389042 10.490139 -9.074325 1.986520 0.130090 -2.156628 4.954566
-2.119713 -4.868791 0.804642 -7.879183 4.652405 11.733536 -3.149602 4.536153
11.500304 0.062410 5.131825 -7.097055 1.659580 -0.707552 -2.378747 3.586160
8.677702 0.410037 14.366466 -7.421949 0.193252 1.447648 -4.624566 2.186750
8.718509 6.615722 3.308987 -7.323773 -2.211863 -1.369252 -2.437565 4.875761
-4.338519 9.020066 16.032919 -13.983127 3.166951 0.348007 -1.420719 3.830875
-17.268667 -4.389247 5.181316 -7.643798 1.731581 -0.008158 -1.369704 4.271867
-5.976876 -14.796025 8.376891 -7.597153 1.743749 -0.768895 -2.695180 3.461954
8.652206 3.465519 13.801763 -10.512299 0.876742 0.596269 -0.743328 3.464751
6.029683 7.386119 7.704642 -0.624294 0.112682 -1.757262 -5.141780 3.632169
-11.407256 5.306295 8.454617 0.352126 -4.405024 0.080574 -2.689583 3.518118
11.066446 2.646811 3.946859 -9.075584 1.754281 -0.758988 -2.402682 3.523572
-7.122574 1.775974 4.096727 4.968646 0.892663 -1.913144 -3.554769 0.293552
-1.202964 4.979551 1.610605 -21.103810 2.450201 -0.603606 -2.597336 3.581493
-1.008266 -13.636814 3.589516 -13.766457 0.220623 -0.935489 -2.741892 2.788121
0.555185 13.091721 5.030432 -5.014641 -1.279457 -0.875078 -2.402912 3.575944
11.424961 1.842162 6.299558 -8.510698 1.707807 -0.528330 -2.248897 2.846428
9.028870 0.790830 4.579896 -4.699162 6.220577 4.476111 -0.699183 2.924203
11.517587 -1.508996 6.817741 -9.526977 1.042930 -0.315120 -2.395289 3.564245
1.373910 -9.573074 7.001440 -11.645430 -2.247274 3.495458 0.034835 11.641103
1.522503 -14.109409 4.622066 -8.849914 2.811950 -0.004870 -0.308532 3.376845
-17.872662 -0.767048 7.882127 -8.789404 1.742522 -0.756491 -2.423993 3.554711
-9.346236 11.290176 3.115276 -3.234459 -0.031243 0.795036 -2.278328 4.118647
-8.607984 11.640211 4.333450 -9.967481 7.329467 0.333416 -4.038695 3.804898
-17.938245 0.003907 6.923625 -8.324551 1.750171 -0.732834 -2.378544 3.581968
8.936820 -5.888556 9.145490 -13.232827 3.318084 -1.451522 0.221037 4.847847
-10.254780 -9.240205 5.079065 -10.074734 10.032290 1.172720 -5.293304 5.474998
-17.947092 -0.346999 6.042477 -8.249575 1.706498 -0.677886 -2.335431 3.618835
-5.055408 14.053359 5.507525 -8.733073 -0.426773 -0.720606 -2.375438 3.576276
11.491337 -2.373984 6.119603 -8.368749 1.781873 -0.752197 -2.405509 3.567467
0.222206 10.766861 -1.714227 -6.074068 -0.248964 1.760047 -2.652531 3.164388
-8.298205 -5.263860 18.417082 -6.823857 -0.852190 -4.182374 -3.160877 5.638213
