-18.130768 0.563052 4.131472 11.010462 -3.924500 0.991453 8.433322 4.673707
0.142084 -11.006583 14.464757 10.380075 -3.462160 1.006764 8.725991 4.428044
-16.804752 -5.187932 -9.165053 6.694720 -4.007794 1.402868 8.504662 4.498025
1.444733 -11.203070 -12.186321 10.027263 -6.203029 -1.976430 6.941439 1.977275
9.721601 -7.244708 2.195201 4.752197 -4.531837 0.639198 7.901009 5.039314
-2.425446 -19.032661 -7.443176 11.327360 -5.478837 5.183102 7.643291 4.179961
-20.349672 -9.142581 0.307035 9.577192 -3.786544 1.060197 8.419619 4.648140
-12.748920 -13.002298 -11.553322 9.582002 -3.921036 0.997328 8.431397 4.673046
2.568711 -5.259724 13.974577 9.593603 -3.917710 0.996395 8.427770 4.671879
-16.942386 3.214934 0.255812 9.686405 -3.625149 1.097201 8.405309 4.694405
4.320203 -17.121379 7.100009 7.550891 -3.699745 1.333326 8.514037 4.670734
-19.867988 -7.560275 4.826105 9.183363 -3.927964 0.991376 8.431301 4.673622
-5.598256 4.129444 1.868324 4.006349 -10.138008 -6.178019 8.025836 5.685626
-0.258970 2.394996 0.612944 10.267303 2.548857 2.407057 6.814214 14.191013
-11.997048 -19.718959 -1.926220 5.430306 -2.599472 0.411846 8.418385 4.809417
4.605924 4.705554 -3.902284 11.071720 -3.800379 1.027990 8.458326 4.657520
-18.342495 -5.939289 -7.394950 8.833980 -2.819801 1.407444 8.887838 4.431574
4.191598 -3.442948 12.279079 10.920305 -4.293708 3.011753 9.328985 3.868979
9.746070 -10.396701 -2.514061 8.049771 -5.300595 0.599204 7.688098 5.068542
-20.373421 -8.158650 1.982375 10.032132 -3.549636 0.529216 8.424127 4.593319
8.422279 -12.938763 -0.786777 4.869807 -5.308480 1.343614 8.263550 4.637281
8.966596 -12.551646 -2.675695 7.321688 -2.970972 0.968120 8.427071 4.750659
-18.731400 -4.085887 6.887898 11.480462 -3.459663 0.751238 8.560419 4.478854
10.553614 -5.471046 1.333798 9.265608 -4.120385 1.042183 8.415750 4.687274
-1.881857 -20.888548 -4.803162 7.141169 -3.708513 1.431095 8.456290 4.674041
-20.082728 -3.385590 2.055060 9.495879 -3.939503 0.959955 8.445057 4.679829
2.685428 4.917389 5.971019 6.509820 -3.341393 0.367357 10.238473 6.771325
-17.700625 -10.703620 6.539866 14.513068 -5.087889 1.732062 7.896142 3.997606
-5.513180 4.716877 -7.387654 12.866651 -7.002953 -4.393986 7.616973 3.741044
1.882205 -9.299377 7.952087 3.166380 4.852710 -0.780143 5.122139 4.027421
-19.682447 -4.671215 0.620753 9.242024 -4.762757 3.168192 10.912578 7.821937
0.022470 0.372990 12.191669 13.876264 -3.198828 4.052002 9.017383 4.568576
