-13.254797 -6.782576 -0.540839 -4.824835 9.129006 -1.667174 3.788732 -0.766412
9.066928 5.025238 -5.674040 -11.130238 8.571321 -1.303668 5.276346 -0.425173
-9.462595 0.772299 -11.788962 -5.805965 7.483170 -1.182851 3.003450 -0.890169
-10.032826 -3.723876 0.174415 -18.713058 6.595668 -1.952386 2.801914 -0.367426
-10.957411 -7.211080 -4.342199 -13.939793 7.450754 -3.753753 3.899956 -0.997637
8.294175 -7.835428 -0.318377 -8.373867 7.943886 -1.617465 3.778317 -0.770958
-16.069170 -0.536797 -0.618110 -8.510572 8.254147 -1.574519 3.787066 -0.798744
11.176247 -0.571481 -0.351300 -9.843756 7.953691 -1.464430 3.776309 -0.767992
6.966140 -6.163321 -7.556598 -8.663373 7.912858 -0.889242 3.731190 -0.478974
6.258648 -5.706656 -4.249187 -8.830515 15.130028 -1.854592 4.061636 1.712959
-10.485823 11.852978 -0.646712 -8.584131 8.075737 -1.599057 3.715861 -0.764105
10.329240 -3.432261 1.944920 -10.163688 8.468003 -1.709292 3.587692 -0.604312
11.307816 0.693332 -0.155271 -8.856617 7.834150 -1.636865 3.762557 -0.774487
-8.329614 8.226156 4.139539 -7.531281 11.075417 -5.670989 9.521077 -5.028665
-0.685524 -9.724820 -8.247229 -10.010172 4.831535 -1.708917 3.703778 -0.742795
-7.399323 -11.215134 4.097578 -8.080197 8.559608 -1.612201 3.763465 -0.776878
5.075863 4.726861 -10.526144 -7.179647 6.087236 -0.855516 2.027550 -2.816125
4.552380 0.149858 -11.571123 -5.246419 9.636140 -2.665301 3.387687 -1.087448
-14.642248 6.578585 1.480223 -9.368075 7.342218 -1.827521 3.795751 -0.732696
11.041615 0.415943 -2.676199 -9.143809 6.974105 -1.110852 3.739219 -0.785424
-7.300583 13.553770 0.521671 -8.610059 8.004855 -1.656188 3.764912 -0.749811
-10.203289 9.807168 3.121088 -5.782167 3.335184 -1.619611 5.852217 -0.474127
9.709569 -2.231285 4.639052 -6.612272 10.204271 -1.341407 3.829160 -0.775275
-1.291779 13.578103 -4.418874 -9.638408 8.476524 -0.555973 5.154658 0.484670
-7.310045 -6.076455 -11.191947 -8.425483 8.407784 -1.672123 3.759012 -0.740161
10.978078 3.495423 0.482147 -8.190044 7.296750 -1.054806 4.107631 -0.904291
9.184078 1.345090 6.934094 -8.828241 8.521363 -1.073184 3.783843 -0.810173
11.295128 1.444388 -0.494348 -8.767102 8.086466 -1.459340 3.825326 -0.901418
-2.490964 1.645283 13.316878 -9.308964 8.150205 -1.603291 3.832646 -0.886802
9.190771 6.159374 -0.218758 -13.366468 8.010807 -1.678442 3.786140 -0.790261
1.885751 -8.602555 -7.238633 -3.659289 4.700888 -0.590916 3.978758 -0.694335
2.878568 11.763261 5.755007 -8.799049 9.064059 -0.675434 3.509329 -0.477872
