7.779512 7.053525 -8.073065 -0.702492 1.034916 -8.178708 -2.928244 -10.003742
1.548118 -7.494178 -19.655294 -6.430116 -1.593564 -8.528049 -2.206717 -10.187680
7.787681 -21.286063 -5.710732 0.384452 2.734686 -8.345139 -3.121353 -10.122863
-4.698468 2.730017 -13.290685 -2.395851 3.380453 -7.826553 1.942382 -7.363253
-0.998425 2.945284 -0.643530 -6.358619 -0.255005 -16.535085 -1.695330 -4.579618
10.848457 -20.029950 -4.659474 -2.917253 1.445904 -8.267116 -2.771377 -9.917507
17.302454 -10.774869 -5.039681 -2.895685 1.527501 -8.253869 -2.787051 -9.937052
-7.047520 3.583475 -1.610687 1.793146 -2.739732 -8.598145 -2.789318 -9.720447
-13.533678 -7.302369 -4.543491 -2.086655 1.403186 -8.382576 -2.719113 -10.018744
-12.597091 -10.471511 -0.864449 -3.348434 1.168260 -8.371997 -2.730977 -9.932014
11.630647 -5.148899 6.260071 2.259741 -0.215266 -9.041632 -2.825073 -9.911183
-11.668968 -13.009604 -4.685514 1.370293 -0.176878 -9.599767 -2.912795 -9.895506
17.755298 -7.269372 -4.842048 -2.457898 1.648664 -8.288940 -2.798015 -9.933651
-8.065271 -17.006116 -9.688682 1.931796 1.970688 -8.085838 -2.831265 -9.940875
4.296662 5.878255 -6.874705 5.774917 2.363360 -8.791086 -2.788570 -9.928828
-11.934397 -4.634839 1.537883 -2.580757 2.379287 -7.952273 -2.758352 -9.858218
10.459586 5.726143 -2.693684 -0.220339 1.152951 -7.346496 -3.088382 -9.052787
7.802826 -11.932309 -5.596523 -11.131459 12.234484 -8.675485 -2.787803 -9.807881
6.008279 -21.148724 -0.873356 -5.837008 3.511725 -8.460145 -3.032166 -10.004311
-3.083694 -20.318411 -9.757218 -0.654062 4.811130 -6.029401 -2.966236 -9.770591
-4.254551 2.085517 -14.724304 -4.985787 -2.315386 -9.749158 -2.792329 -9.511534
-13.544244 -6.906080 -4.985089 -2.366332 1.751896 -8.196404 -2.775323 -9.943686
17.665373 -5.790876 -5.918754 -2.593908 1.863112 -8.325189 -2.751485 -9.620115
12.375809 -18.825989 -3.901791 -2.320166 1.636796 -8.246533 -2.874533 -10.064682
10.122512 0.518038 -1.031169 -0.430191 -2.322274 -3.712090 0.995359 -17.284628
-4.171827 -13.378839 -6.773507 -11.773038 -3.409260 -7.350226 -2.080653 -2.921026
6.257529 -21.850623 -5.796019 -0.887296 3.486095 -9.421163 -3.420275 -10.428296
16.541240 -13.055326 -4.506096 -3.008574 2.014957 -8.169633 -2.695103 -9.952037
-3.079485 -5.326712 7.588142 -9.539820 1.572100 -9.837855 -1.760671 -12.348065
-5.770983 5.502941 0.075960 -1.855216 1.660187 -8.587444 -2.745955 -9.879727
-3.556532 -9.046169 -15.442114 -5.970694 9.909675 -11.100331 -5.020751 -11.692457
