-13.677558 -0.085176 2.349437 8.930692 -7.185704 -2.070857 2.805064 -7.426163
-5.106902 11.268445 3.933283 9.088134 -3.574413 -2.594794 4.982590 -10.215274
0.038191 13.202179 5.199843 7.566936 -5.363238 -4.118141 3.191215 -6.500958
-13.953617 -0.474821 8.415175 7.092707 -5.007125 -3.911434 3.103814 -6.336314
5.143230 -13.846660 7.684424 5.237445 -5.811922 -3.754206 3.963834 -6.519140
-13.756800 -3.808012 6.989940 5.821887 -7.003573 -4.365893 3.647578 -6.390953
-13.967828 1.713032 3.820442 8.848241 -5.306149 -4.117396 3.223476 -6.522808
-13.129914 -0.483551 7.531245 8.797280 -5.938061 -7.668622 5.106753 -3.412642
-2.682618 -14.963009 4.002091 8.383950 -6.720485 -4.123021 3.234061 -6.502506
1.279475 -15.157806 6.864111 7.861556 -5.249866 -3.966787 3.371898 -6.619509
13.991460 1.047912 4.337824 7.454315 -5.627235 -4.059205 3.219405 -6.402645
-11.764189 -0.256433 3.137202 2.301321 0.506038 -4.666380 3.198910 -6.495004
-9.550678 7.657568 9.280649 11.261859 -8.082358 -4.001813 3.074701 -6.495623
-14.118921 1.493703 5.678085 7.387535 -5.510294 -4.144663 3.196152 -6.500994
-1.935704 -15.126987 6.349434 7.777175 -5.273706 -3.207583 3.382100 -6.845596
-14.308035 -1.839425 6.059812 7.762703 -5.551429 -3.951344 3.152636 -6.625996
-7.227689 -9.475001 -0.089582 6.944449 -1.532965 -10.304020 2.359546 -7.170032
14.171180 -0.750044 5.246598 7.605227 -5.373742 -4.120307 3.190852 -6.491663
-14.214881 0.385482 4.267288 8.533808 -4.952804 -4.374586 3.400458 -6.180283
13.489116 2.824364 7.126139 7.597545 -5.494116 -3.982954 3.113936 -6.544232
5.209955 -12.960656 5.245508 11.064296 -2.716820 -3.188221 6.502940 -8.201153
-4.973701 6.119882 14.535300 1.299149 -6.125557 -4.260119 3.202356 -6.518364
6.314153 -8.153020 -1.624087 1.751847 -9.468644 -2.671388 3.503476 -2.797860
-7.994204 -10.157204 -0.662582 11.274515 -5.417153 -1.304640 1.826325 -7.653782
8.236710 6.993077 5.486145 10.466478 0.390816 -3.968531 -1.728226 -8.296511
-1.724555 -13.402026 5.872385 0.712036 -6.329683 -4.346222 3.218258 -6.060272
-13.300451 2.452290 6.353075 6.361234 -4.964888 -7.800598 3.138931 -6.857095
11.265832 -4.495340 12.276942 6.849637 -5.571766 -7.482988 3.057847 -6.547866
1.309275 -10.949330 15.335808 7.351077 -5.486087 -4.131125 3.180095 -6.482609
14.141409 -2.014529 5.366294 7.570702 -5.319428 -4.186814 3.177227 -6.458563
13.675963 -4.785674 4.998926 7.878477 -5.193330 -4.209483 3.220396 -6.504919
