-4.555592 13.084822 -12.699150 4.100399 3.203411 -8.308609 -7.951549 3.399176
-17.098639 5.987030 -16.040990 3.881242 1.136992 -9.320727 -7.544931 3.239165
-11.436441 -2.020604 -11.191780 9.211872 -7.533470 -6.378883 -4.240453 -2.009108
4.653666 2.254911 -1.147440 2.728607 4.411775 -9.405432 -7.615900 2.882257
-19.163828 -0.708086 -6.824324 10.914525 10.260790 -10.726714 -10.727682 8.105902
-2.524542 6.746265 -12.243122 18.020486 4.029330 -12.217566 -7.841504 2.982945
-2.710760 -8.067361 -3.195866 -2.681296 2.255841 -10.095356 -7.156991 3.373877
-12.521393 11.017357 -2.186230 2.034000 1.015750 -4.918909 -7.637443 2.876227
5.215485 -6.228608 -8.901581 8.050838 4.345426 -9.269803 -7.624621 2.866405
6.888113 0.131752 -7.188060 7.408110 4.106684 -9.352366 -7.592734 2.883747
-17.519723 7.780123 -8.878996 15.485642 4.642123 -9.303961 -7.589628 2.830886
-22.236322 0.739818 -9.931826 6.737778 4.525321 -8.172961 -8.182704 1.725311
-22.468276 2.008849 -8.395055 7.447269 4.375617 -8.817781 -7.338082 3.044853
-0.622496 4.455862 -18.945574 9.998795 2.986284 -9.104058 -7.586614 3.319944
2.750365 -9.623345 -4.644868 7.317458 4.109127 -9.409243 -7.610635 2.862602
-4.876503 14.653268 -5.271478 7.048254 3.913833 -9.251990 -7.767402 3.024645
-20.082896 -7.911574 -7.759447 8.123492 4.145683 -9.556832 -7.675514 2.778150
-4.452222 2.000892 -3.766654 2.248543 -3.511455 -18.566379 -8.361040 7.571212
-16.261978 11.020909 -3.946197 6.058958 0.276132 -10.006042 -5.189482 3.362372
-0.187045 -11.546538 -3.706395 5.537514 4.959423 -7.962472 -8.084927 3.233140
-22.373778 0.663771 -4.556438 6.934035 4.827326 -9.874484 -7.606056 2.858158
-22.635719 0.337730 -7.124000 7.337685 4.101903 -9.354271 -7.617383 2.869965
-2.427984 0.801266 -20.760231 8.131037 4.164238 -8.254629 -7.218787 2.550834
-22.338829 2.877120 -6.058224 6.352884 4.107823 -9.367060 -7.620383 2.870274
0.554526 8.113305 -13.474543 7.020374 9.780920 -5.844720 -8.323298 3.852140
2.337283 7.247571 -1.190169 7.655390 0.809282 -12.249066 -6.770256 6.090473
6.661120 2.603703 -7.994804 8.036502 4.207209 -8.958443 -7.624439 3.230946
0.305828 -8.550993 -15.229419 7.674663 1.766421 -9.589053 -6.907488 3.456882
-13.689277 -5.848050 4.930161 7.963785 4.523704 -8.982776 -7.268468 3.025147
-11.110705 11.679793 -3.258414 15.221674 5.430353 -9.002531 -7.408865 2.899439
-9.236237 -9.199598 -1.854299 17.232619 3.752615 -9.592289 -7.409940 3.159632
-22.618270 0.005569 -7.747468 7.421105 4.099250 -9.206135 -7.651073 2.880151
