-15.705426 18.918160 -1.925247 8.925697 -0.750112 1.050348 -4.255064 -2.906392
-0.656401 0.472254 -12.727141 5.044309 0.880754 1.127877 -4.287365 -2.602965
-7.069923 21.188327 -2.164613 6.625737 0.572244 1.230535 -4.287323 -2.918097
5.556896 4.942387 -1.947073 5.557022 -0.366920 2.168562 -3.718969 -2.288481
-23.130710 5.672674 -3.095144 4.577082 -0.136328 1.149767 -4.379857 -2.829572
5.160703 10.332252 -2.551241 3.428285 0.571317 1.108640 -3.574733 -4.264947
-16.586842 -4.024260 -4.238677 2.346036 4.002736 3.321656 -2.569684 -2.397608
4.611049 8.662452 0.459756 8.791488 3.277575 1.316750 -4.287319 -3.976595
5.056853 11.214840 -1.617664 5.740299 1.201059 1.735174 -4.257111 -2.833179
5.634134 8.610212 -1.688100 5.923039 1.089053 0.885765 -4.287881 -2.868704
-7.516185 4.845167 -12.535890 -3.103222 -5.145666 1.368942 -4.712382 -1.919152
-14.764235 17.436373 3.219638 2.575523 0.247041 3.240247 -0.426305 -4.518033
-21.297832 2.529776 -2.963403 9.598988 4.356591 0.382269 -4.268673 -2.923648
4.870678 3.003227 -4.870751 5.098767 1.204200 -1.011806 -3.855825 -2.456427
-7.741419 17.279545 5.363501 -0.712022 1.779017 2.413360 -5.074249 -2.486562
-6.234746 4.286682 -15.269304 8.923411 -3.487178 1.001727 -4.690150 -0.962256
-16.549923 18.860671 -3.154948 5.934996 1.161576 1.579585 -4.036678 -1.036996
-19.469935 13.847841 -4.952202 5.164009 5.700814 3.106345 -1.358135 -4.269670
3.928460 13.895227 -1.569892 5.252352 0.573004 1.167713 -4.282331 -2.869063
-16.399905 8.127753 -1.269381 17.401593 0.736256 1.100514 -3.904368 -3.242085
-4.349047 -6.707181 -1.777554 3.215133 -1.099720 1.242354 -3.963970 -2.812961
-17.143959 14.779874 5.802398 3.486451 -1.421332 0.642781 -3.942913 -2.767159
4.019990 13.628171 -3.780655 5.981090 0.554343 1.167231 -4.243303 -2.908325
-17.012422 7.632937 -2.934835 8.405435 12.086520 1.202670 -4.390704 -2.806426
-6.761612 3.525178 -0.928379 7.164790 -7.875599 -8.399236 0.741155 -2.731047
-20.697704 3.303591 -3.098169 5.630647 6.413908 0.532811 -2.248398 1.144463
3.388178 14.298343 -5.302397 5.417830 0.539171 1.826409 -4.194916 -2.927831
-23.155287 8.244034 -2.140188 5.174975 0.651719 1.171575 -4.287621 -2.873180
-23.227282 6.829684 -2.467380 5.210719 0.645975 1.165724 -4.287431 -2.877257
4.412062 12.299772 0.016188 3.864676 0.317657 1.011039 -4.134843 -3.002793
4.030385 1.526346 0.448074 2.924924 -0.004381 3.281452 -3.663147 -3.521056
