14.987624 -0.005701 -6.874819 -5.767158 7.071021 6.066882 4.677992 -7.990273
-5.104513 -17.084485 -5.951183 -7.966736 11.191414 5.637577 1.833064 -8.715959
15.808387 -3.571829 -10.425094 -8.989749 12.969791 3.934325 4.264246 -8.215529
7.149290 7.143617 -0.032492 -9.855395 9.821919 4.467939 4.665242 -7.978715
-2.211428 -11.834048 -11.914013 -3.109213 5.272611 5.208072 4.069136 -1.194706
-6.543710 -4.733535 0.205730 -17.747016 8.488758 1.036017 5.407208 -11.494329
-1.450027 -19.097966 -7.635794 -9.285827 9.613461 4.018300 4.260366 -6.894571
16.754870 -7.534638 -5.035873 -9.948847 10.072803 4.211121 4.612585 -8.036596
-9.908605 2.114466 -7.777569 -9.510170 11.023826 3.985448 4.293048 -8.480182
12.791365 -1.722293 -10.003280 -17.328104 11.890499 3.297203 7.890531 -9.032706
-11.237114 -0.693411 -4.121763 -9.783831 10.331557 4.372660 4.949855 -7.884690
-2.788031 -2.104590 0.774368 -20.930421 10.329883 3.960579 4.630870 -8.572301
-11.984812 -6.822433 -6.804105 -10.258386 9.784407 4.443634 4.829277 -7.922879
-5.100633 -7.429827 -15.849949 -7.524219 4.598656 2.171443 4.044768 -11.874537
-11.283318 -4.041688 -10.675046 -9.859048 9.953026 4.435434 4.688551 -8.006154
10.374600 -11.157308 0.229514 -14.814811 14.628206 -0.555501 5.233836 -7.544929
-10.620493 -5.774054 -10.394631 -9.818702 11.662073 4.300328 0.411166 -7.613289
12.037335 -2.939787 -16.275538 -9.103005 12.256980 3.911368 4.937605 -9.539369
-11.134620 -10.447388 -6.164174 -9.274003 9.558756 4.325617 4.649733 -7.940079
2.677742 -19.780088 -5.733397 -9.872300 9.896349 4.429094 4.675993 -8.022446
-1.458090 -10.154648 -18.864408 -8.416386 8.879280 6.457657 4.258103 -7.768210
16.697486 -2.792980 -7.365860 -9.336139 9.709705 4.336116 4.593994 -7.996477
3.218244 -10.769000 2.954047 0.119712 9.099417 3.415023 4.553457 -9.816318
-10.013870 -2.283915 -11.602054 -10.535828 9.397295 7.743916 4.819809 -5.925894
16.953631 -6.028623 -6.035527 -9.766159 9.906076 4.431571 4.679011 -8.018253
14.550735 -5.177753 0.502608 -7.349273 14.030658 4.426717 4.733298 -8.246143
11.633953 -12.419038 -12.103416 -13.917114 14.237071 3.978335 3.752624 -7.961057
16.967463 -5.725136 -5.993214 -9.624761 9.895796 4.429552 4.678038 -8.017876
-1.375244 -8.996171 7.443548 -9.312129 9.830975 3.874476 3.462405 -7.724638
9.350603 -1.828283 -18.113365 -11.860906 9.860283 4.927312 4.439683 -7.721723
14.541574 -3.212985 -4.435393 -12.358514 7.418506 -1.051098 7.155997 -10.919978
