-3.587906 12.504411 -17.278499 -0.494657 -3.453244 -5.408105 1.087342 -1.554926
-3.800815 -6.880673 -7.761933 -5.537189 -4.553273 -4.786812 -0.006411 -1.248975
-12.601128 10.438225 -5.262948 -4.084545 -5.719248 -4.643686 -0.016230 -1.378063
6.905494 3.603573 5.825051 -0.776762 -5.073888 -4.875372 -2.999597 0.067488
7.739491 12.070461 2.517700 -11.564636 -5.424901 -4.261761 0.367056 -1.335238
-12.687010 2.892952 -5.534075 -5.593134 -6.418624 -4.281385 -0.123208 -1.490033
13.861539 8.790647 -12.209575 -3.770484 -6.137810 -4.621951 0.006846 -1.391178
1.480934 15.098697 0.358781 -1.019609 -9.040659 -11.564111 -3.323759 1.550334
15.184134 9.220836 -6.147901 -4.287960 -5.696553 -4.714418 -0.016842 -1.384857
-10.123583 -2.128575 -5.964110 -5.481013 -6.664008 -4.044259 -2.070353 -1.171959
-11.830334 6.084917 -5.455576 -10.134757 -6.886515 -5.141101 0.247478 -1.101407
13.536152 12.748055 -3.613580 -6.123413 -6.606984 -4.422078 -0.382389 -1.722705
-11.217210 -0.900764 -5.984719 -3.466163 -5.315593 -4.790782 -0.138643 -1.340457
-2.529234 15.075994 4.114091 -0.878807 -6.349213 -5.398888 0.730559 -0.930072
-9.985200 7.183025 -14.971493 -3.395586 -6.147621 -4.458798 1.386116 -1.504283
-11.239185 8.904705 -2.570330 -7.611717 -1.782742 -7.060041 -0.437208 -1.048036
-12.427454 11.042653 -5.843192 -4.007338 -5.557139 -4.678903 -0.001620 -1.399753
13.753948 11.690666 -10.180824 -3.579057 -6.583787 -4.182859 -0.080505 -1.313136
-4.813508 18.510824 -3.804642 -7.529040 -7.433783 -3.003176 0.549291 -2.019655
-12.423891 9.315032 -6.906813 -4.206001 -3.113681 -3.245554 0.946034 -3.038168
-7.957387 8.238055 -10.555381 -1.607371 1.319199 1.776557 1.057927 -0.696075
11.758500 9.797469 -6.782579 -13.102817 -5.381440 -5.063450 0.051925 -1.278964
-7.098537 9.416179 -16.788110 -1.522675 -4.852887 -2.667129 0.816790 0.003164
-2.996118 14.122999 -7.453549 4.049542 -12.382713 -8.624849 -0.102647 -1.389077
4.138890 11.773045 2.188083 -6.755001 1.706049 -4.654481 4.261072 2.843238
9.781772 -1.831611 -14.033779 -4.873719 -6.114881 -4.790923 -0.153771 -1.588271
-9.197911 -3.494002 -5.339411 -5.190084 -5.619686 -4.907770 -0.648005 -1.327154
4.702931 1.116514 4.802236 -0.283136 -11.422717 -4.993810 -0.064599 -1.387967
-0.944349 8.158574 -14.090658 -5.900164 -0.364124 -11.843915 6.764842 0.662701
-12.577743 8.600549 -5.122405 -3.260829 -8.403756 -2.921771 -0.563542 -0.364886
14.739439 1.836314 -6.206740 -4.014541 -5.550671 -4.664428 -0.017851 -1.383980
-0.894985 17.121036 -3.827048 -12.330410 -9.147716 -6.202991 0.269758 -1.479835
