-8.080053 -8.826255 2.969220 2.879438 6.084059 -2.600480 9.278936 10.857177
7.560619 -8.364969 -0.063366 0.747048 -12.126361 -7.185569 9.414699 10.115683
-1.546011 -23.329426 13.442187 2.072173 -6.320824 -7.038484 9.650633 9.384641
-16.784726 -15.317487 9.362712 2.756202 -3.574984 -6.983300 9.692942 9.227221
-3.542983 -22.963687 14.652038 3.858365 -6.743674 -7.180284 9.702994 9.318845
-9.959114 -3.806499 7.874582 15.449054 -6.437417 -7.549601 8.590622 11.065890
-15.966671 -6.981623 16.253788 7.140565 -6.973930 -6.802387 10.101757 10.233051
3.919611 4.357756 4.632928 2.701607 -6.324316 -7.090246 9.659939 9.391276
1.073780 -23.019871 12.665955 3.002925 -6.318934 -7.134996 9.663592 9.394280
-18.592215 -8.980807 9.102713 2.635766 -6.281271 -7.099703 9.651195 9.375357
2.070606 4.241651 15.823510 1.335040 -6.256922 -6.682964 9.640652 9.402960
-17.069021 -7.257290 6.077025 5.548040 -10.969043 -5.256351 9.664939 9.359351
-16.904099 -10.051216 14.394478 1.924624 -7.168165 -6.687291 10.801641 13.539924
-17.135552 -2.325300 9.764164 4.457548 -6.608765 -7.146592 9.697306 9.573527
8.464623 -8.832559 -0.035972 0.935943 -3.056988 -9.223493 10.345484 9.733328
-2.261817 6.759075 10.514835 2.776015 -6.245351 -7.200340 9.599475 9.434358
7.829526 -14.095686 18.447064 1.864637 -5.581948 -6.878902 9.712135 9.574869
3.729180 -17.184219 -1.612330 3.672872 -6.204422 -7.104034 9.678004 9.380441
-18.173010 -11.282323 11.515684 3.059535 -6.216078 -7.018099 9.674394 9.381083
10.492448 -3.245258 4.655324 4.329212 -6.447610 -7.307188 9.451640 8.914941
-4.827865 6.451201 11.265584 4.485243 -6.905877 -8.038067 9.182602 9.294660
-11.430812 -16.005510 12.017222 -2.287549 -14.897616 -8.543872 11.317874 11.252919
8.988315 -4.766962 17.531229 2.406371 -8.768539 -7.207417 9.650421 9.381167
12.187219 -7.102732 9.984689 2.564773 -6.333660 -7.136803 9.609223 9.388532
12.272853 -9.118877 9.146828 2.619766 -6.293219 -7.105860 9.670542 9.386995
-2.522598 -3.823786 9.079706 17.331487 -6.074906 -6.914733 9.397677 9.532220
-4.895184 -14.899938 5.236715 13.076452 -5.042089 -2.282423 11.764422 2.865233
-12.209739 -13.919484 13.033487 13.216406 -7.313466 -6.207512 9.660277 9.400818
-3.817903 -16.999850 8.594212 15.492405 -6.243471 -5.530439 9.646036 9.227221
10.829211 -3.009117 5.865494 2.064712 -6.847081 -7.101357 9.660114 9.390987
-11.187276 3.210637 8.207909 0.279024 -4.644766 -4.074909 6.983651 6.407372
-18.508667 -10.101338 9.508920 2.291280 -6.735723 -7.082157 9.680764 9.397018
