-17.224606 -7.002642 2.528474 7.322106 -4.946399 -6.581156 1.277954 3.483919
-13.069844 -6.994392 -1.585996 2.007652 -5.510171 -4.147396 -0.698705 7.705449
4.709156 -5.072171 4.377542 5.398092 -2.888986 -4.667054 -0.600900 7.617153
-10.644618 13.199468 12.712231 11.071299 -4.316568 -3.076030 -1.097938 8.327521
-18.723523 1.052543 7.838948 9.911693 4.340638 -5.288004 -4.208771 11.552549
-12.959101 13.323520 4.869270 5.864564 -5.678620 -4.932559 -1.243093 6.822019
4.271905 -7.512654 10.758085 5.419915 -2.880058 -4.660654 -0.601627 7.616402
6.611267 -0.441327 8.296741 6.286347 -2.606465 -4.631319 -0.752698 7.579391
5.802139 -4.444629 9.574602 4.173633 -3.080129 -4.827700 -0.697157 7.624118
5.938736 -1.424324 13.457841 5.311601 -2.970476 -5.678181 -0.600641 7.839014
-10.111615 -4.271290 20.482650 7.360296 -0.492821 1.958544 -2.392479 10.659205
-22.292498 -3.186631 7.990729 5.060093 -3.008352 -4.570623 -0.605835 7.610716
-10.689146 -13.056626 12.056705 9.905154 -2.917711 -4.660192 -0.601214 7.617078
6.696388 0.545477 9.732637 5.537570 -2.810771 -4.679471 -0.602289 7.611184
6.667146 -0.185835 9.639052 6.067916 -3.181390 -4.634014 -0.535502 7.612912
-22.812939 0.749938 9.345940 5.499931 -3.003656 -4.799050 -0.537959 7.683373
-11.763507 -13.729950 7.734894 5.559695 -2.950831 -4.674973 -0.608042 7.620173
1.692481 -3.488305 11.698765 13.182475 3.205059 -6.040400 -0.989008 8.846068
-22.811802 0.084805 9.288753 5.352548 -2.913808 -4.584199 -0.550290 7.635083
6.575410 -1.466499 9.434587 5.395615 -2.852970 -4.667315 -0.627659 7.665789
6.120521 4.328312 10.138653 5.953529 -3.788288 -5.022187 -0.805619 7.768433
6.703611 0.480731 9.298441 5.474857 -2.916166 -4.731973 -0.619839 7.620018
-2.585371 8.976565 20.046581 5.454899 -2.914505 -4.670428 -0.598035 7.628283
0.967712 6.402875 18.693201 1.993284 -3.010896 -4.033864 -0.068394 6.818518
-1.128987 4.029290 16.532348 8.159597 2.646377 3.434683 -0.419724 8.518617
-14.472460 12.513178 5.380676 9.443229 -2.805712 -4.589326 -0.599518 7.646453
-19.243412 -6.241530 16.190163 5.143908 -2.885715 -4.920365 -0.611623 7.642437
-22.564302 -2.134560 8.741327 5.649016 -3.298388 -4.883130 -0.540030 7.797323
-21.638126 -4.879399 7.807972 6.395198 -1.958066 -5.501257 -0.575715 7.710605
2.090086 8.131036 6.163550 1.734172 2.819780 -5.024475 -0.271044 7.946521
-13.398993 0.769352 3.145271 -5.067076 -9.369264 -4.543096 -0.595298 7.585194
