-3.963438 -3.907796 7.140257 -1.894175 -17.339505 7.116741 2.923660 7.248583
4.793383 7.866937 4.612704 -12.575786 -5.799993 4.368697 3.994313 7.266686
-8.623531 4.543057 4.201111 2.736153 -8.829505 3.196257 3.546851 6.249664
20.329834 8.680025 2.542208 0.553475 -10.390712 3.180593 3.707154 6.292061
20.424747 -3.887970 5.564507 -1.862787 -11.140892 3.638495 3.960868 6.734916
-1.220365 4.758478 -3.880294 -1.425258 0.199889 0.205482 4.328313 7.691880
-8.368389 1.888761 0.091281 -0.953027 -9.374538 3.285808 3.714956 6.284305
-8.180393 6.508238 3.881702 -0.157937 -8.571774 3.428575 3.753349 6.189606
13.870475 -11.789819 3.333948 1.475984 -9.693148 3.287791 3.635238 6.290273
18.208596 -2.282714 -0.185130 -2.610823 -16.893012 4.547026 3.819476 6.469714
0.518273 -9.825238 11.096103 -2.998122 -9.709791 3.364372 3.437172 6.099283
-3.079842 13.894602 4.066803 -0.211917 -10.274238 3.015662 3.269505 6.701453
0.025567 5.296359 -7.217639 -1.672574 -3.004617 0.612380 1.844114 7.967036
19.599709 -0.419072 -2.335338 5.738660 -10.322860 4.072525 4.681568 7.214174
11.058344 13.343589 6.323214 -7.419420 -12.571967 3.512719 4.210526 5.790504
1.341168 -12.386491 3.753914 -0.968782 -11.286438 4.828390 3.837172 5.120819
-1.432455 10.107265 -4.614467 4.147275 -6.322397 0.450178 5.298940 8.688861
-4.324250 10.663557 9.630301 -0.325009 -11.276093 0.774195 3.420426 6.724298
21.757225 3.351510 3.242447 2.368336 -10.612504 4.865479 3.830805 6.176636
12.086976 3.454907 13.454601 -2.334841 -0.668103 5.670754 4.756753 1.770657
21.245178 1.647631 4.972324 -3.434189 -10.963264 3.804530 3.569037 6.055704
21.264214 0.688295 4.719334 5.545136 -8.813091 3.267695 3.240861 6.170965
21.222264 6.273787 2.574805 -0.679657 -9.452355 3.312540 3.706551 6.280277
7.682850 -12.320433 -1.934934 0.928226 -11.367786 2.823185 3.614982 5.602836
-0.461806 10.803147 -4.825653 4.796552 -13.021032 2.225765 5.430432 8.242083
21.500574 5.791317 3.315886 1.038610 -9.314982 3.020979 3.692422 6.291413
-4.736760 9.006979 3.581274 7.665210 -5.423134 4.574181 3.725824 6.285448
-4.570202 2.670718 12.266973 2.310272 -12.920503 3.462100 -2.014499 6.445682
17.536225 -7.370459 9.449946 -0.829011 -9.334071 3.243448 3.696992 6.344435
-6.587833 9.538589 0.901566 0.942953 -9.302899 3.317185 3.699922 6.250404
10.281246 14.695156 -2.205717 5.280869 -9.802157 2.611731 1.503834 6.473929
-8.280043 3.959726 1.490419 4.300370 -9.367583 3.309516 3.713031 6.282466
