14.781180 -5.448684 -8.640881 -1.790105 4.403634 5.831907 9.050204 -2.098047
-10.843835 -10.894182 -12.597557 -2.459284 4.050484 4.756822 9.293629 -2.161867
-9.126356 7.167245 -7.834173 -2.062226 3.932566 5.090542 9.025877 -2.131419
-4.702926 -16.004530 -12.777830 -3.006697 4.064267 4.967596 9.034529 -2.089605
11.826832 5.298182 -6.188281 -2.670160 3.741261 5.833672 8.629970 -2.242158
-12.913217 -0.826633 -4.562144 -3.793866 7.592500 8.166833 8.614560 -1.761738
-8.315175 -13.464510 -6.898750 -2.154380 8.006589 1.149470 11.742684 -3.363034
11.504362 -11.070291 -0.820237 -1.866674 5.676423 6.233095 8.686397 -2.738267
13.845768 -5.960909 -4.809276 -0.314279 2.691804 1.084336 9.072134 -2.121014
8.452483 7.876761 -9.748399 -1.570017 2.667006 6.029375 9.059935 -2.113309
13.205139 -10.885589 -6.306004 -2.489960 3.977194 5.497570 9.044721 -2.000778
7.714993 8.434531 -7.466346 0.443516 4.048569 4.531463 8.313434 -2.299203
-12.984604 -0.687104 -8.223134 1.760123 4.464639 5.748947 10.565608 -3.100537
3.705412 -17.948607 -8.274260 -2.440126 4.037420 5.525234 9.086700 -2.297212
14.650574 -7.147410 -6.746893 -2.375194 3.882002 5.383672 9.046551 -2.113626
-14.118214 -4.508763 -5.590004 -2.330117 4.142015 5.095975 9.347078 -1.908096
-4.989201 -15.091779 -10.516551 -2.597585 -1.817157 3.291738 10.079464 -3.528216
-12.272230 3.245748 -5.174218 -1.972808 4.194480 5.394880 8.892195 -2.220593
-11.948799 3.928928 -7.072168 -2.785948 3.700386 5.416199 9.156096 -1.942693
14.491467 -3.961631 -8.662242 -0.267042 5.506887 6.970719 9.370186 -3.567332
-10.093732 5.696479 -3.157051 -3.045110 3.872642 5.531275 9.017055 -2.156072
14.203893 -5.770489 -9.526135 0.470013 2.279118 5.516768 9.101238 -2.105615
13.847014 -6.354662 -10.981639 -4.378309 5.249889 4.941171 7.632490 -1.471465
14.295026 -3.014784 -6.327367 1.204416 2.827501 3.819924 9.788898 -3.678378
-2.826443 -12.099291 -17.968833 -4.548384 3.018388 5.772634 8.953521 -2.377260
15.037182 -4.033473 -6.630797 -2.447496 4.002512 5.469357 9.051394 -2.097550
6.624686 3.030010 4.305602 -5.092284 5.243350 5.898528 9.062909 -2.035573
12.752116 -11.508395 -5.127583 -2.524181 4.117608 5.466526 9.039136 -2.170559
-13.395895 -2.463118 -3.359155 -3.458759 2.685572 5.557600 11.444547 -0.925090
11.480052 5.443467 -4.240039 -2.458812 4.200004 5.496525 9.001706 -2.128713
14.987471 -4.126197 -7.639444 -2.764833 4.107355 5.209355 8.618773 -2.213418
-12.684070 -5.990895 -9.817146 2.378923 3.194019 6.656832 7.983480 -1.726598
