9.644388 3.361472 -5.536921 8.409632 3.883640 -0.476723 8.972240 -3.154342
-17.669913 8.879724 -6.040323 8.882729 3.598687 -0.520339 8.980761 -3.289933
10.399744 12.704295 -4.007135 10.785586 3.594992 -0.505654 8.962410 -3.280966
-1.778934 -4.114809 -10.475986 8.943287 3.603268 -0.542268 8.951248 -3.255808
-10.204930 15.973613 3.322765 14.033513 2.054729 -1.087624 8.739990 -3.323476
-4.063284 -4.800137 -7.418959 9.213985 3.194992 -0.353256 9.084640 -3.182808
-13.681946 11.897907 -1.944651 5.224874 9.299695 1.784831 13.826548 -3.686565
-3.232389 6.486150 -0.794228 -1.052013 -3.906776 -3.879699 8.531211 -3.005658
-7.129555 4.149440 -16.962250 15.590218 2.577405 0.140974 8.685729 -2.666188
-4.446525 -3.566641 -10.265081 8.998871 7.105185 1.271749 7.996101 -4.362603
8.469574 13.675730 -5.493019 15.335302 4.500699 -1.053454 6.786025 -5.075802
11.030289 9.318856 -6.131581 8.889302 3.746242 -0.882922 8.967226 -3.225800
-17.680953 9.399129 -5.975753 9.159055 3.694632 -0.468876 8.994066 -3.234789
9.120061 16.632795 -6.345795 8.763077 3.609925 -0.469386 8.963578 -3.268503
-15.601888 2.706277 -3.096929 9.820557 3.680793 -0.398120 9.107738 -3.087415
-10.419441 -1.950022 -10.062540 12.097973 3.544028 -0.745469 8.931651 -3.224100
-4.715111 6.670117 -11.394478 0.271229 5.091802 8.978546 8.488775 -3.069718
-0.590164 -4.133700 -3.007175 7.699194 5.039697 -0.500289 9.482699 -3.578821
-13.699155 18.511922 -2.912744 10.674759 1.634736 -0.833404 8.906982 -3.367446
-9.220324 -3.159797 -9.436239 8.582608 3.197895 -0.351961 9.139981 -2.727698
3.356751 7.856532 -5.494475 14.492221 6.429639 8.656483 14.578369 -0.906036
-4.974162 23.368358 -3.888266 7.476903 2.967074 1.183508 8.790281 -3.364409
8.494147 16.937579 -3.564617 6.904864 3.427291 -0.449589 9.100922 -3.178559
9.791102 5.209432 -8.107635 7.735124 4.030734 1.702709 8.290579 -5.515888
-10.958521 18.686807 -10.303735 5.164539 -1.738555 0.306223 10.121695 -3.572719
-17.593268 9.771180 -4.824830 9.208212 3.257348 -0.017348 9.515666 -3.743781
-16.547707 8.413167 -7.136694 12.849890 6.713476 -1.788972 7.419430 -2.588050
-1.494806 -4.716524 -5.275199 8.704116 2.673820 -0.516728 8.997784 -3.327455
-2.316066 21.608844 -0.780874 11.090797 0.302552 3.272699 9.323487 -3.924827
-7.528467 7.181988 5.433469 6.873169 -0.410287 -5.630454 10.770275 -2.875890
-16.496954 6.112268 -7.554547 13.183332 4.844245 -0.488413 8.496488 -3.376882
