3.657620 -9.330937 12.269532 13.642877 5.035279 -7.784143 3.637673 -7.161227
14.488388 7.011928 12.140757 -3.541394 5.174590 -8.385468 3.387732 -6.151608
19.980564 -4.579642 4.486484 6.224929 5.676564 -9.484904 3.715325 -7.038711
-6.200343 5.701601 10.419669 6.322534 5.564196 -8.768157 4.079164 -6.954173
15.621323 10.942479 13.342316 9.226666 4.695368 -8.569473 4.041764 -6.888567
10.300045 -3.962854 16.521800 9.942335 14.011237 -8.256674 4.475378 -6.820656
0.993045 6.912761 5.639967 17.288904 9.704214 -7.863851 3.523197 -6.054172
13.869740 -10.260504 2.230895 6.050451 5.218354 -7.977013 4.899807 -7.564571
-5.388407 8.048755 9.615112 6.126917 5.477787 -8.563591 4.084209 -6.824733
14.865991 12.381861 7.166757 4.058064 7.314937 -6.551275 3.511568 -10.961870
5.050542 -6.590900 15.656340 0.907866 3.567245 -14.285444 3.979700 -5.812109
0.245948 3.161890 9.167664 3.072043 -3.170282 -13.853436 3.654583 -12.872553
-6.648620 -2.600687 7.459161 6.366771 5.623650 -8.583834 4.043266 -6.869105
21.588171 1.599178 7.531636 7.204068 5.914774 -8.621033 4.116326 -6.906997
15.047051 -10.664926 7.427012 6.352275 5.651137 -8.462579 4.044311 -6.843168
1.484666 0.184214 19.420333 11.239451 6.777219 -8.441008 4.168989 -6.884263
12.914230 -0.089559 10.154348 11.617829 -1.077340 0.830995 5.461734 -5.958430
-6.808144 1.203374 8.725101 9.440219 5.820513 -8.642510 4.170633 -7.171864
18.774639 8.591481 5.788246 5.440011 1.537608 -9.492041 2.666255 -7.051446
18.028191 2.814139 15.756624 9.729729 7.789644 -8.470417 3.775819 -6.773400
20.104737 -1.384066 3.252154 5.833401 7.924343 -7.941512 7.164995 -8.336509
-4.117743 1.664263 1.248903 0.191024 3.733825 -9.153300 3.867770 -5.447464
1.047019 -9.340073 0.556982 5.514312 6.330978 -6.031381 5.319299 -7.539505
21.247120 4.419600 8.284962 6.115085 5.971685 -9.187405 4.048981 -6.866259
3.239955 9.301246 2.804821 -3.082040 7.449573 -12.233745 3.829058 -9.098265
6.403618 12.107894 9.056649 -0.331836 11.808789 -7.911978 3.852062 -4.255683
3.320267 12.643177 7.867160 -1.683137 6.491001 -7.452656 3.914429 -6.838497
10.843713 2.642436 -1.540241 12.067568 -3.501610 -8.526653 3.865035 -7.073763
-7.214840 1.045687 6.816743 6.422847 5.671970 -8.541267 4.022172 -6.875492
8.667705 12.676396 16.127617 6.532916 5.704735 -8.718171 4.069535 -6.871434
21.510925 2.274256 7.690602 5.118781 5.460080 -8.895256 3.473949 -6.487626
7.268865 1.057124 1.276733 -3.083150 8.709445 -16.874862 4.690534 -4.700918
