11.198103 15.230121 -1.848458 8.626806 -3.112298 3.421972 -3.970458 6.615520
0.421936 -8.271660 6.167188 1.468976 -2.580494 4.306009 -4.819388 7.992239
19.993158 9.297715 5.002382 6.293223 -8.567925 3.893306 -5.681097 9.356396
-0.431974 11.727548 8.533055 1.814704 -3.270999 3.743044 -5.019690 8.323966
17.960437 4.100956 -0.980534 12.049893 -3.998541 6.916936 -0.112205 7.767104
23.399804 5.394167 1.658286 4.535678 -3.200069 3.921156 -5.072189 8.461219
18.197479 3.130533 12.100781 -1.194925 -2.672077 6.346027 -6.579998 6.076007
-4.543829 -1.381121 5.198056 3.809526 -4.159409 3.488365 -5.458817 8.506481
-5.609659 4.076317 1.477765 2.159276 -3.343151 3.855121 -5.057069 8.342274
-4.459359 -1.256725 0.599525 2.503992 -1.341909 2.678894 -2.707942 10.806241
10.399563 17.127534 4.673996 2.498756 -3.405776 3.871281 -5.068818 8.388350
-1.254036 -7.023992 -0.448243 4.706717 -1.120968 4.056482 -5.081427 8.489917
-4.330889 6.466235 5.540756 5.380906 -3.342172 4.404901 -5.052908 8.296394
-5.475831 2.949463 -0.059816 2.418600 -1.803436 3.521417 -4.931927 8.328420
0.294102 14.588326 1.773634 2.352109 -3.311506 3.841705 -5.058173 8.346650
5.035463 -6.623200 -5.938053 1.283999 1.951132 8.276150 -6.445126 6.432108
-4.070735 7.552350 -1.584494 -0.845213 -3.223402 4.256273 -4.792908 8.181115
16.425959 14.965025 4.479183 4.375278 -2.666704 4.641093 -5.575238 7.427216
5.371452 -6.184419 -0.430306 4.094662 2.247834 -2.351498 1.192930 5.625281
-5.117739 4.753545 5.215423 2.298243 -3.206664 3.853143 -5.067106 8.331147
0.584295 -6.757841 -3.561113 7.261322 -2.933630 4.028102 -3.858255 9.369310
20.796913 -5.983771 3.569845 1.893521 -3.534961 3.707245 -5.096858 8.305044
21.416746 8.707193 4.681142 -2.084300 -4.196156 3.363619 -4.893335 8.233193
1.685569 -9.041374 3.364251 5.984868 -2.383750 1.523362 -3.733372 8.262061
19.741235 4.821743 11.524466 0.732970 -3.193244 4.742983 -5.030773 8.094439
16.059045 8.024729 -10.103023 2.464657 -3.226797 3.693617 -5.106387 8.419423
23.790348 2.203186 1.828907 2.812525 -3.281761 3.750842 -5.147031 8.285096
19.636467 11.317067 5.831332 1.230145 -5.809995 1.013480 -5.207023 8.335461
-0.750595 -7.317943 5.636521 1.955612 -4.536638 4.892794 -4.044760 7.407109
-1.385630 12.066707 0.029109 1.055033 -3.646795 3.824655 -4.545774 4.324829
19.592393 11.256503 6.386257 2.645929 -1.735620 6.281572 -5.494835 10.276269
