-5.919091 16.618330 -12.267099 -1.146280 -12.345442 -9.826151 1.134232 0.584113
-5.382486 6.057259 -9.562163 -4.792137 -0.298010 -3.380430 -0.257636 1.174740
-4.905195 19.840343 -10.264498 -6.320326 -9.377278 -8.862790 0.303443 0.836361
-3.740189 10.796154 -13.149892 2.810567 -12.963813 -13.271238 -3.553893 -0.138362
14.949056 14.636525 -13.490684 -0.372493 -9.953281 -8.900106 0.292694 0.856091
-5.729971 0.009815 -6.394539 -0.632403 -9.065971 -9.737211 0.094395 -0.545932
-2.404667 -3.548499 -5.388080 -3.630747 -8.540728 -8.851633 0.196607 0.672213
18.272265 9.001424 -9.548943 -6.081960 -7.233081 -9.115606 -0.180441 0.511073
17.841832 12.419698 -8.867319 -6.306224 -8.341436 -8.730391 -0.096989 0.070246
8.802564 14.982343 2.481357 -7.253933 -10.681629 -7.477776 0.243946 0.780307
10.153374 -3.200943 -14.638418 -7.397629 -9.495644 -8.247111 -0.207414 -1.036157
-9.036511 2.884655 -7.979117 -4.011018 -8.536074 -8.540557 0.306092 0.838083
-1.796310 20.259278 -6.033402 -4.188840 -11.435239 -4.632759 0.263076 1.218571
-9.273562 13.510201 -9.887176 -7.209080 -11.714181 -8.419743 0.873332 1.059391
8.076807 -4.729622 -12.337493 -7.464378 -11.283342 -10.374752 -0.192336 1.208500
-7.960857 16.052480 -11.982390 -7.004115 -10.189618 -8.613890 0.642811 0.897022
18.244866 10.112957 -10.515118 -4.901136 -9.706469 -9.401549 0.298492 0.897570
17.857237 11.897543 -11.572356 -5.670682 -9.273111 -8.842601 0.527620 0.840028
-1.639386 0.786332 -2.468465 -5.925869 -7.721509 -5.542953 4.114949 7.344514
-10.043264 11.615813 -8.896806 -4.891224 -9.314082 -8.749001 0.252044 0.901180
18.414165 7.431255 -9.207226 -6.370331 -9.426315 -8.964519 0.274805 0.869767
9.385334 9.710520 -22.148239 -6.973960 -9.930841 -11.384855 2.237551 -0.770098
18.452402 8.624219 -9.320638 -6.174016 -9.282267 -8.799013 0.430229 1.097559
17.510246 12.893289 -11.494158 -6.104947 -8.686292 -9.969388 1.001155 0.357366
18.062712 5.580439 -8.751531 -4.886430 -8.885728 -8.914393 -0.367310 0.674541
-6.026851 10.167725 -3.530074 1.519870 -11.268669 -6.274087 -0.905235 -0.222977
14.468794 3.177006 -3.572825 -11.487344 -11.336039 -11.049164 0.023651 -0.211182
15.955776 3.678776 -15.834184 -6.578368 -9.402977 -8.853214 0.338153 0.750413
18.412417 9.506191 -8.833018 -6.173724 -9.349821 -8.898817 0.214524 0.975741
17.795894 9.792490 -10.964752 -8.171334 -11.964020 -9.375908 1.790117 1.861889
1.510586 15.130563 -13.175443 1.327949 -0.300557 -6.576610 0.465410 1.027967
