-17.700772 6.969990 11.647419 -0.799598 -4.575831 -7.279467 9.386255 3.454726
-0.728824 5.655264 0.712107 1.891838 3.499656 -6.423974 13.181243 0.106100
5.519159 2.010887 6.952266 5.528305 -4.278204 -7.203104 9.352982 3.504920
2.614676 -4.921380 9.753784 3.106030 -3.202201 -7.550438 9.149618 3.706345
5.326118 3.370761 3.027988 5.814226 -4.164577 -7.206827 9.370796 3.557482
-20.886729 -1.103587 9.939677 6.183114 -4.884843 -7.222028 9.001417 3.388451
-4.750496 15.315671 6.783547 4.479508 -4.601747 -7.206041 9.353816 3.506592
-2.061600 4.697617 2.448544 -6.307729 -3.692608 -7.346633 9.397753 3.503795
4.648414 4.429256 9.336849 7.425791 -3.882728 -7.241768 9.702671 3.397752
-19.347925 0.645809 -1.471274 9.644829 -5.095460 -6.974511 9.396713 3.289338
-1.146534 11.601716 6.835357 2.195410 -9.982665 -8.063832 9.966476 1.525914
-0.967045 9.066025 -1.919510 0.608464 -7.823551 -6.948046 9.346560 3.502227
-2.569971 14.611432 4.686057 6.038975 -4.035822 -7.502033 9.496179 3.497458
-21.665649 2.104722 8.321668 5.407395 -3.758346 -5.743679 9.781091 3.484329
-9.245802 -1.202297 13.153087 10.277024 -12.678252 -12.259586 9.495901 2.742029
-15.388253 13.870055 5.716271 5.396737 -4.297021 -7.185919 9.354509 3.506396
-3.379153 1.492699 -6.806374 1.901569 -2.143601 -5.998951 9.540554 3.314962
0.157446 5.018590 -1.139643 -2.228459 -1.334223 -8.692383 9.457838 3.385042
1.543128 -7.693927 6.387945 5.382562 -4.059623 -7.756404 9.023908 3.558703
-4.792289 -10.425063 7.774169 1.376090 -5.431467 -7.846680 10.394462 3.359100
-8.524688 11.447295 3.717672 9.367180 -13.472662 -7.223659 9.377241 3.515325
-10.481165 13.913847 11.108579 2.204809 -5.728827 -6.592169 9.080248 3.549345
3.922036 2.520504 11.467129 3.239602 -3.173794 -7.151519 10.205150 3.101254
2.404481 -3.014816 -0.157132 9.271453 -2.166350 -8.714095 8.974953 3.537292
-2.307145 -7.822320 -2.291568 5.159905 -4.242436 -7.216381 9.349310 3.519311
0.978932 5.024748 13.776820 2.290766 -8.276420 -8.244717 8.407757 3.951467
-7.977735 14.932407 2.368985 4.138957 -2.562956 -5.884620 6.383223 2.792185
4.486678 -3.294292 4.910072 4.742070 -3.627013 -6.916677 9.484682 3.906025
-21.881247 1.601840 6.414507 5.022937 -2.877151 -8.016553 9.088457 4.584495
1.869418 -7.164940 7.624736 5.596160 -4.388952 -7.203758 9.357381 3.505210
-12.773369 2.847802 5.122420 -3.296784 -8.793626 -15.466322 11.490756 4.705719
-8.085852 15.847282 5.171434 5.295045 -4.510857 -6.578594 9.225417 3.417971
