15.363494 4.148291 14.199182 6.531261 0.787850 1.929250 -2.048134 -0.552382
19.366423 -8.813671 12.880133 2.373024 -0.462064 2.491500 -2.029347 -0.401859
-6.576719 -3.743240 11.937585 2.079478 -0.596214 1.923958 -2.008502 -0.539068
21.718479 -5.171366 7.804686 2.556731 -0.501440 1.922073 -2.048163 -0.113710
3.994668 3.760188 17.549405 1.449130 -0.594009 6.308394 -0.657536 -1.718958
12.921550 7.842655 2.837817 -3.164702 -1.791354 0.212389 -1.491435 -1.709692
2.975878 -15.714969 1.979622 -1.841985 0.186312 -1.321715 -5.860801 -2.378158
20.603984 -8.525818 8.761931 3.792479 1.575423 1.177525 -1.846417 -1.070161
14.550948 5.038244 11.373589 -0.355747 -1.698703 -0.401191 -2.004401 6.046830
16.960732 -14.783203 8.124133 2.344368 -0.546422 1.858890 -2.035946 -0.645314
-7.445404 -4.598069 8.564207 3.434181 -0.562211 1.938121 -2.024664 -0.557308
-5.908708 -10.959630 6.820213 1.585716 -0.423027 1.865120 -2.118369 -0.561550
12.629516 8.247487 10.371644 4.020525 1.964506 4.912379 -2.579877 -2.221884
21.765194 -2.816196 5.056343 1.878391 -0.679882 1.855028 -2.017191 -0.485563
7.703496 7.847369 3.621487 10.026888 -1.345535 -0.896700 -2.105728 -0.464836
12.818319 7.891024 7.043630 6.199876 1.742803 2.902181 0.962616 2.979738
-6.594005 -8.908996 6.372891 4.419910 -1.033300 2.807835 -2.414020 -0.088454
1.345061 -9.498295 -6.018085 2.963891 -0.745578 3.041336 -1.585280 0.454954
-5.880506 -10.813269 7.150942 0.516364 -0.293024 2.186216 -1.968117 -0.505992
-5.246526 0.206057 0.061916 3.207196 0.549250 0.310686 -3.253450 -2.481558
-3.940055 -3.480745 -3.211377 0.852220 -1.282726 2.368380 -2.689591 1.425563
-2.900935 -14.831989 6.596125 1.624836 -0.574571 1.766952 -1.856553 -0.521072
-0.654002 -14.846808 6.926101 1.523449 5.369771 3.017233 -2.532739 0.904386
10.139095 -10.998207 -5.177838 6.776604 -0.430201 -0.014371 -0.755987 -1.124896
19.203318 -9.225308 3.644194 0.199082 -6.149504 0.640631 -2.485051 0.104286
-2.419126 -1.050930 0.940069 -4.872559 -3.463025 6.118189 -1.466209 3.559603
-7.483809 -2.994524 6.722648 1.849368 -0.749565 -0.340325 -2.023534 -0.559167
4.302108 -2.508112 0.579003 -5.513843 -6.403155 -1.971389 5.784122 2.368522
-7.455598 -5.442822 6.912885 4.133211 -1.098022 1.772753 -1.975575 -0.520530
21.716921 -3.251783 4.968961 3.484225 -0.818016 1.926027 -2.013444 -0.548450
20.361463 -10.020154 7.388595 4.021693 -0.941121 1.798864 -1.799030 -0.360599
