14.490114 1.291505 1.315445 0.221680 -5.006961 9.474450 7.159884 -3.223782
12.179736 -7.693862 13.574207 -8.382062 -9.847031 7.759139 5.248257 -3.444325
-2.513618 1.268324 -6.004921 -5.095870 -3.559875 7.934884 5.015284 -3.237647
-9.114519 6.633931 4.918036 -3.171980 -9.440775 8.017724 4.793660 -3.479782
3.613735 -4.931908 -3.555915 -4.190367 -12.111546 -1.230770 4.172581 -6.325544
12.397940 -2.205838 10.769152 -9.244237 -0.833960 7.802189 5.141729 -3.278104
14.392656 3.742793 -0.210793 -3.777843 -8.009754 7.736500 4.964669 -3.524114
-11.375193 -4.254822 4.217789 -3.487575 -8.282764 8.490854 3.961133 -2.607751
13.627729 -0.231751 13.684883 0.647584 -5.680277 7.014785 5.339268 -3.604178
11.782049 3.272549 -3.243063 -5.429103 -8.189122 10.738617 4.772428 -3.984838
16.428231 -3.633642 3.272890 -5.233514 -9.930545 7.159422 5.257006 -3.305750
-11.268672 -3.627956 6.392137 -5.558288 -5.861270 7.725045 3.896096 -3.624968
13.953070 -10.458198 7.323041 -3.627899 -8.561352 7.876662 4.968748 -3.515987
16.726257 -0.176225 6.125994 -2.556793 -6.293987 8.356493 5.167496 -3.344283
1.177815 6.979046 5.366098 7.360144 -10.095537 10.449025 4.479346 -3.664131
-11.715702 0.077773 6.135655 -3.225901 -8.576187 8.011984 5.149546 -3.382400
14.751336 6.133521 6.547428 -3.808081 -8.355355 7.562067 5.014133 -3.415404
-2.080664 2.162848 1.293523 -0.449055 -16.603170 7.970579 6.317201 -11.931626
-0.919347 9.880055 8.379326 3.543930 -6.411190 6.979667 4.583470 -4.495034
11.109078 6.393448 14.254746 -1.644153 -8.364123 8.336546 4.697792 -2.678894
16.761626 -2.829549 3.831664 -2.663625 -8.765693 7.760012 4.963351 -3.492014
-8.881341 -8.475004 8.207429 -3.420639 -5.571824 5.002336 7.911072 -3.391942
-10.012467 -5.020614 1.175961 -4.763749 -6.360292 5.074477 5.263668 -3.477788
-10.645368 -6.171560 2.632321 -3.726889 -8.520737 7.758412 4.949454 -3.510977
16.602438 0.474422 3.688949 -4.617256 -7.978879 8.456180 4.609996 -3.789893
0.656409 -9.156536 18.239295 -3.669719 -8.780079 8.580002 5.024781 -3.173692
-0.158157 7.782774 0.987275 4.336259 -8.545792 11.791277 5.773956 -1.315454
10.068012 7.151888 7.441817 3.672003 -11.491897 5.692654 5.488568 -1.000624
-9.055989 0.364062 14.329637 -3.387171 -7.889092 7.812921 4.627152 -2.976060
12.323617 5.440494 13.834017 -1.868383 -7.680060 7.897674 5.210244 -3.219292
11.160673 8.511866 7.130231 1.903939 -8.585344 7.796041 4.937370 -3.512827
-5.652506 -13.415306 6.922656 -2.990517 -8.154123 7.909469 4.941810 -3.518849
