18.736598 -7.511402 -10.540883 -4.441541 9.112518 -5.453103 -8.993663 -4.060470
-1.398734 9.605622 4.829868 -3.417182 8.512038 -5.673421 -9.170633 -3.688825
4.757662 -17.336094 -1.374662 1.913981 7.100017 -5.468081 -9.174257 -3.342992
17.537697 -11.974198 -7.712758 -5.381893 9.105856 -7.391355 -9.869290 -3.980331
-2.980650 2.463248 7.954835 -6.548645 8.234028 -9.715808 -11.462769 -0.075601
22.023098 -6.010346 -2.624761 -5.138086 9.600604 -5.029169 -8.923751 -4.175471
-9.144446 -2.060740 -1.312572 -3.865707 7.729682 -5.768913 -9.171540 -3.692832
2.831693 -6.106653 12.433630 2.238735 8.494412 -5.822711 -8.970564 -3.975583
7.713461 13.023017 -0.849522 -1.772161 11.316584 -5.588769 -9.136295 -3.805983
-2.983636 -14.735577 -4.521662 -3.594770 8.634404 -6.192662 -9.231962 -3.778601
9.511984 -17.552961 -5.481997 -2.902968 7.020432 -6.304405 -9.745337 -3.363994
-2.838996 -9.144034 5.199449 -11.669193 9.199373 -5.180994 -8.319155 -4.762989
18.217217 2.484106 -8.237914 -9.175543 8.186024 -7.317749 -11.756576 -1.115622
-7.959986 -8.630500 -1.424956 -3.309429 8.534944 -5.753669 -9.171163 -3.686697
-0.355608 11.106387 1.850076 -5.572856 8.052933 -6.438866 -9.304868 -4.131007
-9.128722 -1.315657 -1.707844 -3.611350 8.893125 -5.684609 -9.178113 -3.683501
-2.395754 -15.459417 -0.866943 -4.205491 8.297045 -6.484242 -8.676754 -3.213153
-1.052330 -7.202476 6.459129 5.039827 13.636811 -7.375928 -9.134513 -6.698823
-9.147774 -1.858392 -2.208787 -2.880610 8.506608 -5.763916 -9.173304 -3.698087
-9.040855 -2.822573 -3.593468 -3.366597 8.596104 -5.735638 -9.178448 -3.616164
-7.029433 -5.380793 2.220968 -1.251971 6.453296 -0.039376 -9.806060 -3.279928
22.555530 -1.464219 -2.567576 -3.332172 8.563120 -5.725245 -9.170425 -3.672469
-6.357185 -7.185136 4.244301 -7.901944 7.754119 -8.055241 -9.245922 -3.638102
-4.424114 -13.309335 -3.895523 -3.634785 8.282259 -5.186967 -11.370833 -4.754917
5.701449 -1.469000 0.895545 -16.957078 1.047999 -7.229772 -9.594544 -3.394704
0.161799 -14.075586 -5.181194 2.328187 10.556045 -10.398029 -6.938774 -4.390407
3.979900 12.724718 -2.228924 -0.812889 9.269672 -4.247171 -10.902364 -4.492868
12.996656 -15.832633 3.811428 -4.040357 11.270484 -5.734075 -9.173322 -3.691067
7.437347 -15.126430 6.988036 -1.277780 4.817914 -4.693782 -8.269117 -4.918216
15.057243 10.493548 -0.470582 -0.428390 7.057015 -4.643597 -8.881205 -4.885554
21.374630 -4.746048 3.207898 -6.004821 10.431344 -5.509616 -9.190448 -3.326585
2.567029 3.989655 -0.906474 -6.337929 5.639144 7.443115 -9.506942 -4.688510
