-10.103695 7.475386 0.539118 10.960073 -0.267622 -0.619281 -9.752963 -6.389133
11.705633 11.052028 11.958428 14.685554 2.565933 1.226035 -6.789563 -6.510479
4.237911 -7.202561 -0.448654 1.181050 0.849621 -0.546333 -9.598910 -6.534316
7.766246 9.318782 12.434937 -3.149775 0.566850 -2.093430 -14.218660 -11.199916
-10.957093 1.993281 5.816733 2.505656 3.598870 2.643768 -8.381673 -5.467909
14.512613 12.713839 11.082697 6.632201 1.792816 -1.718196 -9.946362 -6.441264
16.875087 9.275667 8.057019 7.402460 1.569655 -0.523632 -9.782431 -6.362002
-11.740342 9.343767 7.005375 6.745981 1.697048 -0.616077 -9.738611 -6.389365
17.262785 6.318632 4.823509 4.266889 1.721713 -0.620254 -9.738098 -6.389276
17.643712 5.332831 6.608954 6.871963 1.432886 -0.821874 -9.803816 -6.740284
7.313162 -7.348291 -0.091012 5.002824 4.454496 -0.610936 -10.821312 -7.848007
-8.089666 -5.094014 4.207092 6.121214 -1.281339 0.084527 -10.346390 -6.716934
11.253824 7.200722 3.558819 0.875730 5.133347 1.527700 -2.814033 -0.246063
-7.655912 7.948910 17.108456 7.234628 1.536516 0.241431 -9.609181 -6.225625
17.664029 4.722021 6.614501 6.753714 1.717589 -0.613636 -9.736866 -6.392087
-10.907128 3.266831 3.499883 4.974579 4.320104 -4.491909 -6.958322 -6.607362
16.699354 1.678918 2.609271 6.955042 0.322006 -0.680530 -10.677899 -6.538705
6.633521 19.168009 7.527076 6.003913 2.712262 -0.532112 -9.786313 -6.336493
-2.384233 11.371425 10.812413 1.689295 10.687358 -3.791741 -10.273989 -1.527547
-11.699492 8.489794 9.499087 6.608794 1.740012 -0.523487 -9.687175 -6.499551
9.970509 4.192934 -0.938349 -0.227757 -5.600679 2.583367 -11.381353 -6.669385
-11.090299 -1.309376 7.538949 5.311941 1.762909 -0.664745 -9.759822 -6.393746
15.059498 6.580665 12.109147 2.666883 0.924997 -3.912020 -12.398680 -4.814487
-6.812915 12.573236 0.659003 5.453683 6.706637 -4.123167 -10.714629 -5.032464
-8.510464 -2.415162 12.709842 3.149354 0.395796 -1.004046 -9.675762 -6.450477
-8.995072 6.082019 14.834208 2.759923 4.284335 -0.394065 -9.579165 -6.728909
15.560910 7.999250 13.524218 6.261297 1.785505 -0.644363 -9.632449 -6.591869
15.947592 4.871846 4.254466 8.827225 -2.667462 -4.826370 -11.089120 -6.939779
0.077480 12.183934 11.851386 -0.354811 10.371263 1.289491 -7.646448 -4.440756
-11.379465 9.767901 9.098672 6.574182 1.723755 -0.621205 -9.738486 -6.389329
15.894864 8.216556 9.592716 8.969964 6.493383 -0.217764 -8.615287 -6.538714
