5.033674 3.508693 3.530961 5.559579 -7.819345 2.409264 -0.663182 6.298289
12.404485 -4.558516 2.084004 7.292725 -8.305267 0.228940 0.714711 5.573466
-10.802436 -9.613022 -5.097158 2.883666 -8.578958 2.382176 -0.812668 6.430588
12.118283 -12.984372 9.097833 5.701606 -7.255537 2.214640 -0.636280 6.166188
4.366713 -3.077377 -7.750991 5.400279 -9.686297 2.833405 -1.850912 5.405569
5.573262 -14.814897 15.070550 5.280302 -7.160105 2.373495 -0.481273 6.154603
11.427036 -15.443495 7.772493 3.119235 -8.340195 2.237057 -0.964485 6.429592
-13.478062 -8.133460 1.018355 2.796363 -9.186258 2.390721 0.244472 6.787865
-13.927924 -12.027172 3.557899 5.564668 -7.797127 2.404901 -0.657610 6.296394
2.812911 -5.813180 0.510270 -6.802674 -4.554270 2.527504 -0.180363 6.168014
13.769691 -9.713873 3.332834 5.444995 -7.550071 2.412160 -0.657033 6.295271
-9.567104 -19.746997 3.751710 4.979576 -8.006376 3.236853 -0.295980 5.996825
1.333141 4.273256 1.521304 5.183797 -8.320692 2.631436 -0.681716 6.216656
3.511089 -0.997267 -3.547403 7.656499 -2.598907 7.708580 -0.381064 6.171842
-8.839170 -18.303871 9.948084 6.201755 -7.754779 1.505788 -0.595688 6.291862
-10.958417 -10.802244 2.673505 4.092350 -0.951693 7.651175 -0.591528 6.774042
12.573339 -4.894585 1.786828 4.172517 -6.758193 3.053170 0.350811 4.330003
-12.333363 -9.295051 -3.123558 3.929725 -7.466923 1.831515 -1.068213 6.302667
13.240125 -12.700528 3.299339 3.929021 -7.565008 2.139144 -0.354826 5.212224
3.350356 -9.601768 4.476112 17.691316 -13.619921 2.900142 -1.364232 6.096601
4.281439 -16.907768 5.269654 8.009620 -8.667426 -4.057183 7.194525 3.758864
-10.767136 -14.274299 -3.963981 4.266680 -7.348445 1.693330 -0.556528 5.181505
1.552190 1.260609 11.771502 2.413875 -7.954963 2.370401 -0.828287 6.402691
2.204368 -22.182933 6.650890 1.424335 -7.082939 2.355091 -0.588587 6.539628
-9.130541 0.200363 -1.026161 5.774825 -7.062467 3.251817 -0.653385 6.189676
11.447660 -4.113810 -1.157809 7.025147 -5.614520 3.851076 -0.666822 6.320212
7.171131 -11.376332 11.887116 -1.527077 -4.530470 -0.195932 -0.852848 6.031211
9.100392 -18.951675 7.343979 6.305909 -5.946207 2.781724 -0.726612 6.408289
-12.761758 -4.824799 -0.251223 4.390555 -7.512116 2.406011 -0.653307 6.303212
-13.983556 -8.801398 3.194236 6.041126 -9.865986 2.364137 -0.635867 6.543626
-7.713674 -16.664363 8.512863 7.834009 -10.172105 9.268146 -2.168417 4.929412
9.514709 -9.571345 11.844225 2.859101 -4.382897 6.041343 -0.536533 6.244027
