12.571829 -3.050135 -7.410844 -2.686742 1.425935 6.134981 3.600631 6.243226
-12.716330 -14.461921 -5.647241 -5.909295 1.274474 6.203638 3.585076 6.380229
-17.076873 -6.541964 -6.052456 -3.955157 3.324633 5.914089 2.927127 6.145672
10.909262 3.361342 -7.230961 -3.637667 1.035000 6.217276 3.516807 6.417095
11.719920 -7.199778 -9.150541 -2.553780 2.816787 5.395199 3.571977 7.230225
11.332450 -4.220686 -2.005909 -7.530356 2.437265 7.235229 3.746375 7.620127
8.778677 -12.947764 -4.151231 -0.454535 -0.461859 5.312154 3.369838 6.179732
-0.573667 2.038517 -19.713135 -5.643989 2.828210 6.118784 3.655971 6.526973
11.161535 -8.977725 -8.742473 -3.399214 2.720261 5.454057 2.134292 7.836118
-14.085560 -13.099108 -5.896184 -4.703132 -0.602933 5.770221 3.518167 6.412046
6.249645 7.618096 -5.073090 -1.064476 4.912352 7.582856 3.318056 7.655182
12.536260 -3.609403 -7.146499 -5.161945 0.807954 5.916011 3.488228 6.520033
9.225514 -13.181471 -5.862589 -4.362766 1.394397 6.163888 3.521808 6.385687
11.984054 -5.008477 -3.590738 -3.899833 3.277613 4.347428 1.971704 6.776877
-2.525369 -18.117326 -8.990805 -0.688400 0.871475 5.158154 2.865229 7.602031
-15.395221 2.857958 -1.930205 -2.418749 1.714286 6.210924 3.427584 6.479923
0.521433 -18.114581 -9.197841 -3.988579 1.102780 6.645588 3.014760 6.414971
11.705672 -0.212409 -3.735818 -1.577792 -0.483162 7.963589 3.414098 4.880612
12.122246 -0.701193 -3.766071 -3.952132 1.660946 7.361347 3.609694 6.517007
-13.491974 -3.470454 -6.920583 -3.889143 -8.532412 2.188464 3.618499 7.468253
-3.308429 11.286358 -5.761318 -1.355508 0.607055 5.540724 3.102508 6.928111
6.139842 -12.364357 -10.778575 -1.958063 -3.914718 7.687738 7.304145 10.301022
-17.322510 -1.746748 -4.858284 -2.230547 0.361825 7.003202 4.063810 6.209609
-14.286278 -10.961864 -11.219364 -4.806056 -1.168650 6.636607 4.657084 7.740986
11.395955 -3.015832 -4.775446 -7.048849 -1.962478 4.961749 0.028667 6.388907
-12.108099 -11.573790 1.230972 0.105099 0.726629 7.629591 4.066653 8.268223
5.111334 6.825830 -13.590601 -1.749373 0.694319 8.037559 3.921734 6.583027
11.184283 -8.655425 -2.129505 -3.579639 -0.337387 6.241875 3.511606 6.407118
11.838312 -0.527230 -7.710180 -6.138857 3.034335 5.522032 3.410964 6.086530
-16.691925 -8.641054 -5.502990 -4.348830 0.891251 6.218220 3.556931 6.355589
3.597413 3.047699 -16.589738 -0.324957 6.191221 6.440194 3.537475 6.421974
3.676514 5.169485 -8.509399 4.733739 5.760065 3.785536 0.314180 5.543737
