7.708273 -9.584488 -4.844100 -0.603101 8.546890 -9.042542 6.634520 2.926161
6.297592 -13.008897 -0.643064 -0.744363 8.480033 -8.545385 6.622074 2.987604
-10.380110 -3.020693 -7.632012 -6.040471 12.764812 0.484744 2.912427 5.928853
2.459706 -18.927176 -2.299367 -0.395755 7.876509 -8.862034 5.304037 3.252611
-21.085123 -9.657679 -4.000680 -0.561735 8.838423 -9.054274 6.644316 3.012579
-19.536800 -3.164304 -8.398630 0.107076 8.236117 -11.457263 7.563007 2.618968
-4.477343 -22.077299 -2.061756 0.956699 8.849651 -9.160997 6.802591 2.855164
0.757605 3.552366 -2.876323 2.175403 5.525441 -9.529094 6.968001 2.795258
-3.668038 -10.717669 -5.052826 7.525405 2.542433 -9.744892 15.761221 6.207969
-21.169735 -7.322463 -4.612577 -0.552526 8.828939 -9.153047 6.608094 2.871014
-15.567938 -0.398297 0.546888 -4.108603 3.558528 -7.061603 7.206851 4.205353
4.403859 -16.401688 -7.561651 1.810453 6.646742 -8.999382 6.445949 2.460908
5.831142 -1.259869 -2.297910 -1.386270 8.728974 -8.914985 6.524043 2.822508
-15.311238 -2.279884 -7.140052 -3.235833 2.762386 -15.637355 6.192730 6.005252
-19.903274 -2.701328 -7.305955 -0.157119 8.683551 -8.979181 6.619984 2.915926
6.646615 -13.477764 -6.264794 -0.344321 8.622659 -8.971306 6.635220 2.918504
-10.756288 -3.371693 -11.630014 1.939425 2.282471 -1.160908 4.097046 6.089302
6.886927 -3.116979 -5.469120 -0.090721 8.544245 -8.901803 7.117764 2.780453
-4.578547 -2.340302 -9.174404 11.113597 6.723676 -5.657873 4.347273 1.805035
-21.089051 -6.343744 -4.734052 -0.523538 8.587922 -9.073451 6.597432 2.968085
7.788738 -8.299670 -4.500946 -0.448528 8.672549 -8.956575 6.650965 2.930412
-1.927260 -8.369380 -10.506437 8.706524 7.111493 -16.466646 4.547676 -0.031160
-0.209531 3.705440 -0.128854 0.122980 6.318380 -7.271871 6.963406 3.426278
-19.771690 -13.634663 -2.235666 0.727912 8.241181 -9.426922 7.404238 3.220192
-21.056221 -6.502540 -5.374308 -0.351639 7.909541 -8.367092 6.455797 3.218581
-9.729802 -21.921389 -2.028353 -0.655802 9.803176 -9.345422 6.825731 3.225028
6.053178 -6.226921 1.948839 -0.646040 8.322674 -8.807668 6.635262 2.964926
-12.991150 -20.988793 -6.334455 -0.775672 9.191175 -9.007885 6.728523 2.808886
-0.587730 4.839468 -6.228973 -1.726004 9.849797 -9.540271 6.531691 3.258911
7.106855 -9.681616 -0.618074 -0.290780 8.265752 -9.241357 6.219548 2.949613
-16.572711 -3.812865 -1.846537 -9.186396 5.734124 -9.256971 6.548893 2.905108
-2.435268 3.941240 -7.136724 -1.569819 8.063886 -7.822212 1.106400 0.090752
