13.628640 12.318245 -3.261496 -0.661479 6.892232 0.725350 1.100872 -6.442673
-12.486150 8.701574 -5.119307 2.325353 6.074826 0.837395 0.715057 -6.572135
-4.752467 19.276459 -6.946861 3.495782 7.004457 4.458146 -2.690880 -7.066792
-9.843909 1.180068 -7.932340 1.334922 3.414179 0.915646 0.799402 -6.668818
-3.031764 0.555982 -12.380024 -5.226295 6.586420 1.368690 0.365697 -5.683509
-5.665695 13.730830 -11.862745 5.941972 -0.777402 -1.365997 1.972357 -7.024466
-4.469733 18.179430 -2.436356 8.929348 4.997668 -0.065108 1.873260 -5.363644
3.467005 20.753161 -7.548324 5.969748 7.767636 1.652645 -0.782166 -7.295363
2.664761 17.133296 2.517080 0.677303 5.128596 -1.462432 3.138331 -12.024515
5.340759 2.372103 -0.416023 -4.776654 4.935774 4.164153 4.971992 -1.168480
14.151629 12.225939 -6.124678 2.164887 5.395380 0.509195 0.781692 -6.537642
-1.942969 17.479736 -3.486669 -5.691821 4.075272 4.564979 -1.537882 -7.616237
-7.639049 -0.599655 -9.213337 -1.503644 6.160937 0.705240 0.722468 -6.573736
-0.622357 0.544131 -6.030109 8.570055 -0.878649 -2.696679 -1.698827 -10.756832
1.280610 5.782855 3.565267 -7.418176 4.552304 -0.094037 2.280008 -7.637156
-6.638650 16.452176 -11.744625 6.332682 6.757145 0.660577 0.705342 -6.420278
-5.692931 -3.332306 -4.807542 3.192184 7.340423 1.125505 0.331594 -7.982121
7.572310 -3.018827 -4.563606 0.798816 9.826792 1.480773 0.621468 -6.479506
11.461489 0.103025 -8.469986 0.685033 6.429184 0.963463 0.720281 -6.588403
-0.194981 13.990143 7.017573 1.711960 5.770810 0.770367 0.637669 -6.381922
3.755782 2.606426 -15.626710 8.458154 6.786432 0.399812 -0.465844 -7.229117
10.932624 -1.134773 -4.090523 2.699846 6.299981 1.058605 1.173652 -6.980297
-0.663285 -3.082334 -8.001219 0.902239 10.897018 -1.164811 0.187515 -2.467792
14.219642 9.910088 -2.660326 1.079911 7.965341 0.320292 0.544555 -6.136188
-12.146362 9.638162 -2.553439 2.448434 5.775613 0.887255 0.699803 -6.547927
14.611074 9.283289 -3.581702 2.881116 5.317487 0.597731 0.899596 -6.441359
-8.080156 10.869857 4.427182 2.369383 6.017269 0.563483 0.760811 -6.751538
3.626200 21.176702 -8.802343 2.518597 6.501060 1.191662 0.156515 -6.870502
-11.131138 12.449687 -8.900996 4.249240 6.865884 0.276277 0.681736 -6.554856
0.760887 21.620627 -2.619244 1.611305 6.156389 0.834161 0.737020 -6.557326
-11.236144 2.863823 -4.007103 0.947788 6.024282 0.623986 0.711196 -6.568326
8.226840 17.723843 -8.028790 -0.701160 7.971672 5.828732 1.047649 -7.557064
