6.314910 -7.392555 -3.500283 -4.417591 2.171185 1.745455 -7.486840 -8.201754
-21.938985 -2.723935 -2.030999 -5.291893 1.654964 3.253925 -6.360332 -9.418256
0.844451 2.575244 -8.423119 3.871458 0.543366 -0.357421 -5.712990 -7.161171
-21.398033 -2.742668 -3.860156 -6.231324 -0.335191 -1.427393 -7.327756 -7.278062
6.208654 0.620478 -5.856714 -4.226000 2.827792 1.739277 -7.441534 -8.491079
-1.443392 -14.408278 -4.431478 -5.761131 3.666245 9.565090 -8.316194 -8.473660
4.416790 -10.023110 -1.053994 -0.963930 3.907151 1.768879 -7.484246 -8.084877
-22.234685 -2.662773 -7.239345 -4.251134 4.140730 1.581950 -7.886334 -7.953910
-12.400307 -10.083992 -11.356831 -14.363644 0.068670 1.632987 -6.080492 -7.012523
-9.001155 -17.246186 -3.163578 -4.309157 6.907727 -2.118536 -6.629806 -7.825756
-21.524008 -1.973641 -9.647877 -5.612410 4.121752 1.918214 -7.333752 -8.213474
-22.029931 -0.114570 -4.730677 -4.789913 4.035003 0.964506 -7.668464 -8.345465
-0.250413 -15.630356 -8.370580 -4.033018 5.283406 1.407946 -7.254270 -8.337016
-11.088015 -9.834971 7.721124 -2.539755 6.190726 1.179260 -7.704322 -7.913797
-9.252168 -16.200011 -9.994071 0.821763 3.732652 1.353547 -7.183550 -7.497646
-7.289471 11.019844 -4.352487 -4.198569 3.862792 2.115386 -7.352993 -8.198589
6.898845 -4.425518 -4.688281 -4.746751 3.549883 1.909498 -7.321197 -8.220270
-21.792944 -5.879023 -7.709767 -5.275041 1.708102 0.830591 -6.077950 -8.937338
-14.786027 2.884027 3.581646 -11.026192 -0.085657 1.387534 -6.946745 -8.342271
5.261793 2.205346 -2.991651 -7.407269 4.154348 2.095464 -7.289575 -8.171522
-17.186975 7.658316 -4.757391 -4.502779 3.529936 2.009974 -7.292549 -8.271569
-22.367719 -5.098701 -4.522385 -3.996415 2.991347 1.112608 -8.162933 -7.832834
-10.698512 -13.772938 4.501039 -0.218250 3.999409 1.971649 -7.812251 -7.307858
0.017154 7.515663 0.670334 -3.737796 3.659810 1.605077 -7.315944 -8.206803
-10.722835 -5.546872 -5.944371 -17.925223 -1.098732 0.511725 -8.520214 -7.886107
-7.308928 -17.764677 -3.694651 -1.910637 3.512288 4.813751 -6.589625 -7.455429
-16.849102 3.320848 2.878200 -6.980006 7.704328 2.708045 -5.579995 -7.344676
6.773361 -3.298304 -4.638374 -5.220598 3.385653 2.528824 -7.838219 -9.957398
-21.721222 0.535100 -6.830911 -4.747438 3.685599 2.222434 -8.068630 -8.124163
-18.103090 -3.987229 -9.592229 -6.773664 12.524249 1.595444 -7.358501 -9.431675
4.712283 -10.748370 -1.597453 -4.572527 3.525845 1.869779 -7.331354 -8.167286
4.339127 4.225195 -6.037196 -4.531343 3.786038 3.472956 -7.182008 -9.887230
