-7.528011 -1.758661 11.535391 7.520902 -4.217822 7.562749 2.045555 8.873245
-8.989746 -5.057882 4.963075 6.240867 -4.612692 7.056176 1.132225 8.902244
-8.218341 1.599199 2.723967 9.666710 -6.647748 6.716596 1.609190 9.650159
6.691502 -8.333062 5.977907 -4.453567 -3.729167 9.691317 4.253743 10.159446
-8.708276 1.572069 4.326212 6.985887 -5.117633 6.957155 1.237816 9.140231
-6.949343 -9.786793 3.557259 8.289805 -3.853250 6.112794 1.720014 8.640212
-7.534057 -5.709212 9.866785 5.985838 -2.180315 7.073574 1.308093 9.087128
-2.312529 -12.027041 5.280565 4.888667 1.586051 8.602124 1.399558 8.185208
4.397224 9.848246 9.577196 2.454745 -4.016274 7.099958 1.315334 9.075208
-9.236175 -2.501971 4.479821 6.591280 -4.260238 7.483121 1.064802 8.891821
-7.122746 -2.494847 2.843922 11.527482 -2.336060 12.071385 0.338795 9.541466
-8.315643 2.706402 5.235756 6.787913 -5.104407 6.708076 1.245952 8.978118
-7.835245 -5.563488 0.833269 9.721624 -3.510089 9.006161 1.588287 9.029916
8.103456 9.367815 5.047852 13.101293 -3.343679 4.514584 0.225875 10.511438
16.651213 -4.687353 9.427693 6.494109 -4.447051 10.187743 3.446690 5.458005
9.324749 -14.656724 0.156743 5.614201 -5.388158 6.712830 1.349631 9.048181
8.838141 -6.253491 15.559223 14.393191 -5.356968 7.308318 1.640814 9.210605
-9.257891 -2.980488 5.088380 6.957722 -5.128867 7.209105 1.245713 8.326797
-2.393526 2.680189 5.433056 3.837174 -12.037429 8.129706 9.015143 9.278333
7.528066 2.476752 15.748820 0.482817 -5.692025 7.105761 1.952046 9.168129
-3.690736 6.957698 5.245299 6.735074 -8.140062 1.881712 0.189259 9.959397
18.327660 -5.572580 5.700781 7.307876 -5.556926 6.268091 1.183220 8.704462
17.208072 -7.329694 3.155459 10.848956 -5.637902 7.132371 0.503011 9.036192
17.128740 -5.002911 -1.124348 7.494810 -5.253302 7.255122 1.301947 9.104164
13.229800 -11.168460 0.322517 10.754070 -5.335778 3.280575 1.637917 9.468240
-9.296176 -2.260848 4.874505 7.281788 -5.146122 7.069069 1.308085 9.087224
-9.232882 -3.723110 5.048301 7.302119 -5.166747 7.056056 1.308091 9.087030
-1.521721 4.168077 -5.191058 10.701281 -4.176875 6.619409 0.780142 8.909060
18.098166 -6.390823 5.276600 6.188960 -4.392170 7.072391 1.464849 8.913622
5.511054 9.386992 -1.410278 5.622908 -2.846909 4.080644 1.431788 8.247352
8.575888 10.606806 5.874521 10.205564 -6.814597 7.455859 0.985214 8.633556
16.744755 1.867082 6.107674 11.428014 -8.503157 9.028927 0.850236 9.351441
