-17.611462 -4.041452 1.604215 -4.772959 10.898180 6.154294 -0.590013 9.149856
11.668431 -3.731008 -0.831797 -7.755563 9.289479 7.731908 -0.565779 10.147579
-17.836565 -2.956667 -0.271292 -4.836827 9.577678 5.966900 -0.641072 9.231859
-14.043586 5.421413 0.567562 -5.595857 8.273384 7.188170 -1.449031 9.695969
-2.033397 -15.318254 -4.818797 -4.666432 8.719755 1.558707 4.296019 15.795616
-12.298658 -13.813101 -5.551626 0.720281 8.692206 5.970745 -0.890925 9.367195
10.185187 -1.501436 -7.938926 -3.693182 9.891587 6.131500 -0.764649 9.220159
-17.920880 -4.408922 -1.205486 -4.352204 9.375584 5.947117 -0.682738 9.109121
-13.293380 -8.957148 8.634825 -3.435634 9.337383 5.643432 0.740520 8.554260
-16.898824 -9.214111 -1.749367 -2.160710 9.183357 6.272432 -0.917751 9.271611
-5.542609 -9.460746 -13.636960 -0.387407 5.950666 8.494231 -0.652426 9.122564
-16.517799 -2.744270 0.927730 -3.399169 13.658309 6.906218 -0.907366 12.919996
12.195612 -4.191223 -0.994743 -4.357167 9.403670 6.104574 -0.621388 9.121164
-14.026940 -11.867455 -3.891802 -0.065380 7.043317 3.774186 1.312653 7.302898
-1.939173 10.218666 -4.849145 -4.652810 8.984015 5.494655 -0.447103 8.985722
0.889552 10.293955 -0.997368 -4.395201 9.405119 6.099624 -0.621916 9.116725
-3.819547 -3.164458 9.602620 6.147332 8.141548 6.240493 -0.623281 9.118414
-9.423863 -5.474008 11.874381 -0.614071 9.073961 4.712556 -0.845016 9.632000
12.131541 -5.011008 -1.071355 -3.778457 9.498723 6.649254 -0.559238 8.244869
-16.945081 -9.588477 -0.356615 -4.397454 9.352543 6.156563 -0.705769 9.198199
11.678367 -0.378880 -0.884545 -4.299675 9.437818 6.098771 -0.621979 9.118250
-17.649975 -2.995844 -3.493698 -3.857962 9.382954 5.861671 -0.571032 9.064286
3.508834 -8.801763 5.281743 6.393704 6.513317 4.637685 -0.476638 8.782917
6.516559 -10.371950 -7.168039 0.794341 3.768177 6.542428 -0.188473 6.838639
1.690752 -2.544689 5.752244 -11.830712 8.477039 0.636822 5.850248 14.490543
10.153759 0.152655 5.110634 -4.124012 9.535605 6.351638 -0.634236 9.229664
12.036151 -6.243671 -1.985646 -4.240079 9.356921 6.127590 -0.610033 9.154762
-5.458692 -13.254290 8.131945 -11.477262 11.708448 5.711114 -0.458907 9.045922
-7.514249 9.171654 2.723683 -4.203812 12.458871 6.646961 -1.055421 8.723024
4.969923 -0.564248 5.476424 -6.998555 1.178627 4.699071 2.824688 13.704963
12.173331 -3.620775 -1.110022 -4.583920 9.581818 5.744771 -0.651635 9.010964
12.180185 -3.914794 -0.758565 -3.978422 9.247543 6.418353 -0.594242 9.118425
