7.009283 5.561339 -19.409200 -2.950136 0.873864 0.325096 3.184682 -7.203929
9.223133 1.283930 -13.281946 -0.628621 2.482495 3.257010 5.566834 -5.969294
12.394121 8.991666 -9.889765 -9.322738 3.403261 0.073350 3.592692 -7.045557
-0.908771 -6.651426 -7.355531 -1.208051 -2.046770 -0.672318 4.814344 -7.017632
-12.897648 10.332075 -9.278560 -8.527885 3.282267 0.044065 3.609000 -7.102076
-3.526862 -9.385639 -7.169846 -5.957600 -0.030993 -0.779935 3.360401 -6.982409
8.245817 -1.999032 -18.746339 -12.052640 5.347106 0.071955 3.479397 -6.476610
-6.853114 5.877254 -3.614975 -18.352901 -1.879544 0.315423 3.297993 -8.805170
-14.707696 2.206974 -9.894900 -9.176521 3.317243 0.111736 3.602233 -7.041542
-13.067964 5.293180 -12.854075 -9.208136 6.442332 4.793629 3.700163 -7.986047
-0.275699 2.185832 -23.815482 -9.943481 4.151133 0.017223 3.571953 -7.127518
-12.082438 10.006494 -8.383855 -4.873661 5.005447 -1.221163 2.998651 -7.409655
-14.641309 3.089969 -8.246691 -9.970504 3.742071 0.032258 3.407712 -7.013655
-8.434606 7.793990 -3.932817 -17.698996 0.380729 0.662420 3.360710 -8.358483
13.545638 4.006995 -9.755255 -8.738120 3.418869 0.133589 3.579495 -6.969616
12.519252 -1.485399 -10.975480 -10.945013 3.776626 0.147894 3.630097 -7.069259
-10.711308 9.593165 -9.378061 -15.489475 -0.533276 0.747155 2.702081 -8.158533
12.525874 8.584797 -10.539979 -9.722433 3.452025 0.137408 3.486766 -6.900038
5.978962 -4.297811 -8.914870 -0.524818 6.011121 4.375401 3.585863 -7.039144
-6.822362 11.486598 -18.402967 -7.745612 5.049930 -1.655881 6.191429 -9.610522
-12.615557 8.796784 -11.155692 -4.142728 3.351402 -0.017092 3.599723 -7.014805
-9.703206 13.260593 -6.142278 -6.767278 3.274411 0.570323 3.795366 -6.111710
6.070012 -7.608621 -5.846789 -10.902010 6.669502 -0.857699 2.509025 -4.877205
-0.943985 8.138407 1.426910 -2.392028 6.213618 -0.171620 3.630941 -7.100286
1.864157 -6.119113 -1.303597 -3.459541 2.690293 0.826142 3.102654 -6.557968
1.678717 -5.382038 1.150234 -9.313891 3.274907 0.165257 3.588332 -7.104767
12.289698 7.770067 -6.993008 -11.557511 4.103537 -0.775647 3.487776 -6.748639
12.325540 1.937508 -15.095388 -7.810741 4.606338 0.171098 3.549384 -7.038465
11.646680 10.103197 -7.595746 -8.923352 3.699506 -0.068619 3.825288 -7.642287
-10.629589 -5.218049 -10.704073 -9.502497 6.711857 -3.492248 4.778697 -6.993996
-6.918011 -8.095355 -6.506480 -12.971871 1.533766 -0.133066 3.600714 -7.040733
-14.646035 4.185359 -9.838394 -10.638800 3.547071 0.015195 3.550686 -7.089839
