7.545446 -2.367456 -3.033487 2.176396 8.494261 6.768180 0.530740 2.607927
-15.091470 10.437321 1.837084 1.670018 5.658723 8.908250 1.560303 3.835902
2.214894 8.170210 -7.001334 0.654712 6.438884 7.667484 1.124146 1.638315
-20.546737 0.220047 -9.319698 2.297011 8.020550 6.641314 0.830114 2.757911
4.285591 -7.988274 -0.397425 -2.339199 3.408439 4.095448 0.801673 2.565168
-22.159581 -1.839116 -2.435384 -2.135705 8.296102 7.181466 1.461559 2.601069
-20.852312 -8.424296 -4.893569 1.786787 8.976512 6.658317 1.117510 2.498388
-6.133938 12.623897 -6.068164 1.357518 9.017399 7.371141 0.953268 2.498395
1.513090 9.504584 2.826114 2.717403 8.569752 6.961272 0.952766 2.584681
-21.675630 -0.153241 1.848379 2.983672 5.071171 4.849939 1.920822 1.585153
-22.220279 -5.792458 -1.905769 1.935753 7.255501 6.803736 0.855753 2.631732
-21.215643 -0.529182 1.907769 4.119875 10.121090 8.063887 -1.756614 6.635452
-18.672570 -1.745858 -5.269864 -5.333882 6.208725 12.423678 0.996534 5.092101
-3.022809 -16.313360 -1.625454 2.056694 8.262706 6.915044 0.780645 2.659633
-8.343148 -15.538915 3.934024 4.863281 6.505744 6.995966 0.673660 2.644457
5.738629 5.229380 -1.882330 3.714874 7.747150 5.944548 0.223417 2.537790
7.603040 -0.999857 -1.674975 2.050084 8.201627 6.897963 0.779860 2.687873
5.625771 5.704335 -1.079505 2.223533 8.409558 6.796197 0.795802 2.714317
6.005189 -4.836905 2.617532 -0.994544 5.184857 6.353559 1.261855 2.497397
-10.836150 1.313471 7.116934 6.851795 12.017846 -2.514245 -1.547049 0.980463
-3.481784 12.825619 -2.007448 1.922367 8.686383 6.839643 0.775640 2.692553
2.694926 4.004651 6.010471 5.702067 9.018401 5.050756 -0.589710 -1.060189
-2.286779 -7.409813 9.074030 6.144966 8.997256 1.038738 2.237952 0.919186
-16.049521 -7.652856 -1.094153 -5.237947 9.032938 14.719640 2.730730 5.193789
-20.065379 -7.451473 4.864143 1.102825 8.608690 7.077690 0.887191 2.981003
6.533731 0.534564 2.756429 1.075610 6.286116 5.751315 1.774435 2.714832
3.374987 7.488964 -3.073976 6.303845 7.752015 5.736068 2.311502 1.820716
-1.646501 9.381816 5.744117 6.075442 8.034292 6.887304 0.924343 2.652086
3.013558 7.151521 0.776896 7.017422 7.716223 4.413040 0.276795 3.928315
1.243514 -12.745859 -6.999046 0.339911 9.677522 6.925564 0.678729 2.859012
-5.993208 -4.899299 -1.842751 -5.141301 15.879309 11.297336 -8.331475 0.091840
-4.481614 -4.687585 3.497457 8.228230 8.995588 18.871847 1.887674 0.784368
