-1.674014 -6.621964 -7.690277 3.777039 4.221855 0.434339 -5.134351 7.543522
-10.390648 17.927743 -0.675926 -3.729684 1.383928 0.137421 -4.374653 8.736283
-8.489943 -4.685689 -8.092883 2.655419 0.511133 -3.814358 -9.582893 5.119797
-6.324888 14.573416 0.218752 4.283218 10.046206 -0.108326 -1.397722 10.153077
-14.817971 -5.041624 8.905336 -2.343065 3.731930 2.994727 -7.189665 8.112004
-15.750739 -1.191918 1.319678 7.445517 4.885196 -0.043199 -2.353654 5.386178
-16.375545 13.045065 5.127208 0.928447 1.032545 2.195324 -3.515936 6.563317
9.407937 8.693549 1.986262 -1.365414 2.026050 0.239800 -4.951489 7.416019
9.437955 6.198630 -1.469775 -1.636440 2.644352 1.835480 -7.700340 7.985429
-18.894501 9.744134 1.808205 -3.365549 4.516158 -1.238956 -6.430500 9.371013
4.122610 -6.159671 -5.403866 -3.139443 1.437836 1.422499 -4.979714 5.903509
5.501001 11.156560 -2.897804 -7.577146 2.182842 -0.211336 -2.524364 10.451473
-8.960241 -10.615356 -0.374033 -2.087394 1.886061 4.238571 -5.241310 7.437631
-18.055547 11.557771 0.123112 -2.100910 -0.310567 -1.245470 -4.411926 5.997893
-4.505528 -9.749553 -1.712579 2.369123 -1.619078 3.474495 -4.999784 5.251637
-20.475993 3.512455 3.290214 -0.713161 2.690893 -0.632999 -5.580806 8.061557
-2.212949 -7.684647 3.704074 -11.439173 1.921626 0.416760 -5.145105 7.433659
10.116604 2.523764 0.219527 -2.273443 1.730123 0.411158 -5.152289 7.415726
-7.319156 11.088798 14.804516 -0.532189 2.063252 0.183319 -5.448391 8.637075
-16.716747 13.926839 3.307234 -1.980792 2.253407 0.306478 -5.154523 7.707582
0.412650 -10.563780 0.205537 -2.372965 2.204968 0.314325 -5.046205 7.638712
-16.685383 9.605070 -1.852954 0.787817 9.585071 -0.050662 -4.511043 6.457129
-10.147185 12.286418 -10.413261 -2.235445 2.127102 -0.096727 -5.147561 7.906043
-19.813004 8.774547 2.410456 -1.545811 2.051437 0.358067 -4.896127 7.483524
-20.633797 4.955497 1.184556 -1.845519 2.185740 0.399199 -5.109550 7.394261
-18.553148 2.445113 -4.209658 3.446707 1.674834 0.388790 -5.030450 7.490742
-6.602260 2.862794 10.850495 -9.842801 -6.289129 -0.752867 -8.074411 8.119941
-17.445641 10.668267 -4.498785 -3.404755 0.351018 0.534540 -5.111855 7.375938
-8.995207 18.722550 1.339784 -0.996889 2.312519 0.723745 -4.954323 7.755545
2.186731 -5.045798 -8.519754 -2.249084 -0.258243 -0.033753 -5.066150 7.797589
-3.686293 9.752324 9.175293 4.367010 3.550965 4.024409 1.976937 13.669246
-3.284395 16.517715 -3.219111 2.279254 7.096214 3.442795 -4.779569 8.364482
