19.936122 6.230050 -4.343163 3.693302 -9.027975 8.735565 -4.809609 -0.051784
17.625231 3.367264 -11.133110 3.320984 -9.033872 8.621888 -4.791381 -0.136687
-6.390547 2.685687 -2.555085 3.690163 -15.637966 12.532902 -2.920851 1.765919
-9.929479 8.509467 -5.071487 4.143947 -9.215841 8.293068 -4.471280 -0.252557
5.075269 20.037059 0.519591 -0.257776 -3.369851 8.507232 -5.847579 -1.936816
9.283306 -6.203532 -1.807770 1.989894 -8.842226 8.738239 -4.779731 -0.083043
12.896797 -2.660614 0.175263 8.658867 -8.639312 10.580631 -2.723325 0.057997
10.330803 -4.049893 -8.138798 9.240498 -5.751533 8.695682 -4.786929 -0.074395
-9.850548 7.489125 -2.423872 3.811776 -8.914466 8.763603 -4.791330 -0.035024
18.445115 11.708674 0.904475 2.646370 -7.986770 8.658286 -4.889889 -0.070658
19.378356 4.306548 -2.017623 4.676793 -9.297795 8.756633 -4.784928 -0.071714
-9.975312 7.467663 -4.379029 3.735209 -9.028636 8.734836 -4.808865 -0.051381
-4.361061 2.367909 -12.055866 8.078490 -11.288203 12.215037 -6.111838 3.098057
18.485261 2.142513 -2.103928 3.273455 -6.772124 9.692047 -4.824336 -0.053193
17.445179 13.963451 0.304407 5.797172 -11.658904 9.277995 -5.022615 0.156014
20.009860 7.238113 -4.369658 3.865005 -8.916555 8.695808 -4.843329 -0.012021
16.305471 -1.488273 -6.390758 1.376654 -8.130383 8.930334 -5.075855 0.067921
-7.459758 -0.473829 -4.126817 3.874353 -8.935337 8.737442 -4.809511 -0.050897
19.953082 6.452593 -4.533657 3.541968 -9.322151 8.819543 -4.834189 -0.015041
-9.977463 7.670671 -4.555033 3.649946 -9.036635 8.736364 -4.810724 -0.051223
16.280711 15.513621 -10.587914 2.988671 -9.043000 8.681830 -4.957755 0.036863
-0.689660 19.762133 0.632074 5.043774 -5.765527 8.394858 -3.891603 -3.545663
15.426697 6.200199 -3.012559 14.321064 -8.781140 8.863546 -4.752958 0.268935
-4.083660 2.501081 -13.204052 8.989184 -10.794718 8.851883 -5.250758 2.024562
12.653921 -0.989786 -13.014050 0.246586 -10.289561 8.719629 -4.747786 -0.075135
-3.282628 -3.727137 -8.163246 6.469984 -8.964981 8.489248 -4.487576 -0.207786
8.833098 18.141075 5.732232 2.069833 -9.081844 8.772486 -4.758574 -0.058464
2.910670 11.404134 -17.824429 8.616510 -8.338268 7.288807 -4.670889 0.040872
6.486171 0.578927 2.842533 11.541316 -16.463512 8.936072 -6.237856 0.066864
18.714954 13.708068 -3.762077 3.838315 -7.505266 8.568609 -4.716092 -0.712073
2.201874 -4.750728 -10.123318 -1.100474 -7.719555 8.453464 -4.797795 0.095301
