-2.239827 -21.262448 1.395334 3.140083 -5.199556 5.920761 -4.844640 4.794764
10.342074 -6.293894 -0.853134 3.081629 -5.174776 5.959663 -4.915412 4.821481
-16.723945 -8.055329 -2.211372 2.656932 -5.658515 10.532680 -5.294923 5.961455
-16.259297 -3.686780 7.698533 1.966482 -5.112000 6.762143 -5.008775 4.724675
-14.456402 1.208809 6.182153 3.634663 -3.661931 6.004498 -4.776952 4.774071
-11.231884 -4.701720 12.335206 2.610593 -2.845640 6.800241 -3.484625 9.328881
-6.359265 5.788242 -2.045277 0.564591 -9.422874 5.901373 -4.863981 4.792346
-13.389268 1.353053 -2.259366 2.918580 -9.814495 5.789148 -2.272859 3.568928
10.286150 -5.821353 4.117111 2.842540 -5.200033 5.942406 -4.845638 4.794288
-16.676556 -7.591699 -2.634506 -0.814471 -2.431607 6.672060 -5.242172 4.579699
9.756443 -2.516618 0.454018 3.010869 -6.164627 6.209618 -4.408203 5.017141
8.269520 -8.356810 -5.933792 4.448742 -5.214206 5.947765 -4.959596 4.641155
-14.525164 -15.594895 4.590909 0.762113 -5.367190 6.368384 -3.384136 3.874731
-9.988230 -5.242510 0.317823 1.593016 4.833801 12.399802 -2.602162 8.405569
-5.424343 -19.121874 -5.855718 1.791435 -5.411931 5.510136 -4.501982 4.715283
-9.524333 -17.867974 -4.936980 1.093838 -3.181859 4.716092 -3.570207 6.377694
9.475790 -2.772724 3.132801 5.822944 -5.595732 6.019448 -5.319020 5.336893
-5.699117 -21.221658 1.576367 2.815758 -5.225396 5.919219 -4.845793 4.793968
-6.659421 -1.025666 -1.904198 -9.115531 -7.973589 5.742377 -5.036140 4.683436
-17.472031 -5.389567 3.125729 1.981926 -7.632728 5.215025 -2.312744 4.842722
4.072201 -18.230922 4.552746 -0.204652 -5.188023 5.940037 -4.838033 4.829042
-15.864151 -4.657944 4.435010 0.859362 -3.488805 7.027614 -3.634258 -1.254804
5.153832 -14.917290 1.390420 5.886995 -11.419555 3.629275 -2.831044 2.304256
-17.302139 -9.019650 5.356468 4.920350 -5.460073 5.819107 -4.928565 5.038273
-17.923253 -4.669076 1.014958 3.199164 -5.085316 5.957265 -4.935389 4.717451
-1.076440 -16.427813 11.433306 6.049472 -3.979272 5.838886 -4.550643 4.905896
9.329016 -7.217532 -2.584567 -0.110048 -7.853072 7.063018 -4.929863 4.861326
-16.498321 -0.928524 2.259948 5.335038 -4.942321 6.325126 -4.449722 4.992215
7.599695 1.162474 -0.898769 1.866446 -5.445246 5.469031 -5.687062 6.138468
-3.670509 -6.732066 -11.562134 7.201104 -9.015485 5.727737 -4.681429 4.959443
4.739949 -5.815330 -7.694934 -3.725174 -6.089416 6.915870 -3.688406 4.126109
8.760834 -12.003098 0.000713 0.316079 -1.385403 5.576561 -4.673745 4.651450
