10.212527 -2.807719 3.623866 -5.362623 -0.654551 0.337317 -9.781638 -9.562755
8.345271 7.565658 4.720141 -3.224919 -0.012769 -0.004500 -9.759061 -9.582663
5.187970 -7.176880 -1.358301 -2.658292 6.919251 -1.069820 -11.499486 -8.676583
-4.513238 8.723607 6.570685 1.618170 2.048059 9.872595 -9.830745 -9.449406
4.260351 -5.673843 3.652166 6.975699 2.917583 -0.310560 -9.781935 -9.868812
-16.442895 7.246154 4.589028 -2.461397 0.726214 0.287987 -10.329149 -9.177969
-18.571800 0.238395 3.831312 -3.423755 0.032792 0.020444 -9.765332 -9.598032
-6.823507 6.342027 -6.525533 -10.512534 -1.651116 -0.205973 -9.679703 -9.857968
10.546048 -0.573717 4.227318 -2.061833 0.028565 0.003726 -9.813941 -9.613659
-16.691601 6.326504 6.703499 -3.786772 0.474296 -0.500113 -9.366069 -9.803304
-7.085971 -12.476499 7.926495 -4.263842 5.062608 3.145963 -9.522791 -9.919818
-8.108467 10.955665 -3.809202 -0.177435 1.232130 0.935069 -10.443837 -9.670000
-7.075553 -8.435622 14.076620 -3.530911 -1.671579 5.340078 -9.749720 -9.599453
10.294512 -0.034924 6.869454 -3.630266 0.011635 0.098466 -9.770813 -9.627403
9.623911 -4.268574 6.205551 -1.681389 -1.655800 0.021977 -9.689375 -10.029570
-2.889834 13.730971 -0.309962 -3.992635 0.002881 0.016618 -9.763825 -9.594005
-7.757404 -13.019310 -0.504938 -4.977958 -1.953426 1.728904 -7.419352 -10.166251
7.025322 0.013514 6.612944 -10.165277 -6.087948 0.514898 -9.791316 -9.432675
-18.148630 -0.651430 4.499202 -3.243213 -2.359724 0.385134 -7.692028 -10.862632
-17.910292 -2.069795 1.132274 -2.634210 2.764220 0.077870 -9.658968 -9.251179
-1.925787 1.110859 -5.006301 -12.115976 3.183122 4.160774 -8.226911 -4.898320
-2.413678 3.703480 -10.030360 -4.675235 -0.222869 0.331517 -9.796744 -10.279421
10.610382 -0.013002 3.855924 -3.258126 -0.012264 0.062076 -9.700426 -9.547307
-8.303085 5.232637 5.158652 -14.131275 -0.617863 -0.855066 -13.650878 -15.126062
-11.984181 -11.961861 1.222449 -5.250335 0.097955 0.154114 -9.804762 -9.482158
6.297926 -7.601768 -2.660114 -5.466408 2.326671 -0.336547 -10.052270 -9.708356
2.571364 -5.834089 5.264410 -14.846621 -1.955745 0.317366 -9.862691 -9.547882
-4.979902 7.901449 -5.608440 -2.953172 -7.422749 0.680088 -9.531693 -8.829268
-18.120252 -1.960772 6.982073 -3.473258 0.445187 -0.233577 -9.667930 -9.825554
7.849424 -6.162594 -1.525242 -5.093566 2.114905 -0.967381 -9.935572 -9.766988
9.832585 -1.021613 4.629834 -0.130383 3.164174 -0.258510 -9.946342 -8.817641
