5.961950 3.805003 -6.716278 -6.623442 4.019011 -8.500302 -1.095673 -7.882096
-18.416989 1.696181 6.448452 -0.258441 6.382786 -8.081036 -1.492154 -5.703488
8.639142 -5.108931 0.752962 -6.420783 4.724066 -8.530026 -1.103727 -7.860531
6.179183 5.726259 -3.535179 -7.613036 5.980226 -7.732273 -0.390308 -8.027305
-16.684098 -7.446051 3.847017 1.614275 9.761861 -7.446088 0.010290 -7.639522
-4.599035 5.026969 -11.915248 -5.010903 10.519242 -8.647470 -0.789871 -7.937181
-1.886695 -8.979309 11.724612 -0.602278 7.006314 -8.474890 -1.193880 -8.297592
-21.154708 -6.743660 0.616436 -6.510818 4.812266 -8.553760 -1.024859 -7.882746
3.737060 7.884657 2.962660 -10.026325 5.335447 -12.460973 0.149018 -8.044647
-21.872956 -3.102154 0.077716 -6.391104 4.795734 -8.503397 -1.100930 -7.861468
-14.926675 -14.881618 0.313413 -6.252219 4.784801 -8.564913 -1.138357 -7.925037
6.371807 -8.919477 4.341691 -3.441372 5.358580 -8.562020 -1.135398 -7.872254
-17.540754 -8.334275 -1.427364 -13.315887 8.731854 -10.464061 0.875008 -7.004171
-21.749446 -4.170385 0.483441 -6.014430 4.877277 -8.298567 -1.058582 -8.078267
6.522562 6.105561 -1.625406 -5.654174 4.553385 -8.489669 -1.034282 -7.681193
-15.033236 -5.621551 -10.135879 -6.881996 8.140948 -3.587961 -0.839957 -10.182947
7.218382 -8.999880 1.171053 -6.710880 5.273692 -8.829541 -1.332788 -8.337452
-16.549535 8.820565 -4.027726 -7.523264 5.300224 -8.555642 -1.066821 -7.821741
-7.229527 -14.711557 6.381227 -7.258152 3.001943 -4.465303 -3.916747 -4.562115
-9.996337 2.683392 11.144496 -12.713656 -1.498296 -5.745099 -0.290704 -6.762109
-20.137652 -4.498414 -4.881267 -5.922596 2.487674 -11.663735 -1.098830 -6.198698
-10.955626 4.091190 -12.869596 -3.791882 4.766163 -8.531774 -1.103722 -7.866148
0.859253 0.371501 3.405528 6.620234 4.566210 -8.590045 -1.125327 -8.502612
-5.421062 12.284934 -3.351513 -3.879477 3.405849 -5.514129 0.522288 -6.885301
-11.522087 -9.853423 6.172500 -4.685290 -4.458982 -13.216328 -0.488080 -5.205988
3.358804 -12.942257 -0.075961 -8.953205 5.514641 -5.159101 -1.889126 -9.238297
-2.435399 -13.691226 -8.698027 -4.879565 5.007026 -8.345933 -1.290562 -7.901240
2.523197 5.902351 -9.394600 -6.831983 4.942987 -8.488062 -1.218417 -8.472791
8.339507 -5.528726 -2.027656 -6.873401 4.315182 -8.239060 -1.162627 -8.201317
-19.902937 -8.093523 4.724240 -5.366347 5.315703 -8.791547 -1.122290 -7.928479
-19.514302 -9.755936 1.140656 -7.258325 5.778750 -10.035539 0.480988 -7.202964
8.461873 -1.201406 2.796878 -4.700857 5.494704 -9.234918 -1.810932 -9.964012
