-8.866514 -2.965208 -4.309224 -10.601397 -6.957248 8.358319 2.994597 1.145832
-3.993027 -4.450355 -12.278031 -9.288283 -5.965939 8.211571 2.842229 1.320157
19.588399 -2.397463 1.786317 -7.946000 -7.591072 9.229397 2.394683 1.998015
18.424696 -7.541205 -6.591448 -8.222447 -6.326866 8.089463 2.948015 1.386663
-8.118092 -10.446560 -1.217845 -7.928176 -5.499751 9.147519 2.852840 1.350650
-8.195782 1.891095 -1.655498 -7.699299 -6.925184 7.707118 2.793120 1.563891
19.856327 -2.516103 -2.047285 -7.736988 -6.766350 7.726837 2.712106 0.879326
-9.564904 -4.569493 -0.916924 -8.219776 -6.292359 8.195632 2.895121 1.362637
17.711285 -12.167645 -0.711797 -8.221341 -6.282710 8.198009 2.893950 1.363570
20.021657 -3.518514 -0.551596 -8.433171 -6.429172 8.171321 2.891919 1.406758
-5.364154 -7.156733 7.489807 -10.895268 -1.857776 6.707110 1.895377 1.113227
14.071065 -13.815558 3.622609 -3.776562 -3.534352 6.752366 2.883477 1.188286
17.983299 1.131086 -6.000759 -7.563139 -5.657887 8.140100 2.916828 1.411738
13.045630 -1.984053 8.537199 -0.268659 -4.664052 9.061552 2.838037 1.974584
15.879068 -11.013860 -5.347959 -6.855307 -12.137569 7.493763 1.676276 1.912073
7.712461 -14.899563 -4.705851 -3.114302 -6.155620 13.180186 8.435832 2.509787
-2.759690 -16.210535 -0.967394 -10.369647 -5.755800 9.833745 1.761960 -0.050876
3.008110 -0.728825 -13.701129 -5.626004 -1.997384 7.961856 5.637729 2.776485
-3.965757 6.598295 -4.800784 -8.105979 -7.318914 7.525488 3.161166 1.050731
-8.211006 -9.205905 2.731971 -7.953147 -7.311363 8.194111 2.796053 1.324422
-0.816871 -0.069893 5.502554 -10.552502 -6.455708 -2.720278 3.791982 2.320082
17.257152 -12.516120 1.483651 -7.564721 -6.298206 8.144656 2.913150 1.360311
-9.470326 -3.196121 0.567026 -8.656331 -6.271842 8.193152 2.827394 1.294600
16.783283 -11.664280 -0.343319 -4.542850 -4.707568 6.807422 5.769867 3.290515
9.745292 -14.464663 -1.383134 -1.089380 -12.404085 10.179397 3.169978 0.466330
0.823425 5.466551 3.784435 1.041959 -6.112024 8.127402 2.918080 1.453375
4.719978 -3.042705 -1.507060 4.975614 0.196005 7.850191 3.490633 2.079523
16.870666 4.042529 3.021700 -9.511548 -6.320186 8.189481 2.892343 1.361465
4.738410 5.842322 9.305545 -8.493169 -10.390025 8.018997 2.865438 1.414721
12.891846 -3.018300 5.351736 -8.169894 -16.651772 7.156859 2.299508 -2.244853
-6.915471 -5.184750 4.715486 -8.671314 -11.278028 11.524427 3.918599 -0.480394
