-0.983969 3.932824 0.743033 -3.338081 -9.437835 -9.521053 1.668728 -1.188417
21.979351 -12.405395 -5.673734 -5.460962 -11.494112 -12.739058 3.472033 0.412386
22.704418 -1.365059 -2.646496 -3.152323 -9.128397 -9.407871 1.616450 -1.242092
22.007507 -7.389506 -0.534725 -5.275318 -15.619405 -7.342629 2.466828 -1.411216
20.684009 -5.067200 6.225304 -1.948657 -9.417248 -8.611263 2.577066 -1.586486
20.333966 -3.561215 -9.143792 -8.187979 -4.802213 -8.793299 1.865986 -1.160452
-6.858873 -8.484818 -2.873494 -3.048840 -9.094731 -9.405861 1.614436 -1.246639
13.506923 5.778168 -0.732066 -3.149230 -7.272391 -13.723737 1.092631 1.543273
23.954867 -9.072577 -3.562671 -2.685207 -9.353224 -9.338223 1.631265 -1.305803
18.668872 -16.173696 -1.166943 -1.535286 -8.057804 -12.258109 3.066453 -8.190342
7.229453 -19.754318 -12.262781 -4.576585 -8.602570 -9.263042 1.221082 -1.326115
19.463818 -11.135222 5.490647 -5.353678 -10.150690 -10.703680 5.040985 -5.536067
16.834377 -1.924600 -1.452612 -6.358867 -20.110215 -10.457552 2.084840 -2.399421
15.932541 -4.227586 9.305798 -0.443091 -6.874069 -7.432489 -1.022048 0.338659
2.282820 -10.039098 -3.076722 -13.204147 -2.336961 -14.674221 -2.419581 -0.109366
24.040905 -7.712871 -3.106824 -3.082468 -9.012867 -9.389440 1.625715 -1.274855
24.034815 -7.154056 -2.887686 -3.036225 -9.044814 -9.405550 1.614439 -1.240742
11.686165 -22.594117 -5.298942 -2.552623 -8.777393 -9.455608 1.630476 -1.265972
3.688523 -4.513953 11.085427 -1.718584 -10.288537 -6.793636 1.242740 -1.141078
4.817775 -22.414009 -4.453436 -2.192526 -7.791780 -9.219220 0.228217 -0.721372
22.410007 -0.771161 -3.380570 -2.559099 -9.004197 -9.410551 1.638209 -1.282908
-6.871372 -7.364604 -2.554772 -2.732386 -9.205970 -9.355410 1.605281 -1.238507
20.886707 -5.836036 -7.987668 -3.211077 -1.449150 -10.123094 1.569238 -1.194689
3.956123 -16.161578 2.670908 -10.308507 -7.349853 -9.829117 1.585533 6.409673
-2.078598 -16.563664 2.164123 -6.936077 -8.003542 -10.245660 0.639667 0.387036
18.058530 -18.634871 2.116661 -3.180841 -7.179212 -9.038329 1.701302 -1.327101
3.018319 -12.266571 10.148942 -7.165731 -9.023347 -9.502468 1.417297 -1.251646
10.975092 -21.382429 -8.088156 -3.071078 -4.895425 -10.083208 1.618427 -1.328120
19.475900 2.110158 -6.949775 -1.971572 -6.352475 -9.316813 1.838048 -1.496831
-2.141592 -6.847294 -5.278749 0.126515 -0.832868 -8.558575 -0.215520 -7.256092
13.912370 4.767150 -10.391350 -3.051191 -9.038656 -9.406483 1.616393 -1.242323
