-24.342346 -3.928641 1.608786 -2.963491 2.276523 3.914391 7.219757 -5.229345
-1.244770 -1.015897 14.916914 -6.832790 -2.230667 5.089455 7.539313 -3.320735
-7.247884 -3.590611 3.831894 0.205659 10.420760 16.823816 7.512330 -4.076697
-21.994542 2.673022 5.049038 -11.590283 3.478718 5.496351 7.671687 -3.401160
3.996317 0.931003 -1.732200 -5.926576 2.902540 10.224563 8.913654 -1.107957
-9.548485 4.852740 15.989708 -6.147520 1.689701 2.989332 7.379832 -4.046014
6.004876 -3.320205 1.238738 -3.835531 1.463467 5.364103 7.358437 -3.860612
-3.979533 -15.383657 -1.775946 -2.139005 0.582818 8.332580 7.188227 -3.473499
-17.875662 6.500725 10.083489 -10.648246 2.520954 5.672984 7.438079 -3.951866
-8.558240 -11.318767 14.466184 -5.053738 4.715411 6.456705 6.980722 -3.888071
-24.668348 -2.802522 2.928303 -5.042806 1.456960 4.611058 7.044697 -5.072931
-2.950959 -8.582445 -7.851999 2.103170 1.385145 5.655788 7.453435 -3.972291
-24.529939 -4.594001 3.378338 -5.078615 2.171112 5.464354 7.388856 -4.118044
1.062721 -13.581433 2.347380 -4.774962 1.391573 5.791909 7.318350 -3.917170
-15.382954 -4.834021 -0.110500 -14.818628 5.022578 0.063624 6.728614 2.878830
-0.571000 5.595753 -7.569103 -5.487925 0.634822 5.713575 7.582254 -4.096643
-11.612745 -10.118616 14.697316 -9.250177 0.632748 5.334150 8.446272 -3.192605
-24.486587 -0.878813 5.078785 -4.265129 1.535108 5.601632 7.428011 -3.959939
-17.571834 10.137502 3.317035 -6.335191 4.892059 7.853594 6.919419 -4.992464
-8.143566 -4.595688 16.888554 -0.142717 1.763951 5.394238 8.009389 -2.761554
4.474690 -8.920028 1.099289 -4.780810 1.295714 6.310875 7.047677 -4.004253
5.842292 -4.214424 3.395112 -3.877777 3.142341 6.199230 7.833855 -3.931569
-23.615145 -1.674872 0.013168 0.010529 1.497719 3.754372 7.502851 -4.174074
6.082571 -3.283405 2.532602 -4.340316 1.209115 5.958360 7.418724 -3.941649
5.403116 -4.786537 6.388353 -5.448024 1.550333 5.608482 7.438603 -3.939833
1.077542 -5.323714 13.283892 -3.980490 0.503257 5.813197 7.291978 -2.333090
-9.224231 -1.418244 14.652129 -12.251998 7.141259 3.148789 7.438256 -3.962842
-18.468239 5.146376 -6.400947 -9.667950 1.294600 5.833531 7.189001 -4.031276
1.528173 -11.412112 0.264227 -3.715751 -3.780439 5.694495 6.943545 -4.060085
-23.809724 -7.412342 3.269100 -4.960541 1.418800 5.577576 7.312861 -3.548137
5.073887 -7.668697 3.126618 -4.678272 2.169317 6.268761 7.302966 -3.934882
