16.946287 2.758984 4.234951 -13.744175 6.244619 -12.461448 0.567909 4.296011
-5.582153 -13.335794 5.770373 -5.173462 5.630410 -9.314216 2.067699 5.556112
10.534879 8.498575 1.209163 -11.124944 6.128964 -8.939317 2.163769 4.804519
17.553421 2.489063 7.763373 -6.086926 5.388840 -9.483444 1.983956 5.582834
-7.939337 -0.826925 2.356311 -8.218781 5.052899 -9.068943 2.218904 5.832228
-0.821302 -8.139096 -5.087602 -8.838732 -0.791519 -1.430065 3.096803 7.323518
1.461310 -1.905274 8.892287 3.171086 4.366968 -10.528061 0.589306 7.108551
-8.672940 -4.602205 2.420476 -8.564536 5.293306 -9.444056 2.382359 5.598606
7.848967 8.300220 8.169161 -7.921732 3.867534 -9.283920 2.065044 5.555743
-5.613957 -12.611624 -1.649132 -6.299921 7.427076 -9.563563 1.675241 5.147875
20.588654 -3.297613 6.283468 -8.338933 4.876321 -9.484337 2.273230 5.096430
12.980546 -8.082641 -0.831492 -19.418095 4.058692 -5.892135 6.758704 8.794045
-3.778753 -2.116113 1.195746 -6.159310 13.746100 -4.078322 1.647740 7.235475
-8.444771 -8.230196 3.035540 -9.436640 5.184179 -9.245493 2.087244 5.509948
-6.115253 -1.821026 8.411667 -11.712115 3.511361 -10.465426 0.025752 8.741789
-8.097724 -3.574437 2.774238 -5.304026 5.583964 -8.933436 1.699541 4.376245
7.504467 8.222324 8.641443 -9.174943 5.041028 -10.096828 2.073378 5.498142
7.863092 3.472807 14.543488 -6.738915 4.943175 -9.274228 2.050273 5.547088
15.982782 -14.770978 7.787592 -10.895051 2.354775 -11.512348 2.039323 5.476112
-6.369812 -13.375717 2.073013 -8.259787 4.907511 -8.448565 2.362364 5.112063
6.714102 8.566842 -1.137675 -9.468378 8.316678 -9.294891 2.082280 5.550463
-5.660471 -9.190571 9.841299 -12.165345 8.216989 -9.428701 1.656021 5.288421
-6.481101 -10.627448 4.879463 -12.632215 2.448301 -9.368199 5.049742 5.713280
-2.095942 -16.324383 8.906729 -8.736420 5.473305 -9.158772 1.958564 5.530759
-0.302232 7.126462 3.907900 -9.897559 2.283315 -7.865127 1.508941 2.682159
17.870453 -11.216614 -3.247292 -5.813492 2.823442 -7.957862 2.036817 5.528693
19.657995 0.985999 1.973464 -9.367172 5.273084 -9.300475 2.101146 5.543632
9.670318 7.534810 1.300478 -5.244972 0.725670 -11.191733 1.207093 4.417420
18.176272 3.393992 4.201511 -8.839212 5.296589 -9.118437 2.001902 5.426977
12.818282 6.343936 4.344198 -13.911606 2.896488 -11.736485 1.306400 5.878581
20.890236 -7.960498 3.643423 -9.217249 5.877099 -8.322226 2.405748 5.470893
-7.821866 -10.060935 4.624731 -8.511872 4.683409 -10.125077 1.359605 5.910456
