-4.958342 -6.747105 1.353665 -1.121917 -6.020004 -5.637101 4.917693 -4.191691
-2.991005 -18.058243 -1.361430 -3.746541 -4.970708 -5.809089 4.116723 -5.412241
-4.026431 -16.060577 0.332669 -2.799544 -6.973228 -5.695558 4.215101 -4.500757
-2.205929 -11.362194 -9.322133 -5.662431 -13.374579 -8.764221 4.080064 -4.714508
17.938289 -19.489240 1.552973 -2.265005 -6.545530 -6.260881 4.162191 -4.738820
15.727822 -4.188351 -14.788777 -3.875978 -6.589114 -5.879620 4.115004 -4.803477
9.147637 5.294813 -3.353398 -3.011966 -6.837619 -5.835931 4.090723 -4.743584
-1.974229 0.628177 -5.395454 -3.863494 -6.504909 -5.896070 4.280123 -4.608061
19.219020 -12.060932 6.098549 -1.480756 -6.149737 -4.231496 4.597051 -3.952563
6.754091 -5.107664 8.095797 1.952551 -1.855741 -3.655166 7.365617 -4.145346
-5.468411 -7.350811 -3.223444 -7.145534 -5.627479 -6.405611 4.161739 -4.777595
5.666257 -22.272694 -7.460391 0.472657 -4.659528 -7.358877 4.209147 -4.647439
21.656559 -14.729182 -6.454807 -4.621220 -6.878624 -6.713448 4.210569 -5.060023
-4.630613 -15.821270 -2.831373 -3.392115 -6.375790 -5.968368 4.139302 -4.812248
12.698175 -12.523953 9.336612 0.230768 -10.909394 -5.988929 5.112732 -4.247620
0.619661 1.680006 -1.751046 -5.292368 -6.675217 -9.588230 3.200347 -1.358017
15.897452 2.729038 -6.703319 -2.140449 -6.154600 -6.137991 4.077837 -4.874092
12.136114 -23.156570 -4.930456 -1.834742 -6.729061 -4.097941 5.078514 -5.747492
21.685609 -15.573812 -4.431868 -4.166270 -6.175302 -5.719492 4.187451 -4.733398
5.198448 -5.338174 -16.353665 -2.561811 -5.062656 -4.898188 2.239968 -2.637123
18.695460 -16.915360 -6.083567 3.338695 -6.692076 -5.999214 4.163473 -4.789037
-1.985104 -14.607166 -10.408845 -5.706556 -10.780070 -5.479657 3.008840 -5.232601
-6.069161 -9.310057 -4.579106 -3.712074 -6.796000 -6.118909 4.150873 -4.790981
-6.020139 -7.863722 -4.277675 -3.457916 -6.319028 -5.899388 4.123752 -4.817243
23.099026 -8.350860 -2.025379 -3.619686 -6.673888 -5.999793 4.165193 -4.786926
17.084372 1.324651 -8.341327 -2.734049 -6.607213 -5.835473 4.158263 -4.698786
1.101018 -5.479927 -13.993216 -1.496816 -4.920589 -3.656653 0.567902 -3.457078
10.640719 -12.944824 -15.161570 -6.996080 -0.952932 -7.652915 5.233230 -3.132565
-4.801680 -3.211000 -3.127286 -3.379643 -6.695195 -6.004384 4.164497 -4.787668
22.730847 -7.880373 -2.697038 -1.411228 -9.102590 -6.213491 3.659448 -4.075312
3.973183 -3.515187 -15.240195 -0.525156 -6.176262 -5.915969 6.088624 -5.964780
17.776533 -20.483484 -4.591578 -4.737458 -7.738091 -6.007592 4.165138 -4.786294
