-7.649468 -9.797214 11.187977 -0.920311 -6.706519 -7.030548 3.206202 -7.143194
15.959213 -6.639893 1.265732 -5.533583 -8.641037 -7.633435 3.747188 -8.062515
13.188445 -12.056285 2.387380 -10.667266 -8.667359 -8.218252 3.650014 -8.277542
-12.794624 0.511813 0.602447 -5.174007 -8.619711 -7.656076 3.746219 -8.067311
-1.846650 8.510429 4.762454 -1.675670 -6.663704 -8.121022 3.525726 -7.275605
14.647522 -1.991248 -0.772070 -4.340216 -9.544406 -12.393228 4.736589 -7.282256
-2.547898 -6.914430 13.009193 -9.245996 -15.904926 -5.971426 3.708093 -8.067924
-5.769307 -17.211710 0.864000 -1.442769 -7.822085 -9.446777 1.933824 -5.952531
7.769834 -6.080946 -9.200336 -13.735749 -9.396611 -6.992634 3.636609 -7.593374
-2.165271 -9.007159 6.285614 -16.482997 -15.686049 -7.001869 2.901403 -9.376630
8.486284 -5.346930 -9.486150 -4.498424 -1.425119 -8.063064 3.703464 -8.112581
11.665016 -9.309254 9.250294 -0.527283 -6.576587 -6.889571 3.614467 -8.020957
-2.106683 -13.117029 11.448007 -9.687417 -10.482753 -5.980784 8.099673 -6.514252
0.791850 -3.362399 -4.771214 -18.299989 -6.698289 -11.668493 3.605302 -9.283109
-3.313745 8.691255 5.275569 -5.528018 -8.659412 -7.409997 4.067165 -7.926432
-1.078059 9.305072 0.937573 -8.358855 -10.218882 -6.317174 3.918017 -6.911221
13.821412 -12.736002 2.658701 -4.954215 -8.630055 -7.640167 3.747126 -8.062493
-9.394977 -8.528256 8.462312 -0.549182 -8.174504 -7.239199 -1.211023 -7.492666
-13.585609 -6.026646 2.633985 -5.282902 -10.050119 -9.563194 3.520669 -7.838421
11.680624 -11.482494 -5.518410 -10.087519 -8.301457 -8.913377 2.886691 -7.235950
-12.413351 -3.372599 -4.546761 -7.714224 -9.224520 -7.920220 3.707696 -8.051517
-5.961497 -9.232696 10.349817 -10.028328 -9.108116 -10.583940 10.448150 -8.401597
11.063387 -8.559124 6.283944 1.130064 -8.570742 -6.225167 8.179635 -3.519198
-13.837499 -4.061928 0.730872 -5.326977 -8.605169 -7.628230 3.726274 -8.098456
-4.444873 -17.602034 1.765599 -5.059187 -3.560391 -5.514956 4.708886 -9.968601
0.527160 6.980725 8.988686 -9.957360 -8.527659 -7.785202 3.505231 -8.020705
6.820503 -18.723981 -0.182213 -4.954661 -8.297114 -6.667727 3.821984 -8.150746
15.572644 -5.238658 1.522161 -5.678721 -4.925700 -7.564625 3.755717 -8.055877
-13.453881 -6.462847 3.882982 -3.616499 -8.656519 -7.700719 3.732792 -8.163807
-2.012586 9.606849 1.371024 -5.508291 -8.665979 -7.642728 3.744538 -8.060938
13.510285 -8.564739 -5.796746 -6.740143 -9.654591 -7.426370 5.825930 -7.601081
-9.955382 -14.669473 0.449077 -4.304969 -10.945190 -6.558320 3.177622 -7.614598
