6.088611 8.716309 -2.738590 3.845786 0.439679 4.591249 -0.649156 9.831461
6.141770 -5.511583 5.404637 -0.472103 0.891208 4.957717 -0.601057 9.783546
-5.343658 1.957328 15.389664 -10.577150 0.855433 4.764375 -0.895572 9.814989
-18.684360 4.943406 5.555792 -0.383584 0.468366 4.703523 -0.631430 9.716679
3.734014 16.556133 6.006550 1.269630 0.844000 4.419034 -0.608090 9.699673
4.905207 -0.046327 13.816199 -3.032957 -0.431551 -0.411332 -0.803420 11.053451
5.047168 -5.783495 9.471454 -0.669447 -0.018652 5.185938 -0.424179 9.796579
-11.756566 -6.929311 2.235065 -3.207834 -0.333994 4.596799 -0.705932 9.236721
-3.535536 -5.573506 -4.630347 0.575332 0.540441 3.523166 -0.557130 9.792022
-18.587489 4.946520 5.637138 -1.986787 0.883833 4.951318 -0.805942 9.719029
-3.457300 -6.713895 6.460938 8.430377 0.002308 6.207888 -0.713626 9.237837
-10.151552 -7.793439 1.206245 -1.087727 -0.741404 4.547907 -0.756749 9.855148
-11.816054 7.093762 12.520225 -9.293139 4.098628 2.824905 -1.483515 9.814484
-5.265934 -8.266212 12.100452 -0.361801 0.567433 4.740184 -0.624578 9.754828
-5.960476 13.357224 15.682176 -5.286007 -0.578142 5.108074 0.277968 10.375521
-8.582534 9.163191 18.554242 -0.494256 0.526231 4.743682 -0.627140 9.755439
-1.055973 -1.337219 -6.909766 1.116839 1.713614 6.883685 -0.301596 10.849284
-15.759531 12.447349 9.340337 -0.437820 0.480194 4.719949 -0.672337 9.777281
10.256759 4.367352 5.371398 -0.494070 0.552608 4.801591 -0.631310 9.722787
0.671989 -0.827207 -2.949989 8.120015 -2.938918 5.012317 -0.592567 9.731869
-17.563450 4.169543 0.233396 1.337270 0.421216 4.778901 -0.794196 9.978719
-7.719000 -1.723537 -6.264459 2.821583 -2.245531 4.265088 -0.616965 9.722788
9.967993 4.685612 6.708832 2.246270 0.457783 5.024713 -0.594822 9.682997
-11.710217 13.643581 12.483332 -4.362403 2.973088 4.321950 -1.175599 8.897877
9.975925 7.380017 5.826160 -0.227485 0.997213 4.908710 -0.587093 9.734540
9.876470 2.176535 7.091259 1.216319 0.730509 4.873904 -0.315495 9.736409
-15.079500 -1.442967 2.875959 -7.006412 -0.450935 3.265715 -0.174102 10.603751
7.521425 9.373205 7.049289 6.433578 0.559605 5.183767 -0.563650 9.732719
3.238396 4.699329 -4.505234 6.386465 -0.556256 6.614521 0.933197 9.240627
-11.085626 17.002791 4.930405 -1.265803 1.975214 5.860501 1.295135 9.824673
-17.018640 -1.673464 4.030847 -2.092787 -0.417205 5.180749 -0.596378 9.988056
-16.850678 8.712740 8.484263 2.428519 -0.558010 6.923083 0.093845 12.890788
