16.590182 7.211655 -4.246692 6.518368 -1.675679 -9.115078 -9.784713 2.671065
15.903841 9.836860 -4.275037 5.379180 -1.598014 -8.576554 -9.897651 2.941591
5.595967 11.094518 -14.454487 9.629817 4.839144 -10.267409 -6.737071 2.540174
-12.292442 6.608384 -5.342060 7.129529 0.178527 -10.141850 -10.841201 2.246972
-8.472012 2.446585 -14.183101 7.833705 -1.765899 -8.900061 -10.944473 2.111028
10.000453 14.343009 -1.981861 7.016368 5.762342 -7.638066 -9.734081 2.928511
2.176909 12.512179 7.151330 3.457596 2.286658 -10.178138 -10.027932 2.281685
-11.464908 9.003377 -2.244237 9.296442 -1.243946 -10.572481 -9.513118 2.416785
14.162073 -0.478584 -7.938571 10.457083 -1.364056 -8.133250 -6.921345 3.265467
7.508396 3.424660 -8.286498 13.092964 -8.313067 -16.351175 -5.022464 4.357405
-12.646589 5.527247 -4.523866 6.110291 -1.579090 -9.059944 -9.806722 2.734875
-7.727816 -6.016362 -4.784922 6.424519 -1.698954 -9.073022 -9.850755 2.645809
-8.195829 15.519804 -4.568459 6.168056 -1.755702 -9.071716 -9.773818 2.674711
16.767458 4.775009 -4.347982 6.151647 -1.754997 -9.072880 -9.775987 2.677481
13.708064 3.331236 -11.574455 11.234036 -2.910090 -9.037657 -9.805730 2.463767
-12.037000 3.268338 -0.904167 6.655108 -2.420390 -8.281813 -10.742089 2.212125
-12.124537 6.968249 -2.979615 7.828877 -4.155506 -9.461228 -10.397870 3.048967
-1.089739 -0.460366 8.734679 7.750871 -0.858865 -9.254132 -9.839386 2.594948
-6.569871 8.672113 -2.705175 -2.421635 2.541280 -4.758804 -6.529015 4.741076
-3.888068 -7.603118 -6.700158 9.094665 -2.722648 -8.264978 -12.566199 2.370168
-6.958042 12.959923 -12.434686 3.407534 -1.594432 -9.124097 -9.768201 2.634563
16.017510 9.580562 -4.921708 6.042038 -1.805978 -9.064748 -9.686387 2.654597
12.614062 12.193140 -10.276967 7.172599 -5.942348 -8.660379 -9.806889 2.730373
8.812975 1.349022 -13.598921 -1.823766 0.462840 -6.724554 -9.778591 2.746147
-7.254504 13.972631 -9.039890 8.167304 -4.414127 -11.197699 -7.577249 5.341066
12.416152 3.235420 4.453772 5.509538 0.881069 -13.397270 -8.976028 3.178125
-12.251141 7.081933 -3.723467 8.637739 -1.378111 -8.464924 -9.526065 2.438567
-12.484719 2.743361 -4.065944 6.174538 -1.833972 -9.078957 -9.741712 2.699712
-11.620047 8.707536 -8.241339 6.801035 -0.940497 -9.026385 -9.820821 2.691754
15.335705 -1.353041 -4.782657 5.889347 -1.693185 -8.935025 -9.777622 2.729564
-8.429570 9.031712 -13.839308 6.902249 -1.511676 -9.743166 -8.915529 2.591004
3.936439 -1.945834 -12.773685 11.194575 6.547894 -7.996832 -10.242418 2.293627
