-0.618914 15.330780 11.898620 4.932332 2.302945 5.196774 4.044807 -0.835453
-6.707754 6.507150 7.924279 -0.248252 1.286816 2.657792 3.444056 -2.082783
2.868174 -6.513047 5.502915 1.257638 2.849237 5.649952 1.219544 -1.767580
-3.884277 16.119535 2.182951 1.499148 2.513297 3.630867 1.510991 -1.594623
2.399169 12.337831 -3.962518 9.099850 0.635481 4.045380 3.203661 -2.027010
5.387584 20.667316 10.583848 -0.565764 2.638935 3.033869 2.918334 -2.157220
16.909851 1.070369 14.421656 -0.332667 3.439542 3.589297 2.789565 -2.095225
-0.255039 -5.300995 5.895180 -0.275244 4.219768 3.740152 2.837623 -2.178776
-1.632449 3.351491 2.339781 -10.652908 0.199024 4.944003 2.053900 -1.297415
8.335971 -5.269317 11.439600 -4.153791 3.356291 2.764512 4.275754 -1.409164
20.928304 0.671211 4.625424 -0.796854 2.702980 3.070899 2.762152 -3.255533
10.139054 -2.894660 8.460862 7.866476 4.095310 2.459516 7.805037 -0.646871
2.479623 12.118934 -4.159499 -0.146142 7.187082 -0.362501 8.630049 -7.627835
1.246035 12.287053 -4.200126 -8.730516 4.071764 4.813350 5.743833 -1.693623
18.301251 3.231133 6.240684 7.844265 0.439232 7.295839 2.475328 -2.182367
22.325323 9.240957 4.341954 -0.532989 1.726456 3.743517 2.763883 -1.817053
5.635725 -0.590812 13.439054 8.025290 2.263023 4.447407 4.840084 -1.206374
-5.572358 5.232162 -0.690120 2.985453 3.783561 4.472755 4.879865 -2.535616
-5.215788 14.599100 6.237027 -0.265231 2.356144 3.635271 2.758894 -2.029596
-0.975085 17.098678 -2.423513 -1.575931 4.560732 3.606476 2.523003 -2.247976
20.030554 12.443820 10.514544 0.666305 2.185213 3.025454 4.529151 -1.874783
19.935462 14.960227 3.423012 -1.059777 2.045930 4.474253 4.913481 -3.832569
3.863202 -1.766310 4.954689 -10.993832 1.220951 5.303149 2.293345 -4.851901
14.050496 -2.484775 0.948411 -7.680611 6.334831 5.276655 0.785822 -0.020362
14.702073 19.570443 3.145284 -4.574705 2.767770 3.170734 3.583781 -1.593227
-0.537514 11.524524 4.007980 8.587637 10.492775 3.389427 4.603816 -2.180816
-6.574285 11.658816 4.948521 0.688015 3.395770 3.283687 2.738128 -2.123605
21.939678 3.608300 4.178093 -2.280622 3.358502 3.455461 3.224245 -1.477839
-7.128168 5.683474 5.771917 0.375828 2.678383 3.549486 2.862556 -1.852248
22.499409 7.015872 5.396875 -0.891337 3.308587 3.623635 2.553567 -2.152865
-0.397774 9.210171 10.002921 10.663434 4.193014 2.763924 2.699393 -1.792244
