-3.870759 2.308133 11.351285 -0.745710 -1.420095 5.150712 4.984301 -1.953077
-7.101712 4.543863 6.929256 -2.752266 -0.553133 6.945505 7.465844 3.699557
20.807410 10.206376 4.520481 0.045558 -0.382639 6.113665 7.411437 3.687465
20.735353 11.478016 5.959682 0.181798 -0.821697 6.566188 7.519652 3.702296
-3.636758 12.428160 14.689402 3.151486 -4.664281 5.824901 7.741369 3.612126
20.936334 10.117283 5.882618 0.502048 -0.923985 5.840229 7.228875 3.893788
20.085725 13.137133 8.743323 -0.237495 -1.393749 6.592076 7.497817 3.715866
16.540297 14.684785 1.919785 -6.716255 -0.518824 7.212354 7.348781 2.327188
-1.271428 -0.298946 3.700295 2.737821 -7.336354 9.931994 9.407505 5.135994
0.090501 21.325229 5.318869 -0.006792 -0.857329 6.585420 7.493327 3.713038
3.763202 16.799414 -4.469436 3.151854 0.213998 5.549934 7.324743 3.945273
20.117000 11.722226 2.644771 1.045501 -0.974477 6.570137 7.410795 3.744178
13.826198 1.702135 15.126113 -4.643864 1.840030 6.131052 6.903503 0.841831
19.646195 5.216146 5.271260 4.485398 -3.020021 4.484923 6.888816 3.473440
21.005092 9.555333 6.558957 -0.685881 -0.915495 6.568851 7.489243 3.646070
21.072882 8.775847 6.436168 0.101796 -0.884493 6.520192 7.537839 3.698861
21.023427 7.932263 7.251587 0.603922 -1.434986 6.662902 7.664339 4.287972
17.604874 16.580258 10.572457 -1.883300 -1.221214 7.226573 8.023389 4.263553
20.976159 10.112856 6.633792 0.206042 -0.892319 6.579295 7.475798 3.708179
0.371385 -0.822626 -2.592244 -0.890996 -1.682395 5.732977 6.712808 2.801011
-3.700611 2.144252 3.825972 -4.281453 0.488841 5.875598 10.528649 -1.518807
11.586323 -2.043082 -1.902588 -1.295373 -0.444313 7.737158 8.312649 4.605433
-7.124675 7.557964 7.016019 3.763954 -2.874237 4.632460 7.992503 4.962318
-6.734223 14.174307 6.079528 -0.226540 -0.848013 6.485056 7.474830 3.710453
6.766356 17.722942 2.192238 9.915937 -1.913680 6.741189 4.542868 4.266235
19.792203 2.576868 7.668553 -0.218533 -1.481010 6.454109 7.492964 3.717027
6.753136 4.253573 -7.102956 2.693234 -0.924129 5.901192 6.675204 3.890705
15.856604 -2.716296 7.469734 0.301126 -0.795548 6.598476 7.492274 3.702308
13.763045 14.364065 -4.116262 2.659360 -2.033839 5.109766 7.199579 3.831518
15.671500 -0.298626 10.447733 -3.545316 1.322981 10.140944 9.056103 5.407238
21.072528 8.188093 6.904133 0.256194 -0.857008 6.560243 7.488249 3.718631
15.736021 15.253605 0.096022 5.703931 0.377497 4.099387 7.733540 3.865339
