-22.060375 -8.650486 -1.466259 5.458256 0.892729 -1.447724 -6.286679 5.257948
-6.246983 -22.140864 -1.892224 10.930400 2.468202 -2.384932 -3.648290 5.337768
-20.074834 -7.104063 -9.085612 2.272985 2.938217 0.294375 -3.490624 6.022322
-22.339701 -8.585604 -1.718792 5.030449 0.956417 -1.013327 -3.622929 6.164989
-9.468286 7.071205 -4.033062 4.309558 0.745650 -0.214408 -4.382115 5.922219
7.195374 -14.419075 -1.880471 4.156873 1.388421 -0.849040 -3.613979 6.270753
-13.086712 5.577387 2.031835 4.314976 1.590122 -1.087189 -3.543548 6.155426
-6.480748 -20.577376 -10.258800 6.218968 3.922451 -0.271722 -4.688713 6.776215
0.614090 -14.425057 5.633443 -3.878056 3.070736 -0.495877 -3.277651 6.129291
-3.382695 -11.840973 -3.137474 -8.269000 -3.732569 2.466309 -2.826487 6.403101
-4.626850 -15.004855 11.154629 8.849948 0.893157 -0.914928 -3.615992 6.156603
-22.132308 -7.892393 -4.532613 4.797776 0.804702 -0.933434 -3.634041 6.244663
6.040167 -1.244291 3.307372 4.799959 0.607601 -0.776920 -3.498614 5.847285
-6.098690 -19.894812 -8.482802 -2.344385 0.708565 -0.937826 -3.567510 6.133134
-4.440720 -22.920016 -0.697472 2.961295 0.636116 0.207153 -5.613895 5.892705
-18.436951 1.693285 -1.408676 5.387976 -0.355053 2.253359 -3.771931 6.160643
-21.261545 -12.225838 -5.006511 6.559937 2.110028 -2.219052 -3.542938 6.034775
-22.353008 -7.999085 -1.938034 5.077206 0.884813 -0.932446 -3.623823 6.162986
-10.862405 3.847741 -2.908592 13.318526 2.362563 -4.484289 -3.591108 6.091993
7.042841 -10.687691 -7.172603 2.692232 3.168403 0.140456 -3.507159 6.230141
5.264355 -10.940001 2.672308 12.623448 2.191032 -0.597224 -2.497623 4.457801
8.553114 -8.055494 -1.203925 4.749588 1.037246 -2.068859 -3.920053 5.637954
-9.877359 0.241521 -13.149202 -1.007500 0.812041 -0.985749 -3.302023 5.566124
-4.756633 4.026373 6.786770 8.894931 0.540145 -0.937414 -3.643484 6.142180
-1.247089 -8.785307 -14.658273 9.950370 5.474114 -1.536740 -3.073064 5.295613
-10.787326 -22.074237 -1.959152 0.949856 3.860186 -1.541488 -3.866199 5.890651
-7.420054 -20.739267 -8.923630 5.413424 3.813047 2.450274 -4.001334 9.054422
-19.216235 -1.066753 0.898723 5.093396 -0.195704 0.210767 1.633533 5.109561
3.690194 -7.709668 -8.244050 -3.428700 0.081796 1.835208 -4.790641 3.542397
5.246751 1.637929 -2.472929 5.266125 0.705781 -1.279594 -3.819479 6.123396
8.553279 -7.589022 -1.814708 3.979551 0.270050 -0.379148 -3.598126 6.681651
