-3.980530 0.024172 13.265951 1.770964 2.493234 5.334100 -7.328953 -5.979307
13.799614 -15.959907 5.938072 -0.104297 -4.960721 3.805607 -8.225956 -5.172888
-2.680195 -15.155855 4.839180 7.855079 -9.165454 3.283518 -12.345187 -4.732787
17.765582 -1.017364 1.723103 0.221406 -5.726628 4.220389 -7.698921 -5.646104
14.846055 -1.851809 4.292976 -5.928641 -11.693214 3.633590 -10.194156 -7.397942
-9.081786 -15.520093 2.398037 -0.665766 -4.649559 3.908864 -7.983402 -5.799194
5.170895 5.348516 10.603994 -7.831552 -5.985195 2.178775 -7.716919 -8.349208
10.955896 -18.618959 1.173955 -0.969053 -4.538270 3.925121 -7.944969 -5.806929
-12.770246 -6.951310 2.645574 -0.482128 -4.572572 3.900552 -7.987945 -5.805062
6.486520 7.983031 3.328381 2.220807 -11.132359 2.561726 -6.981110 -5.169219
10.167765 -15.362516 5.128365 -8.378388 -7.417642 2.404631 -9.530803 -9.292201
-6.924946 -13.048738 -5.661518 -3.824989 -1.260455 4.504305 -8.121932 -5.589457
-7.349432 -0.135765 -1.066338 4.801011 -4.068253 4.751008 -5.378459 2.184569
5.900664 -17.840078 11.439372 0.807330 -4.502390 4.164373 -8.410851 -5.970945
3.811709 -9.441430 -2.746017 2.377290 -2.957734 -0.644108 2.225687 -13.631830
15.840205 -5.053842 -6.015436 -0.441052 -4.604607 3.904110 -7.982756 -5.799085
-3.470666 1.068733 -10.106913 -0.534685 -3.820243 4.003512 -8.430935 -6.755835
-6.211266 -9.734731 -6.194073 2.492478 2.779005 3.518937 -6.790840 -6.295615
5.171486 -5.463781 18.116951 -1.795237 -4.605282 3.803637 -7.827847 -5.807007
-11.854897 -9.957521 3.217033 1.137646 -4.310190 5.159391 -8.461233 -3.923648
12.600655 -14.039017 6.782802 2.236452 -9.265964 6.123786 -10.901986 -2.188572
12.175335 3.807842 5.680429 -7.695858 -6.550177 1.522015 -5.569632 -6.354035
-1.893007 -3.211892 5.326626 1.748165 -6.454381 13.691223 -1.507430 -13.849401
3.500547 -17.587885 4.591534 -3.779821 -6.648298 8.222754 -5.422658 -12.988024
-0.613706 4.683201 11.420546 -1.556687 -12.050509 3.901143 -8.570393 -5.455930
12.530632 0.157982 -5.798975 3.652215 -5.387886 3.631601 -13.423366 -5.368077
-5.360006 -5.999291 13.936979 0.188882 -11.503039 5.509137 -7.658339 -5.472021
9.763113 1.639275 0.155063 -11.923524 -3.985388 0.379990 -9.548274 -5.839777
18.195235 -4.392815 5.306757 -0.487601 -4.754417 4.040996 -7.245089 -5.264716
1.250974 1.420255 -4.401439 -5.437493 5.506457 3.383167 -4.440825 -2.654835
-11.877314 -10.770900 2.687406 -0.575327 -4.781059 3.883375 -8.054685 -5.765561
