17.736008 4.574088 -2.770737 -0.508685 4.398125 -5.183118 -5.965408 1.152802
-2.465440 2.586706 -15.664318 -2.835968 6.227168 -5.770741 -7.080463 0.557371
17.478713 4.192549 -4.499659 -2.857749 3.972451 -5.111948 -5.625681 1.166045
-2.912378 10.271652 -4.115776 6.636240 11.014875 -7.543686 -4.918992 2.029836
9.817118 12.261413 1.048369 -6.123547 0.183110 -5.094473 -5.896640 1.110908
-5.807141 2.024686 -13.377141 3.382793 3.868273 -5.101621 -5.969314 1.150669
-7.000423 -4.383038 -10.205305 -2.777701 4.154396 -6.774588 -5.819362 1.040291
-5.067787 3.809387 -13.944885 2.992635 4.965311 -5.339766 -5.821986 0.917666
-0.247696 12.299409 2.247435 -6.937424 -0.044015 -7.235154 -6.204011 1.007958
-9.784782 7.121459 0.545301 -0.620249 4.495837 -5.193617 -5.980437 1.159207
0.359168 13.851227 -10.526745 -1.576323 4.373175 -5.447178 -5.937619 1.217731
-4.356596 -9.133604 -0.408965 -3.638260 1.893745 -3.071295 -5.545093 2.405306
-6.070666 12.848557 -2.650704 -0.272738 2.609885 -4.793569 -5.881188 0.757019
15.103409 -6.609291 -2.744285 0.832040 4.362054 -4.828747 -6.187959 0.956310
-2.549101 -9.251991 -9.868095 -0.033008 4.914705 -5.296015 -5.945059 1.170312
14.169546 -5.890727 2.652959 0.711114 3.095533 -6.555502 -6.295355 1.302879
10.433669 2.431299 -10.791134 3.351161 5.442534 0.661479 -11.564435 5.340399
-10.446326 -1.659541 -1.898137 1.995128 4.431785 -5.122648 -5.715318 1.283689
-3.244240 -8.670203 -0.429428 6.389550 4.168244 -6.376197 -7.008667 1.225047
14.397121 5.058924 6.244299 -0.073061 4.149586 -5.159972 -5.969736 1.168268
6.075862 -12.168998 -5.045841 -0.517730 4.389078 -5.183313 -5.962976 1.158691
-10.565630 3.244890 0.976208 -1.207369 4.605513 -5.232550 -5.800437 1.352516
-4.895221 -1.536956 -14.216009 -0.525649 4.303143 -5.191914 -5.964442 1.158667
6.529627 11.073820 5.707807 -5.465957 0.532821 -5.071529 -7.717712 -0.765977
-9.462618 -4.821443 -2.897923 -0.619595 4.513037 -5.235158 -5.791640 1.233251
17.957608 2.184672 -3.395868 -0.459663 4.373174 -5.189483 -5.944067 1.135874
8.406497 -8.708638 -0.116846 -0.548180 11.757838 -1.769976 -5.846532 1.223246
10.995269 13.218385 0.646050 -3.141892 7.089726 -5.483061 -5.387769 2.117709
-1.850950 -6.593499 -4.570062 -2.813451 6.982981 2.445762 -11.779202 -0.669387
12.087613 7.543144 7.381798 -1.582026 3.605517 -5.498590 -5.931685 1.525006
13.124142 12.241068 -1.848860 2.500745 4.491849 -4.266124 -7.261113 0.876277
16.799479 7.216353 -0.843326 0.717500 4.344934 -4.933482 -5.887542 1.353339
