23.082244 -6.012715 2.873868 2.666753 -3.889729 -0.416957 2.826358 -2.977399
-3.278563 6.709274 5.125773 -0.215026 -1.844213 0.110642 2.207337 -3.030678
0.222256 -1.870851 1.969284 -5.637151 -9.165785 0.286163 10.422889 -7.477967
20.069911 -2.195491 -1.720926 3.112193 -0.590838 3.264303 8.762743 1.752526
18.894617 -13.675355 0.996989 3.087761 -4.068281 -0.583220 2.124588 -4.255209
-6.923305 -0.348147 -0.254889 -0.453271 -4.357584 0.094704 2.471818 -3.571139
21.304926 -10.000208 -1.900108 3.163884 -3.347097 -0.191434 2.521595 -3.495083
21.896373 0.730679 -3.518835 2.589750 -2.249209 1.898364 5.034245 -2.425961
-5.246114 5.445271 1.365099 3.395159 -3.533408 -0.420060 2.624236 -3.495540
20.588527 5.334692 -1.756386 -0.247421 -2.760074 -0.303892 2.672908 -3.644711
23.540446 -2.648493 1.324622 2.751006 -3.547614 -0.289948 2.587440 -3.416474
-4.745107 -6.123170 -4.262024 -3.076812 -3.735813 1.121264 2.367418 -3.512854
7.412800 5.577361 -6.026305 9.082475 -2.352602 2.363534 -1.118668 4.135940
20.931117 2.533642 6.382559 -0.967531 -5.088392 -1.209590 3.407307 -5.423800
9.307227 -18.103951 2.320915 2.176528 -3.433440 -0.251563 2.579257 -3.434310
-4.143071 -0.869769 -8.018539 4.425032 -4.180660 -0.954813 2.563295 -3.207783
-4.913935 2.772526 -4.160241 2.105520 0.275920 -0.379406 2.692970 -3.852488
9.669948 -14.631890 -5.931654 9.254273 -2.905561 -0.035453 2.574083 -3.396226
7.072356 -2.628562 -8.133633 -2.365895 -13.399314 5.017492 2.605867 -3.394051
15.605159 -7.769736 10.181733 8.741254 -8.914206 1.059567 -0.958073 -3.423284
19.464740 -12.669757 0.131039 5.371690 -2.755828 0.467067 3.160067 -3.197160
22.251601 -1.081779 -3.302184 -0.150481 -1.100905 -0.278599 2.446335 -3.750010
-0.127866 9.670472 -2.400940 2.069998 -1.118247 0.890454 2.235255 -4.728905
-3.306866 7.585342 -0.380177 2.645393 -2.058461 0.600734 0.989344 -2.865858
-3.935192 0.290643 10.831864 2.710529 -3.494180 -0.256975 2.573008 -3.410430
20.929819 -1.390398 -6.956256 3.446977 -1.630843 -0.295945 2.649885 -3.528938
23.354074 -1.047023 -0.395766 2.773615 -3.754711 -0.116206 2.400882 -3.728724
-0.889144 -6.343812 -10.884605 2.826435 -3.526670 -0.293626 2.566801 -3.409356
-7.425656 -2.785995 0.755937 3.068370 -5.270658 -0.785188 2.584511 -3.269605
22.909568 -6.498285 0.458293 1.031253 -4.085441 -0.800505 2.554618 -2.918241
8.195820 -17.969966 -1.184853 2.902854 -3.350877 0.591542 2.502308 -3.374619
15.945130 -2.267941 8.004316 -0.283989 -3.485432 -4.407832 -5.383798 3.212044
