11.239524 -2.555779 -6.946123 2.823054 -3.402938 -2.623521 1.821921 -4.784088
1.080601 -8.361092 -16.586270 11.093499 -0.774932 1.358671 2.419377 -3.839291
6.657784 -4.314807 0.981849 7.847305 -5.452787 -4.460644 0.811242 -6.245914
0.665586 3.695042 -13.329259 4.765154 5.897129 -6.792487 -0.733368 -5.798012
-16.565901 -4.485227 -11.615305 5.683030 -1.490267 -2.381681 2.795516 -3.585977
-5.858809 -8.419260 -5.689702 8.689724 0.859008 -13.609964 3.993714 -4.244103
-17.251402 -6.435379 -6.211798 2.912112 -3.164259 -2.630139 1.806350 -4.778747
-17.466931 -1.882996 -6.886235 2.735050 -3.060817 -2.643408 1.801867 -4.762173
-16.926026 0.491883 -8.676983 2.002469 -2.759461 -2.578944 1.750628 -4.702177
-8.709522 -2.243931 5.207204 0.063955 -3.488478 -1.524764 1.921722 -4.927734
-5.421246 -6.577844 -2.871393 -8.740428 2.370391 -0.342516 1.658094 -3.308599
-13.843019 2.703417 -4.743274 -3.005046 -1.713067 -1.305409 2.157859 -7.426830
-8.740474 -9.236240 -19.277024 3.672837 0.032572 -3.992447 1.301427 -5.122279
4.677012 6.738729 -13.213147 3.373488 -4.876087 -4.085522 3.090333 -6.157648
7.117150 -0.328231 -3.024069 -2.465035 3.120340 -3.343689 0.033493 -5.227609
-0.150172 -1.869538 -17.468080 -5.641886 -1.925609 -4.539017 -0.083438 -9.275495
6.203707 -8.191022 -0.650565 9.673034 -5.029501 -1.598466 1.767509 -4.575345
3.443244 8.842506 -5.644120 4.758291 -3.143582 -2.953230 2.927173 -5.091014
6.855816 6.394195 -10.230811 3.830856 -2.420538 -2.777921 2.061245 -4.811819
-6.200959 4.322441 -18.047619 8.179165 -3.051518 -3.159219 2.043014 -4.168428
3.182184 7.240988 -2.836495 8.016641 -3.064092 -2.628829 1.810322 -4.776425
-16.333807 -9.034796 -7.350291 0.442418 -3.180313 -2.627928 1.805446 -4.775860
-17.204008 -1.192910 -6.618246 2.240201 -4.372230 -1.763414 1.005122 -4.049936
-15.290452 -8.962365 -2.660449 2.030472 -1.476017 -4.490448 1.659617 -3.703291
9.307390 -10.983990 -7.503256 2.894109 -2.981992 -2.742274 1.814566 -4.829944
-16.479543 -9.185813 -7.029667 2.566846 -3.048953 -2.607165 1.818233 -4.840213
-11.165118 -15.357440 -9.514671 1.064327 -2.931349 -1.627663 2.072485 -4.762816
-17.356410 -6.296821 -7.738663 2.891470 -3.083433 -2.676281 1.795494 -4.761836
-9.268173 -4.524799 -5.080270 8.025624 -12.834032 -2.967562 2.910741 -11.135938
-17.571314 -3.881904 -7.776021 3.492526 -2.534229 -2.643486 2.110241 -4.634774
2.819133 -1.026002 -13.882555 5.157675 -12.788574 1.768995 -0.926575 -3.563876
-3.807861 10.155135 -6.931944 -1.119404 -3.835003 -3.048617 1.744061 -5.377426
