-5.538924 3.659692 -1.592990 -7.586052 -4.772862 7.024257 8.997275 5.363482
-4.861908 -7.491259 -7.431008 -10.551978 -3.703040 7.172562 9.473847 4.931435
13.918794 9.485656 -0.197861 -5.933301 -4.937226 6.138787 9.318608 3.490146
22.321018 -5.226481 -0.761400 -7.865735 -4.083410 7.656430 8.924768 4.968648
4.628907 6.156588 4.431303 2.420799 -4.395964 7.210156 8.636961 5.357351
-1.223242 -2.293921 8.821463 -7.437810 0.482774 12.879973 10.062339 2.417263
3.640516 8.790270 3.032488 -13.486977 -3.254342 5.249849 9.026163 5.959653
14.200378 -7.118675 -11.219856 -14.403789 -3.197989 7.020718 9.023670 5.370541
-3.412599 -14.149164 -0.088978 -7.256706 -3.975013 7.069171 9.017691 5.384017
12.207078 6.274821 3.078675 -5.799432 -4.590826 -2.282605 9.124723 5.421330
11.025698 6.621949 -2.830967 -12.341703 -7.034518 1.035323 6.397163 9.959638
21.724888 -1.847865 -3.198029 -9.499828 -3.016030 8.495734 9.617210 4.447514
-2.018133 -14.280756 -5.128065 -8.141949 -5.373446 6.394404 8.985004 5.251643
-4.827192 -8.456062 -2.293523 -6.841948 -2.005333 6.110565 13.921466 9.885056
19.983440 -9.710617 -2.425187 -4.671704 -2.056457 5.281731 11.066662 2.251620
12.668883 6.061485 9.260558 -5.970915 -4.032987 4.628308 9.286540 6.055505
19.459007 -1.734728 -8.437244 -4.048006 -4.339877 6.998097 9.086150 5.321199
22.000315 -6.639497 -2.302181 -8.075421 -3.841717 6.845663 8.956913 5.258765
-7.542525 -3.850184 0.039275 -6.403032 -3.850233 6.936469 8.611171 5.012060
22.355396 -3.632823 0.929156 -7.579720 -4.504716 7.088589 8.973739 5.178518
-6.438630 -8.676067 -3.182131 -6.815141 -3.091702 6.765392 9.193048 5.191455
9.322899 -16.345192 -2.424460 -14.958054 -2.928607 7.183758 9.116078 5.771017
9.045690 -1.049816 -8.340946 -3.898763 -12.290356 9.113554 3.960176 -1.025398
21.897678 -7.582822 -1.315243 -7.229084 -4.195410 6.890555 9.066251 5.427849
-7.343939 -2.144030 1.667550 -6.963482 -4.554253 6.990475 9.069734 5.333363
15.626344 3.287579 -10.587181 -9.140100 -4.309572 7.674893 8.975648 5.191535
4.613688 9.956671 -4.693384 -8.468796 -2.835471 6.375220 10.061490 7.864795
-0.005744 8.926755 1.228676 -4.853998 -3.869927 6.914804 9.393500 5.279127
6.017221 5.992992 8.029004 -14.654248 -5.161678 5.566663 9.757999 5.399488
10.712632 8.912543 5.073446 -5.251852 -0.514698 8.993815 9.861704 3.629088
19.588753 -2.619763 -8.790775 -7.152792 -5.592378 8.367017 8.423271 5.016992
