-23.332164 10.102376 -10.166219 -4.223333 8.196866 5.731836 1.129970 4.492153
-9.562841 16.102688 3.946982 2.090831 8.256043 5.776824 1.543083 5.550840
-22.069331 12.614723 -1.546570 -2.786632 8.132097 5.851223 1.386567 5.032572
1.543153 14.096049 -13.902451 -0.525979 9.409422 5.651454 1.613542 4.453357
-5.082278 -5.458020 -6.893984 -3.489843 7.580014 5.881258 1.405120 5.099794
-7.536450 -5.920809 -7.195640 -3.666738 7.714470 5.176463 0.977490 6.080491
-20.003216 6.413239 -15.543366 -0.673528 4.407760 4.701475 1.437299 5.109281
-3.778246 4.728828 -4.538333 -14.964278 6.956149 7.602432 6.254389 3.828801
0.214565 -1.140411 -1.817098 -4.503167 7.656063 6.514183 1.325075 5.049283
4.942387 7.053388 -7.397841 -4.832401 6.687493 4.900764 0.478470 4.268910
-23.135107 10.593548 -4.309314 -2.860491 4.871884 5.759247 1.663685 5.258525
5.176857 7.994783 -6.875973 -3.768420 7.336492 6.090846 1.244191 5.131367
-2.125547 15.003971 -14.208323 2.091445 13.259267 6.036291 1.227463 5.135370
-5.024141 10.699572 6.366826 -5.946468 6.380351 5.085582 1.911385 4.910988
-16.365888 19.388223 -1.580553 -0.156693 7.411299 5.721680 1.648013 4.702461
-2.059917 2.316436 -10.537108 -1.361633 15.741342 8.447513 3.636823 10.135528
-23.316257 6.229752 -7.690315 -3.147310 4.940462 7.282033 0.905012 4.714284
-20.830823 6.101459 -9.648947 0.197736 8.395921 13.022726 1.123356 4.493937
3.044228 1.292766 -8.478288 -1.949538 8.359704 6.931469 1.015709 4.422534
-22.613946 13.495923 -5.719674 -5.651522 7.840302 4.676399 1.719835 5.548744
-6.218233 -4.598405 -1.390271 -3.728701 7.594802 5.957046 1.401275 5.089924
-14.561846 -0.472702 -6.375028 2.004712 9.886071 5.555872 -4.177416 -0.974823
5.058784 9.521812 -5.403999 -3.219137 7.577242 5.879278 1.403528 5.099104
3.458018 15.154045 -7.288458 -4.847371 7.471512 5.895899 1.385066 5.096480
-20.774537 16.724066 -8.534465 -6.066149 8.639431 5.397414 1.463339 5.375445
-20.590287 13.951897 -3.710019 -3.028386 1.191375 6.142353 0.793010 5.966348
-13.042397 12.853545 -12.502069 -7.367411 18.932217 6.469674 0.389257 6.298998
4.791359 5.555475 -8.772824 -3.258956 7.607184 5.907135 1.471957 5.034867
-4.605242 -0.442772 -9.124413 -6.053530 16.580245 9.373548 1.341505 2.763674
-19.973891 1.067015 -2.509155 -3.539577 12.293693 6.494208 1.961787 5.043413
0.586389 18.028638 -8.582433 0.373763 7.127659 4.753748 2.332459 4.501577
4.215129 5.087737 -10.184300 -5.788456 6.992402 6.511070 1.304073 5.285440
