-17.338096 -8.976462 8.143191 -8.570248 -1.137266 3.456205 0.573731 2.319422
-23.046322 0.302537 8.737941 -7.386494 -0.435038 2.758876 0.392557 2.507886
-23.339778 2.393793 8.136587 -8.583804 -1.145698 3.181421 0.591618 2.434369
-17.361816 -8.231964 6.298148 -9.516427 -2.927454 6.229754 0.741594 2.762787
5.392398 4.096414 8.374249 -8.413835 -1.352541 3.329420 0.436440 2.514612
-23.245030 1.721609 7.527234 -8.270166 -1.437053 2.096484 0.856941 2.187017
5.454887 3.173216 7.774931 -8.612343 -1.169147 3.262947 0.644077 2.439600
-4.802989 14.146974 10.184418 -11.436191 -0.075399 7.353547 -4.729611 3.140064
-22.039192 8.077029 6.251394 -6.904193 -1.389583 3.795532 0.236938 3.113697
3.712315 -2.380440 3.567013 -7.927240 -0.658237 3.746650 0.788067 2.373592
-0.643009 10.296092 15.402300 -13.809558 -0.498956 2.992015 0.618130 2.421422
-18.459542 2.267084 -1.612482 -4.283310 -2.885532 2.705432 1.152402 3.175502
-20.957796 2.689456 15.293928 -8.362128 -3.253514 3.070216 -1.718226 3.491523
-21.269470 -4.352812 8.369442 -9.641100 0.374583 4.566051 0.448088 2.435477
-3.137631 -9.296559 12.750246 -10.167863 1.007863 3.470679 0.080119 2.096084
-3.313416 -6.466966 -1.029891 -11.290765 -1.609092 2.361777 0.625491 2.849342
-16.226737 7.245406 1.876225 -15.958865 -7.233355 2.081472 1.763720 3.629432
-21.710953 0.432291 2.335133 -7.127241 0.243271 4.286074 -0.321584 2.520200
-10.616193 1.781613 19.973610 -2.071746 0.552564 6.067770 3.118875 3.985857
-17.236143 -7.364263 12.150776 -12.603679 0.340127 3.905234 -0.629909 2.304124
-12.021898 2.834602 9.646028 -1.372662 10.613976 0.918527 0.647090 2.379157
-12.858284 13.324124 -0.623898 -10.260276 -0.571777 2.929796 -0.253414 2.618870
-19.797387 -2.995654 14.992737 -5.805662 -1.852911 3.413549 -0.263539 2.711322
-4.468382 -10.889419 6.800686 -8.060209 -1.686184 3.164629 0.541894 2.497468
-19.508854 9.970636 1.672370 -8.427640 -2.598821 3.296463 0.591018 2.517498
4.257616 0.425449 12.505605 -5.694094 -0.988231 3.051976 0.693870 2.206033
5.235616 3.968615 10.315835 -8.712577 -1.059564 3.191517 0.605177 2.446518
5.011708 3.024298 6.040532 -5.721592 -0.867657 3.740073 0.653476 2.324789
5.361656 1.067191 7.673532 -8.856424 -1.196189 3.198141 0.599070 2.429000
-9.412524 -2.665186 19.706064 -3.863688 3.333872 3.783496 1.213216 2.416279
4.188381 6.281301 5.709937 -8.837591 2.585921 2.507592 -0.406653 1.243693
-4.891378 15.413454 13.312324 -7.042481 -0.664089 3.421664 0.670474 2.460225
