9.886476 -13.518784 7.248524 -12.815438 5.574234 -0.632006 6.081287 1.308296
-11.523808 1.642505 1.435382 -11.413953 8.547506 1.140392 5.177562 2.617551
-2.972682 -14.434638 2.015909 -14.141335 11.995556 -5.044352 6.174137 2.251689
-12.372682 -1.535835 1.395474 -7.494580 11.760860 -0.634755 6.914183 1.500499
7.820596 9.773060 4.398726 -2.489447 10.190207 -2.318333 6.319893 1.523481
3.330323 -16.743981 1.404648 -11.001991 10.653979 -0.561312 6.809925 0.864849
-4.255205 -6.393554 -0.550606 -17.197840 5.147822 5.242954 4.231167 -1.222171
-10.739127 -8.345993 9.932986 -8.906614 9.350929 -1.532558 6.100551 1.645172
-6.944681 9.522120 4.073277 -9.636538 10.018378 0.138014 6.107997 1.680922
15.540370 -8.475655 2.707646 -9.402556 9.810490 -1.243330 6.208923 1.403010
16.820770 -3.071420 2.996229 -8.013709 8.883493 -0.874336 6.324896 1.472880
8.606772 0.876798 -3.997631 -17.687671 6.362658 -2.884953 7.930029 0.504101
-9.831667 4.683761 -1.224177 -9.017859 9.802089 -1.027653 6.271802 1.531735
12.416357 -11.055414 0.479845 -6.731232 9.592043 -1.800491 10.556311 1.112573
14.800172 -9.191862 7.466619 -8.609375 11.975449 -1.614569 7.233515 2.005132
-11.335065 -0.001729 3.627039 -7.090365 12.721968 -1.206323 1.114424 2.629005
-5.749143 -11.038485 11.947626 -15.040487 9.631066 -1.198251 6.275485 1.528296
1.904672 11.294828 9.187296 -5.587898 9.851392 0.721678 5.596765 0.149978
10.290809 1.030454 -6.092275 -5.966907 9.107374 -1.264967 8.400779 5.340162
1.758972 11.635408 9.513612 -7.407886 8.831483 -1.896298 7.083723 2.248811
-11.108411 -1.187574 9.937163 -13.412799 8.461473 -0.851805 4.805552 2.095526
-12.905638 -0.920030 5.412538 -9.577680 9.592946 -1.208722 6.278504 1.528040
-11.147443 2.617653 -0.480976 -9.421967 9.808293 -1.325840 6.413379 1.931957
15.347885 -5.377486 7.445233 -4.260029 8.463990 -2.730044 4.691291 0.029412
-0.130139 10.891884 11.279773 -8.493663 9.898250 -1.266935 6.275924 1.524880
14.027128 4.931365 -0.406189 -9.154642 9.637825 -1.205438 6.276411 1.528216
-5.470428 2.808366 -5.234583 -4.386300 10.856424 -5.177740 5.425142 -0.799527
9.302327 10.342513 2.074737 -8.584854 8.796264 -0.100522 6.297977 1.527737
14.678541 3.755065 -0.104568 -8.543589 8.383160 -2.049810 6.629969 2.068310
-9.308100 7.461124 4.803076 -8.979243 9.791351 -1.153662 6.404812 1.448977
13.146627 3.013367 6.441501 -15.235710 5.139263 0.961847 4.903731 2.390216
