-15.284098 -8.443925 -4.673078 11.395470 8.228858 -3.746098 6.560708 -1.819301
0.367212 -18.685399 10.527430 9.998786 5.593574 -9.307807 8.700393 2.598315
-5.988350 -22.842370 4.278685 12.796788 7.581640 -9.642761 8.638260 2.617381
6.818987 -9.451136 8.778611 10.037811 2.481527 -13.701946 8.099677 2.681665
5.921893 -0.717583 -7.678490 11.600730 7.497240 -9.218467 8.456157 2.965694
3.087598 4.008071 -0.267066 9.990869 5.896438 -9.329794 8.628076 2.670718
-15.621629 -17.834469 -0.610722 9.367959 7.165600 -8.770254 8.678997 2.695129
4.031080 -14.506840 -8.083442 1.673689 9.185833 -9.462836 7.964991 2.255444
-17.469492 -14.270671 0.873344 10.347209 5.829457 -9.312125 8.622041 2.683634
7.690680 -15.754471 6.330830 7.236548 4.535448 -8.499083 9.324333 2.811459
9.301027 -16.039503 -3.588951 10.556230 6.510712 -10.114107 7.416941 2.420081
-13.817304 -19.958341 0.458665 11.118045 5.901909 -9.349746 8.623315 2.676704
10.751135 -13.674795 -0.413603 9.895045 5.904997 -9.322951 8.620780 2.682455
-16.515286 -6.690790 -4.286223 5.693533 7.452491 -8.299740 11.453305 3.330269
-6.207325 -19.844615 -9.930904 12.018571 7.288322 -9.653618 9.452144 0.279319
-17.708654 -5.054329 -1.089064 9.332535 5.560312 -9.342693 8.597429 2.644347
-17.744792 -11.760311 -0.098192 13.417788 6.010689 -9.501665 8.477158 2.578564
9.045801 -5.647487 6.710853 10.040304 5.409016 -9.311240 8.528681 2.609283
2.190230 -3.808195 -10.111736 16.826844 4.379859 -9.136123 6.605685 -0.468379
-9.778195 -7.549211 -13.764168 9.925262 5.929992 -9.312216 8.644912 2.661242
11.297041 -8.258754 -0.548707 8.891322 5.114925 -9.119458 8.611694 2.622443
2.431114 -7.214770 -4.715879 -1.861660 0.995502 -9.440711 8.451217 1.943841
9.210843 -3.954823 -2.594701 9.730470 0.826314 -8.868777 8.999622 2.283097
1.043759 -7.755735 7.465178 -1.774438 6.150917 -9.691699 8.657242 2.659881
-18.096255 -10.653247 -2.493411 9.790253 7.317791 -9.363076 8.809382 2.632495
-18.361041 -8.781741 -0.597148 9.918672 5.911539 -9.347833 8.625267 2.682226
-12.078850 -10.064263 0.163787 7.134477 14.851958 -4.078995 11.224461 7.669428
5.969025 -18.647380 -7.140778 9.986867 5.912128 -9.331507 8.618254 2.681171
11.244873 -7.442690 -0.789863 10.482363 5.832902 -9.513325 8.171417 2.341918
-16.111592 -3.226531 -4.171585 10.681741 5.148368 -6.280330 8.439918 2.602111
-17.902320 -9.142869 3.113975 11.013322 6.375571 -9.421326 8.617772 2.678608
3.658475 -18.033314 -10.049441 10.301639 4.777262 -9.742415 8.939338 2.783862
