-9.099555 12.123711 7.714651 9.755594 8.370809 -3.603880 -1.363350 0.775055
-10.913985 2.380184 7.339227 9.041795 9.318422 -3.493048 -1.354984 0.742005
14.296100 13.136301 15.258470 9.868887 8.974628 -3.756384 -1.698948 0.284249
7.979012 -8.985239 6.141119 10.763189 8.845732 -4.483001 -1.797180 0.267722
-4.570502 16.650119 12.657609 9.609114 8.302233 -4.619029 -0.989981 0.896506
11.524438 -2.892675 19.814249 10.205203 8.347075 -3.485788 -1.362637 0.777263
-8.021622 13.488744 11.064300 11.850324 9.459790 -3.067262 -2.374810 0.633009
0.744670 10.094794 -1.536339 16.506644 10.943412 -4.861301 -1.376827 0.823976
-0.838260 0.292360 8.953838 22.368158 4.480076 -2.023039 -3.717598 1.784790
18.190038 4.074260 9.148928 8.392188 7.825632 -2.603660 -1.421938 0.737758
-3.271005 0.929059 -2.740694 11.494390 8.511309 -3.568493 -1.359106 0.774145
14.808002 8.483016 17.247571 12.711994 8.557621 -3.863411 1.348762 3.227748
-11.195007 5.055938 8.252684 11.032056 8.228529 -3.454588 -1.470400 0.731416
18.155368 2.874026 10.886150 10.295314 9.300687 -3.812874 -1.544550 0.787405
3.231263 -9.714895 10.135570 10.492219 7.191173 -5.606806 -4.424316 0.425606
13.749859 4.111647 7.308777 20.189846 8.759202 -4.074038 -1.342469 1.315000
2.122672 19.255651 9.965714 8.496188 9.053886 -3.953688 -1.197708 0.145129
-11.179114 5.786179 9.715306 11.350414 9.299753 -3.418453 -1.386449 0.412937
-0.406103 -4.367550 10.516392 4.791549 1.883043 -11.054799 -0.796543 1.023791
13.751606 -6.123415 10.079540 10.182898 8.215730 -3.679676 -1.397480 0.518812
-5.310277 7.678495 1.380461 8.116854 12.771345 2.679130 -1.914619 0.306097
15.093950 10.547413 15.003954 5.559048 6.501857 -4.644775 -1.606178 1.083588
-5.822960 15.264582 14.085601 9.086583 9.071616 -3.485122 -1.406983 0.759603
16.106186 2.215120 3.313160 11.817618 10.418884 -3.451614 0.661715 1.663700
-11.252854 4.661378 9.707396 9.207576 6.976222 -3.603556 -1.632562 0.738061
-0.313715 18.778209 10.693553 10.840583 8.681229 -3.925303 -2.404305 -0.131951
16.760508 10.076895 7.001599 8.905214 10.523915 -2.843197 -1.389790 0.859745
14.399876 -5.240664 10.619075 8.405331 7.174232 -3.514984 -0.738639 0.396413
14.340583 12.847118 5.514508 13.544724 8.320995 -2.419017 -1.081160 0.701819
7.824930 18.720982 9.981040 9.419971 9.444515 -3.737266 -1.268350 0.724350
-9.847461 6.296633 3.584301 9.963893 8.427050 -3.591488 -1.324025 0.832051
10.191813 4.348503 8.856039 21.391382 3.273727 -0.167570 -1.293422 2.182303
