5.149899 2.635698 1.211672 2.899537 9.578505 1.223886 7.916296 -2.492645
-19.179456 9.520371 -7.398761 0.921009 8.054926 -0.471647 7.410470 -3.194431
7.435355 14.041625 -8.090922 -0.040916 8.516011 -2.275321 3.383181 -2.112825
-1.735908 17.308361 1.408591 1.011363 3.989409 -4.204425 9.948507 -3.758273
7.767176 1.708281 -10.310475 2.721239 7.855637 -0.565660 7.378504 -3.193407
1.096106 8.644322 5.862825 -0.418385 7.631072 -0.640660 7.351243 -2.864090
7.347966 10.416860 -12.881009 -3.762736 6.628456 0.574126 7.506681 -3.174404
-17.848404 13.392502 -10.097542 0.135412 7.196769 -0.434801 7.354456 -3.215222
7.375766 13.759960 -2.921736 0.950082 5.918049 -0.710612 5.947941 -4.520874
1.931715 -2.248764 -14.228133 0.913009 7.381270 0.955592 8.882850 -0.441569
3.221465 4.539818 -6.456207 8.192632 10.159517 -5.380134 7.253463 3.866795
5.280578 10.937824 -12.297103 -2.249877 12.689735 -4.446352 4.316361 0.856144
9.480304 6.612224 -8.910040 1.172599 7.509844 -0.356709 6.744388 -2.693676
7.522889 11.974586 -1.095651 -0.888883 8.084610 -0.494933 7.431119 -3.203611
-11.273702 19.811019 -12.138498 1.215178 6.577542 -0.429587 7.465225 -3.291583
5.465455 17.565722 -5.884263 -0.067836 6.169531 -1.363888 7.893676 -5.155161
-10.733754 -5.283390 -7.093105 0.775823 7.740902 -0.536576 7.378515 -3.196196
3.372613 -3.934807 -8.021476 -0.430090 7.678523 -0.510247 7.281689 -3.287418
-5.863477 20.437996 -7.694859 1.649167 2.062292 2.818311 5.381496 -2.358193
7.601128 0.464299 -7.071873 0.630510 7.993438 -0.604605 7.461598 -3.224679
8.962871 3.459037 -7.565436 0.841452 7.951472 -0.520923 7.362167 -3.206368
-19.194582 9.323224 -7.687473 0.752019 8.011643 -0.398682 7.357414 -3.250659
-18.802276 5.592823 -6.789041 1.403865 7.346571 1.999549 7.676583 -4.036932
-16.402533 0.573489 -4.475080 -1.269538 6.456658 1.353694 8.950008 -4.011366
0.429544 21.384795 -7.920520 0.763669 7.949665 -0.573013 7.379968 -3.315759
-1.554192 -4.262830 -3.397996 6.113505 5.639936 -0.049288 6.006079 -2.760892
7.342989 7.470575 0.290547 -1.268779 7.918414 -1.015241 7.333585 -3.272637
-8.490095 -6.041706 -6.224573 0.805778 7.936454 -0.505014 7.352976 -3.157102
-17.264991 1.572288 -5.802772 -2.086691 8.418472 -1.933913 8.298227 -3.573692
-1.749014 -5.755654 -9.791351 3.440723 7.943999 -0.464958 7.374405 -3.180562
-5.984447 18.276099 -12.501529 8.377252 4.610238 -2.505143 6.798139 -3.794799
