-0.996272 0.179277 -7.432392 6.661560 -8.972295 -0.228990 9.476292 5.531077
-10.269086 -15.580054 6.877261 9.615234 -1.831097 -5.126356 6.133144 6.297244
3.870666 -17.006069 -4.481571 7.643294 -8.610363 -5.543848 5.940102 6.232858
-11.260890 -19.419303 3.738585 14.533618 -9.568195 -4.585832 6.534315 6.285492
4.184188 -9.029844 0.957529 8.001214 -5.857691 -6.603521 4.547733 7.314141
5.377737 -10.476363 -5.290426 8.134055 -11.065008 -5.943560 4.888938 4.998085
4.428101 -4.375893 -6.642061 6.359133 -8.462238 -5.457532 5.875944 6.160683
-23.477337 -11.138306 -5.621404 7.431993 -8.663619 -5.588123 5.988160 6.219083
2.639375 -1.805186 -8.508059 8.027416 -8.659050 -5.548506 5.945672 6.226428
-8.724653 -7.179977 3.108662 -4.448110 -9.242346 -5.869970 5.533054 7.429445
3.572182 -16.005234 -8.625293 7.883572 -6.575071 -5.380725 5.917172 6.245383
-18.185308 -21.166902 -5.568858 7.600544 -8.642597 -5.284545 5.613333 6.183492
-11.066488 2.103109 -3.527396 12.682949 -5.544790 -6.674306 9.040958 1.734830
-22.666222 -13.623560 -4.326743 5.137051 -10.643899 -5.422553 6.040293 7.271121
-0.516123 -6.677664 5.857400 5.007880 -10.100042 -3.763698 8.622856 8.681365
-8.644790 4.766921 -4.142648 7.354861 -8.774895 -5.527569 5.932241 6.210787
0.737916 -5.416826 -7.435897 12.457365 -13.538945 -10.947070 6.373502 2.194501
-23.549254 -10.523492 -4.030482 7.541201 -8.440562 -5.557039 5.962397 6.315905
-6.096988 -4.162296 -11.378668 4.450618 1.157013 -6.123865 10.094743 8.340773
5.471101 -7.149864 -4.523318 7.664717 -8.597035 -5.554876 5.954710 6.246278
-0.360412 -11.827790 -13.016699 0.761767 -7.410757 -2.154170 8.115940 6.850024
-15.966053 -19.815109 -8.251984 14.085551 -6.882664 -2.980680 5.211589 5.228063
-0.314979 -15.234531 -11.405461 6.361219 -4.447817 -12.258351 6.772062 5.895418
-22.601310 -5.478160 -6.762265 8.100720 -9.548216 -4.065720 6.006976 6.409212
-19.947521 -3.005026 -10.522727 8.893685 -6.062570 -5.406758 5.975531 7.749043
-22.012418 -10.158167 -6.766159 6.787732 -3.171338 -7.869776 4.350174 5.848439
-14.143372 -7.082209 0.171497 7.211695 -1.499132 4.735502 6.794777 5.795607
1.112080 -11.044241 -5.176656 17.566652 -9.621515 -4.419568 2.609223 6.976022
-1.305525 -6.826110 -15.870859 11.855148 -8.497181 -4.885052 5.506097 5.371532
5.493425 -8.457736 -3.756912 7.139323 -10.514328 -5.819898 5.652273 6.427102
5.253558 -6.533975 -6.056603 8.006446 -8.553198 -5.821745 6.014528 6.236782
