0.725168 7.879469 8.030521 7.863809 3.583691 -2.540292 -5.347526 -8.210893
1.413932 -11.703083 -3.573422 4.036014 2.925691 -4.786005 -5.274737 -9.619527
-8.971914 9.355754 -13.255449 1.109082 3.009104 -5.236243 -5.309436 -9.427076
-9.810587 -10.683213 -5.692437 7.325471 3.756799 -5.879199 -4.225846 -10.204607
9.263470 -4.253427 -2.056229 4.677039 2.925850 -4.886253 -5.120258 -9.802304
7.659629 1.711061 4.203749 8.565816 0.889165 -5.294592 -5.050286 -10.123604
0.677983 6.952639 -7.613277 15.964177 -0.351413 -5.083050 -5.354034 -9.729987
3.574524 6.249822 7.903122 5.902565 1.215768 -4.852479 -5.601545 -9.394145
-0.323479 7.911488 7.588941 10.604179 2.796224 -3.827443 -5.676056 -9.810350
-15.983056 5.888981 1.594661 1.949968 3.994454 -5.846418 -5.545094 -9.403627
-9.461337 -6.072279 -9.492107 -1.356917 4.539948 -0.480131 -1.956747 -9.228909
-11.516572 10.489420 -11.053647 4.017355 3.168431 -4.709936 -5.818674 -9.354951
-17.671388 0.052794 -1.005277 5.077161 2.860042 -4.591799 -5.453397 -9.518999
2.660169 13.587348 -1.046586 5.309737 6.738997 -5.382214 -5.166996 -9.726983
-2.063720 -9.627197 2.064867 -0.729457 -0.241094 -6.736999 -4.754163 -8.477297
-3.864455 -9.820458 -9.016212 2.176519 8.033658 -4.525513 -2.652853 -8.911230
-0.963480 -5.304244 7.552642 3.967787 7.054547 -1.170567 -4.855087 -10.868624
-17.491000 4.829679 -3.463037 3.542996 3.180437 -4.941385 -4.927213 -9.713528
-12.569216 -0.062391 -4.457681 14.866789 3.254705 -9.185653 -4.506942 -10.119376
1.334049 5.697902 -8.862513 -3.697431 10.596251 -4.751283 -5.564264 -9.617181
-6.218394 15.272139 -1.639211 7.269275 3.086588 -5.675714 -5.177975 -9.812298
-17.291510 4.772691 -0.965968 4.722820 2.780512 -5.948216 -4.257981 -9.169178
8.660499 7.949578 -5.983757 5.898200 3.308390 -3.797363 -5.387336 -9.618591
5.398367 12.558185 -3.271673 4.817243 3.084267 -4.924685 -5.374731 -9.673706
-0.020868 7.744615 8.672388 1.646154 3.211468 -4.804785 -5.404147 -9.660468
-14.166552 5.022826 4.682190 3.114343 -0.885454 -4.497868 -5.331631 -9.684725
-13.384686 11.975581 -2.596038 4.589897 3.728019 -4.903168 -5.301043 -9.685667
0.092986 14.581260 -6.481893 1.837340 3.034203 -5.298869 -5.314191 -9.616473
-0.575564 9.053859 5.014762 -2.182401 4.161278 -1.161094 -3.773731 -8.035256
-5.507434 1.022461 1.294849 16.387193 8.945173 -5.033267 -8.128283 -7.809331
-16.305501 5.965988 -8.034692 3.822156 3.602197 -4.577740 -5.387455 -9.777615
