-9.385730 10.266516 -0.168902 -3.799003 5.658564 -9.548293 7.525281 -0.442879
4.262911 12.476708 7.687316 -1.592992 5.475468 -4.930395 6.097573 -2.028788
7.915491 4.815234 -0.032114 1.202274 -1.036522 -5.326954 6.770868 0.847244
-9.776014 12.133352 4.456701 0.555738 7.951735 -7.668744 6.990669 -1.905480
0.623418 11.005675 11.120857 7.277803 8.350839 -8.666477 6.662385 -2.149698
6.844648 11.220687 4.249963 0.833220 3.571997 -7.646137 8.639700 1.443387
4.930569 4.791785 3.548296 0.844890 6.047628 -20.259538 7.000773 -1.971040
-12.934123 7.720042 -0.692298 1.058634 7.839877 -7.883275 6.753274 -2.173097
-7.252849 3.738029 8.236758 6.482208 7.240949 1.503971 10.436135 -0.060357
0.688814 -13.131780 0.440291 0.445136 6.934890 -7.901305 7.067062 -2.052093
2.529117 12.275840 -3.821712 -2.065860 8.122502 -7.308941 6.916599 -2.379678
7.068213 7.933719 3.910136 2.372718 17.210197 -9.848361 6.877946 -0.616663
-3.339453 -6.249109 -4.068078 -5.299085 4.050380 -2.497064 4.451620 -0.089490
-14.844404 -2.543816 5.561938 0.584763 7.907350 -7.973234 7.012198 -2.007861
0.091077 -0.878146 1.821278 12.984176 15.300024 -7.934572 9.141534 -2.897614
-15.235436 -0.253893 4.021152 0.724276 6.914781 -8.467697 7.727584 -0.885464
10.973993 -6.453977 0.385808 0.617196 8.638509 -7.142554 6.354563 -1.788351
-3.780387 5.827964 -8.989586 -2.272691 10.982201 -8.228433 8.176429 -2.024661
-15.018629 -1.417981 1.462285 -0.150035 8.039774 -9.052524 7.016567 -2.000371
-4.840311 -6.630142 0.777016 3.378150 -2.851177 -7.500154 4.945359 -2.408706
4.823801 -9.442967 4.099315 -5.470802 13.193989 -8.013800 7.162869 -1.833295
-8.926405 10.153028 -2.489539 -1.005108 4.095056 -6.687041 7.325175 -2.060087
2.113155 14.452458 5.123513 3.664729 7.789729 -8.031003 6.996441 -1.992308
12.906896 -2.802265 3.269034 0.945242 8.237011 -7.885507 7.008263 -2.023894
11.428789 7.981947 3.373070 1.028584 8.125994 -7.969285 7.013057 -2.001973
-4.512405 -0.411654 2.427953 -12.350117 7.133162 -8.186941 5.358090 -5.212988
-8.363439 5.202899 -4.570888 5.223816 15.027882 -9.439195 6.986756 -3.501732
-15.406253 0.624505 3.648838 0.974518 8.067632 -7.914020 6.968560 -2.044906
3.201794 14.498241 4.098393 0.789994 8.526839 -8.384837 7.074932 -2.114403
0.251998 -11.746162 -1.152719 -1.547945 11.364514 -8.579750 3.825267 -1.674284
-8.098218 -7.927997 1.428403 9.425190 7.493097 -7.463420 4.640329 -2.072106
