-19.340567 5.828637 -2.464728 -1.985385 -4.015626 -3.295350 -6.475845 -8.601854
-20.719863 2.239497 -5.950881 -0.767310 -3.941729 -3.276101 -6.481346 -8.590964
-4.524679 14.842856 -9.566803 1.396309 -5.322044 -8.940655 -5.488865 -8.557311
-5.894461 15.579557 -6.257701 -4.168927 -2.221547 -2.726925 -6.541554 -8.302060
4.090673 4.402530 -4.659684 7.376202 -9.801855 -2.779864 -6.876021 -8.272434
-4.149142 4.774409 -9.221616 -12.676457 -2.986436 -6.273094 -7.625236 -6.322384
-3.984049 -11.302142 -11.144752 0.742352 -4.037874 -3.483951 -6.559802 -8.622612
-19.055695 -4.034223 -9.537451 1.934675 -3.796502 -3.080022 -6.475023 -8.559841
-0.319233 -4.758420 -7.553873 -2.224902 -10.968862 0.796655 -1.820645 -13.316072
3.627726 -0.941949 -4.012929 5.514963 -8.277472 -7.976985 -2.256164 -7.636190
6.005489 -2.758068 -11.993890 0.304248 -3.965949 -3.314583 -6.472951 -8.566721
-3.320186 15.793497 -6.770617 3.618744 -3.950937 -3.420940 -6.431039 -8.529427
7.785700 0.951014 -7.023981 0.706383 -3.950493 -3.434262 -6.506212 -8.563537
5.703520 4.124861 -12.271041 0.297193 1.100149 -3.279212 -6.637074 -8.523974
-17.278158 -0.984545 -14.376964 1.800998 0.516283 -1.898348 -5.956389 -7.767573
-20.639645 1.647490 -8.673029 -0.899245 -4.155682 -3.409441 -6.464783 -8.535389
7.197494 -1.671005 -5.585744 -0.295582 -4.297736 -3.984094 -6.293403 -8.450903
-16.934061 -7.104744 -9.662280 -0.095259 -5.483689 -3.141551 -6.497286 -8.738708
-2.554436 15.705229 -6.564008 0.439988 -1.996851 -3.117507 -4.823302 -9.042472
-0.833920 12.414372 -1.179861 6.201825 -5.037851 -3.136199 -6.488315 -9.164277
6.622798 5.917645 -10.232495 2.312264 -5.425357 -4.868529 -5.935312 -9.540783
-5.307149 -11.980340 -8.670983 1.137763 -4.213262 -3.376160 -6.466859 -8.559998
-6.856529 -1.413411 -13.479748 -11.489445 -2.728540 -4.267396 -5.819186 -6.350987
-6.643844 12.751394 -15.808271 -1.449095 -4.642465 -6.795672 -6.719160 -7.926072
6.951486 7.149219 -7.184581 0.478068 -3.911794 -3.448456 -6.439429 -8.533935
-20.545742 2.869234 -6.432783 3.071637 -3.933367 -3.385559 -6.480738 -8.541348
-3.965498 -11.866534 -5.974178 0.948140 -3.749103 -3.754346 -6.649595 -8.470063
-20.023410 1.849790 -9.511575 1.194610 -1.481071 -5.895293 -6.917770 -10.195623
-3.790795 0.512440 -6.578735 -0.980317 -16.172685 -4.400722 -9.928269 -14.024472
4.425852 -7.078521 -6.625973 -0.043205 -3.913737 -3.341458 -6.468678 -8.593233
-11.674471 -11.071232 -8.250337 -0.011875 -3.681437 -2.500348 -6.271235 -8.739544
