19.309591 16.488410 -0.322025 -0.556150 0.282505 -3.380543 -6.707249 0.115471
-6.216580 8.507161 0.580983 5.706905 1.153836 -3.310076 -6.949992 1.768876
7.271806 18.526699 8.989263 5.361886 1.042281 -3.309080 -5.491242 2.151417
18.891505 18.566183 1.413989 7.440233 -1.157487 -3.364609 -6.924554 1.794695
-4.659220 13.544511 -5.795535 7.801808 3.798362 -4.281842 -9.314035 -2.219838
20.253287 6.300852 -5.570583 0.069785 -2.219839 -2.536581 -9.120389 3.436147
14.193980 13.322683 3.566351 -0.866606 -7.356346 -2.830215 -4.222222 -0.421880
-2.608173 2.815298 4.443889 5.793922 0.838515 -3.933720 -7.620386 2.365342
-3.908150 13.681940 1.535554 11.784410 1.832026 -1.699439 -7.448891 1.327745
22.892050 9.261728 -2.558093 5.686618 1.232915 -3.352076 -6.970459 1.768778
-5.842163 12.538208 -6.731145 7.123465 1.163405 -3.356238 -6.954760 1.756249
8.852550 2.990326 9.582026 2.622415 -0.599764 -4.145088 -7.161369 3.551938
21.979063 13.917310 0.057415 6.327339 0.383421 -3.925860 -6.523915 1.837846
20.651805 17.474698 -3.891179 7.050206 1.927551 -3.446238 -6.942223 1.824053
15.466985 -0.972515 3.960968 5.728723 1.753106 -4.271768 -6.667381 1.874061
1.083198 -2.677783 -2.868871 8.962557 0.514629 -2.351262 -7.632600 2.298017
-4.354611 14.696253 -2.957541 9.962707 -3.136987 -4.310703 -5.619989 2.624921
7.309407 23.943197 -2.321221 3.819291 0.576862 -2.126563 -5.099444 -1.449761
16.671558 11.780809 -5.168229 -5.960155 1.530982 -3.441439 -6.970234 1.794170
22.272412 12.779155 -1.543269 8.321702 2.262438 -3.123145 -6.952793 1.764496
8.031651 24.567728 -1.560086 5.596714 1.161108 -3.000951 -7.361223 2.133180
-6.684230 9.831743 -2.932001 5.668579 1.175113 -3.372721 -6.962315 1.743636
9.863073 3.960916 -6.096504 17.345524 6.352832 -3.987343 -9.756700 1.101214
4.224067 10.673325 -13.494899 10.559291 1.521352 -3.819791 -1.007000 -3.797339
-1.396270 4.896664 -4.994528 15.688358 0.853595 -3.359214 -6.955866 1.763176
18.687809 15.083171 -7.880617 -0.812686 4.433002 -4.052637 -7.118853 2.500002
-0.355581 10.910286 -13.225926 10.519570 -0.835563 -0.879664 -9.207086 1.163792
10.570121 23.233190 -5.158303 10.936097 0.484567 -4.029177 -6.699550 1.397251
-3.128992 19.172366 -1.037284 5.949584 1.903676 -3.415662 -5.673388 1.844583
22.795427 8.611990 -3.922823 5.134724 1.147300 -3.331787 -7.457501 1.949840
-6.634848 10.892074 -3.427357 5.555159 1.023113 -3.349262 -6.952130 1.759003
-3.371868 5.907598 5.428328 4.395486 0.142818 -3.446172 -6.760918 1.892044
