-0.145183 10.794672 -10.926845 -6.260808 4.071371 1.143203 3.025565 -9.607474
20.750169 -3.317257 -11.609155 -1.402981 3.639456 1.226404 2.914659 -9.347114
1.079052 -5.176824 -8.924120 2.098849 1.525303 6.534957 2.478424 -9.073163
20.373576 9.512452 -6.385946 -5.071307 4.287101 1.210432 2.785352 -9.372563
7.528791 13.600618 -2.432680 -1.302503 5.047219 -1.710908 4.229745 -10.324666
19.953319 -5.355088 -12.463731 -5.585112 4.779243 1.195849 2.732531 -9.075832
16.721639 8.516194 -9.742286 1.531196 -0.926353 2.497184 2.474469 -9.390706
-0.136002 8.799517 -13.897238 -4.957311 3.962036 1.545356 2.752219 -9.457550
19.666859 10.230476 -6.981264 -4.638527 4.063582 0.378376 3.521581 -8.197760
-3.864859 3.797415 -10.729563 -2.465417 3.962643 0.942316 2.852948 -9.411686
20.871673 -3.194080 -10.722621 -9.075502 6.505386 1.869009 3.299256 -9.748629
-1.752176 -5.437744 -0.872233 -7.631787 4.085886 -0.601845 2.829380 -9.715304
12.528705 11.962579 -4.538307 -1.741264 -3.026380 1.182898 3.130937 -8.678343
-4.948385 2.542436 -4.982571 -5.315545 4.242065 1.270827 3.043615 -9.347001
-3.121387 -5.828188 -5.661070 -4.153594 3.022594 1.182637 2.913431 -9.347235
9.888287 0.441947 -5.578624 4.272196 -5.017968 5.214941 1.139389 -10.615089
22.456313 3.409147 -5.073807 -1.757287 4.180188 0.893403 2.593351 -9.286853
13.323324 -10.526195 -12.400100 -7.029140 5.251055 -0.743307 2.477336 -8.781561
16.704080 -8.565582 -11.437998 -8.740607 4.580610 3.515516 1.639944 -9.665338
19.527325 -7.990909 -7.860503 -3.941715 4.865636 2.090980 2.504042 -8.811324
19.207716 9.832110 -8.967603 -3.425923 1.854881 2.913597 3.772206 -9.143771
10.167628 -4.958613 2.376688 0.583199 -0.343264 6.497227 2.530312 -9.164953
-3.983998 -2.230801 -2.096360 -4.683876 4.432261 1.119737 2.896137 -9.400082
5.965279 -7.067946 -16.852907 -1.816631 3.047512 1.757276 2.894959 -9.608389
13.912097 13.005576 -7.410577 -4.752385 -0.643992 0.092644 0.335807 -10.309412
0.203269 12.156343 -6.281055 -5.229189 4.329278 1.123284 2.896758 -9.400175
-3.075924 8.357344 -6.930365 -4.500632 4.475003 1.143763 2.779400 -9.278494
20.686527 8.986102 -7.311636 -4.814489 3.731983 1.126232 3.043538 -9.186098
-5.076932 1.719800 -6.710525 -5.107196 4.342845 1.111703 2.993741 -9.448527
18.494621 -9.086856 -6.637870 -6.887247 3.609217 0.302806 2.650797 -10.008113
1.445234 -6.842694 -14.491698 -5.539409 5.738846 4.327171 2.596337 -9.374444
