13.884909 10.260422 6.983612 2.970134 4.192239 0.192075 0.294203 -8.332425
-9.762737 3.826272 -0.670932 2.828540 4.172423 0.215583 0.269457 -8.312933
7.931972 18.094669 -6.045710 0.323761 7.913101 0.845115 2.257616 -5.853032
17.611060 3.883161 -0.477642 1.234857 5.319123 6.024803 2.285452 -8.876533
-3.030195 12.926899 5.900231 3.956795 5.980282 2.218758 1.315427 -9.263238
-4.909602 16.246970 -3.988025 2.684069 4.318965 0.257496 0.257224 -8.367682
-8.293642 10.584192 -1.990813 -0.709357 5.198982 0.242318 1.152101 -6.764945
-8.126765 11.935787 -1.067345 3.409876 4.470640 -0.427499 0.277681 -8.232816
-7.952438 -0.959691 0.732679 4.975363 4.613426 0.351201 0.418938 -8.186790
-2.361602 0.905177 -14.738423 -1.712898 5.162220 0.476999 0.265409 -8.322694
-10.036473 4.266187 -3.516852 2.667799 4.320470 0.255282 0.295222 -8.111296
10.529776 18.600690 -3.937968 3.558623 4.235537 0.366000 0.234895 -8.335366
19.161575 7.761296 -2.691861 2.100151 3.193542 -0.163294 0.011061 -8.321363
13.896962 14.876121 -7.910609 1.018049 7.253721 -0.115423 0.953823 -10.207533
-3.034130 -7.075172 -2.936962 6.062159 4.075043 0.521196 -0.195572 -8.433255
-8.339282 5.166022 3.458728 1.635962 4.177492 0.288210 0.373851 -8.474594
10.235296 5.948653 10.309469 2.855511 4.101360 -0.039752 0.439654 -8.267060
12.466704 -6.960391 -5.276397 5.887205 4.831358 0.159326 0.086937 -8.688884
18.645803 9.030648 -4.249570 5.414993 3.351821 0.179772 0.396639 -8.395412
-2.573447 -5.496921 -9.745265 2.836074 2.578598 2.872091 0.138242 -10.140343
15.555757 -3.082438 -8.487349 0.597937 3.826984 -0.906895 -1.073998 -8.634555
5.400866 2.440332 -8.758231 -2.243176 14.502218 6.711537 -2.166890 -9.473188
16.906688 12.030707 -0.108956 1.337880 1.742061 1.503436 -0.332707 -8.022352
-9.093985 4.118898 1.814791 2.860806 4.170943 0.194121 0.269319 -8.336432
-0.234383 17.866916 -1.072301 5.239332 2.703212 4.100262 1.273426 -8.105139
4.406880 5.916356 -5.030966 -5.555546 4.759508 -4.529924 -10.157253 -4.688188
-0.057544 -8.237449 -7.659433 2.658620 4.101682 -0.242553 0.143019 -8.069092
-2.787532 15.147777 1.634795 7.753699 3.266680 0.978170 -2.461987 -6.964500
17.240868 12.208791 -4.245849 4.095643 5.223987 -2.089041 0.301511 -9.506435
14.407920 13.938798 -6.923490 -0.573407 6.668598 3.902534 0.511164 -9.404928
-9.704188 1.995495 -3.649087 3.532336 3.545721 0.132173 0.489172 -8.414443
