-21.311010 13.244083 -4.026219 5.897148 7.024432 8.480544 -3.847454 -0.293668
-13.982315 4.381429 3.649460 0.880748 12.845545 4.023980 -5.307942 -2.984550
-13.081061 16.223200 1.173303 -1.450577 13.552040 10.397954 -4.798759 -0.639982
-10.021411 20.092976 -5.614318 10.026783 10.562152 8.717096 -4.125483 5.607134
1.014608 -4.579566 -6.758124 3.496772 8.204769 7.405987 -3.516857 -0.414543
3.532486 2.112719 -8.199655 11.299616 3.972758 9.786923 -3.767089 -0.415191
-19.384897 1.073126 -10.836091 -1.814501 8.250184 7.913027 -3.820678 -0.307244
-13.700802 -5.706451 -5.853244 3.438943 8.119208 7.624039 -3.920792 -0.359578
-22.149528 6.808044 -5.885380 2.949489 11.076852 9.232882 -3.327738 0.806069
-3.328523 8.970371 4.885314 0.326554 7.922610 14.157970 -0.937419 2.552236
-22.451367 6.014034 -6.931095 3.476985 5.647947 8.109537 -3.803477 -0.340164
-21.466863 13.668153 -8.415906 3.580273 6.615721 5.312115 -3.873673 -0.562293
-1.791048 19.970197 -5.007747 10.246356 7.175805 11.349725 -5.601807 -0.455158
7.886604 7.152024 -7.785086 3.636717 7.874838 7.896897 -3.823110 -0.347575
7.499329 10.491776 -5.112833 5.234986 8.032287 7.789794 -3.941912 -0.360039
7.192403 3.901347 -9.025155 3.659950 7.003285 7.778938 -3.530338 -0.169656
-19.163713 17.502714 -10.119906 5.175364 9.107768 7.664452 -3.673860 -0.308714
0.252516 7.772190 5.890309 3.161748 7.450998 7.906447 -3.908726 -0.559805
7.921652 8.148640 -6.908446 3.595064 7.817399 7.828789 -3.823221 -0.327266
-22.182877 4.006185 -7.113325 3.716062 7.876146 7.873046 -3.554262 -0.281355
-22.080779 3.687186 -7.589947 4.111081 7.655936 8.036561 -3.881259 -0.403134
-8.810933 17.928136 -19.121908 3.725091 7.258861 6.759511 -3.527664 0.045709
-7.494020 23.466177 -6.598834 5.164137 8.103643 7.814316 -3.945806 -0.299193
3.366740 4.341056 -14.596723 -2.769614 9.460401 7.691340 -5.077904 2.345084
2.006943 -3.455495 -6.688433 5.570892 7.981335 7.892793 -3.180777 -2.742502
-18.482328 -0.490836 -4.041541 3.829968 9.855542 12.129771 -2.623117 -1.771698
-20.864141 3.210312 -1.982127 2.698363 7.889678 7.827041 -3.806413 -0.298065
3.473085 9.281467 -12.005141 0.585274 4.088471 10.274484 -10.459217 4.269455
5.315999 -0.031865 -5.411372 4.830542 7.628941 7.728470 -3.765259 -0.313280
-18.762283 0.153512 -3.675606 1.033869 5.799777 10.037220 -6.243454 -2.929170
5.125811 2.150591 -12.443694 7.592805 7.670025 7.821622 -3.896371 -0.306895
