1.623406 3.386986 -4.877060 9.713377 3.972271 4.910256 1.822059 -3.619899
7.234945 0.776021 -0.556733 1.647310 -1.513882 4.385465 -1.424766 -4.890761
0.209333 -11.538961 -1.992216 1.251373 -6.266925 0.144136 -1.525940 -4.868203
-24.806366 -0.438667 -1.211396 0.776969 -1.619710 4.466090 -1.475188 -4.748100
-8.541493 16.095802 -0.827923 0.852855 -1.670374 4.517368 -1.423060 -4.836239
7.267741 0.144718 -0.911376 0.726115 -1.754258 4.565994 -1.544475 -4.830925
-20.854561 10.578843 0.047091 1.213455 -1.553543 4.480324 -1.449350 -4.879376
7.228299 0.343625 -1.800497 1.158027 -1.802273 4.440193 -1.700174 -4.763024
-3.871307 9.814280 4.079029 -0.579065 0.150772 -5.357887 -2.100567 -8.310861
0.247850 -13.183547 -1.106843 0.761529 -2.411081 4.676557 -1.507034 -5.107459
-12.325107 -13.345678 0.820271 1.970220 -8.207456 8.333611 -0.452630 -3.302738
4.150528 0.453858 7.415400 0.558737 -6.230314 4.181154 -2.289455 -3.808123
-24.719640 1.039843 -0.394943 2.025748 -2.426678 4.239163 -1.123397 -5.001698
-22.939736 -4.140411 -1.301309 2.818322 -1.295263 3.513423 3.204030 -1.323794
-24.538886 2.166352 -2.694575 1.261859 -1.396841 5.254209 -1.558377 -4.900206
6.637517 -4.411067 -0.710688 0.959522 -1.606366 4.491948 -1.447509 -4.868136
-21.185724 -4.614132 1.414721 -7.802833 -1.557972 5.452268 -1.564529 -5.486850
5.499208 0.713171 5.317123 4.525634 -2.591283 6.000996 -1.453287 -4.861228
-6.284932 15.299367 -2.418743 -3.029791 -0.902040 4.464279 -1.205271 -4.626183
3.384442 9.955022 0.266337 0.071940 -4.606704 3.941176 -1.644090 -4.202737
-0.764437 12.058615 -2.803798 6.060580 1.095960 7.745599 -1.467760 -4.180951
6.044873 -1.792224 -6.611677 1.169030 -1.854915 4.506368 -1.396015 -4.760437
7.270618 -0.030044 -0.781032 0.894825 -1.602896 4.502309 -1.446920 -4.869590
4.481197 8.529020 -2.031447 2.180048 0.824575 3.795551 -1.032740 -5.076487
-24.425139 3.272793 -1.687967 1.612079 -2.493152 4.531211 -1.436461 -4.779778
-20.584029 -10.724321 -1.830519 0.321936 -1.155495 4.471211 -1.247378 -5.291388
1.862964 12.057320 -1.135071 1.069523 -1.617211 4.499176 -1.458541 -4.869933
-19.376045 2.468924 0.597542 -4.446902 -11.936566 4.800826 -2.521425 -3.949040
-22.310051 -7.258964 -3.856589 -0.482042 1.323492 3.757513 -1.048652 -4.651640
-0.067277 3.376730 -3.488148 -9.929985 -5.665301 9.917952 -1.156891 -4.790843
6.727711 3.313391 1.596304 1.870740 -1.722289 4.499157 -1.449228 -4.866659
