6.072328 1.415940 -5.906889 6.509783 -0.589865 -6.435675 4.553958 6.721766
3.885283 7.044079 -4.813821 4.763437 2.037251 -6.576653 4.556519 6.732612
5.260555 4.107029 -5.962895 8.145445 -1.703226 -4.168646 4.494389 6.993668
-24.024160 1.039640 -6.018010 6.576640 -0.811212 -6.322037 4.537894 6.718570
-3.916150 -7.789094 -10.109196 12.951987 1.862753 -3.877296 1.603545 -1.003061
-14.273498 -4.412820 -2.668902 -3.095782 -5.632534 -12.424855 6.006162 11.147820
-21.450071 -7.929767 -7.145978 9.505776 -0.869584 -7.217875 4.393688 6.603865
-0.380748 -3.199912 -9.233232 -4.667509 -1.559614 -7.177921 5.442330 5.946830
6.158885 -0.426514 -4.884361 6.835423 -0.857205 -6.432110 4.539591 6.721748
-23.815680 1.359937 -5.824286 8.062913 0.959378 -6.628859 4.992281 6.981611
-9.077504 10.077569 -3.795475 12.509859 6.870690 -10.227380 2.999146 10.051304
-23.581077 -3.998441 -5.356844 6.310077 -1.028476 -6.459521 4.467502 7.017477
-19.057743 10.066989 -4.366204 9.598639 -1.981686 -8.135626 4.008811 3.792462
-18.826324 -11.551599 -6.439697 6.819132 -0.994662 -6.591134 4.591368 6.886309
-21.643207 -8.377841 -4.974841 6.528596 -0.582191 -6.431985 4.701839 6.737765
-12.063778 4.529785 -1.742630 17.714728 -3.071146 1.087616 3.782785 7.292576
6.147462 0.186969 -5.231271 6.247901 -0.258368 -6.410581 4.539304 6.711155
-21.079543 -8.659888 -6.580486 9.442598 -0.941331 -6.394561 4.540675 6.663037
-8.578190 -14.526372 -5.465579 8.548208 0.466447 -3.917638 2.099301 8.784642
5.702479 -2.129927 -2.293588 7.458084 -0.579301 -6.103511 4.452187 6.469366
-19.807141 -5.372934 -7.810991 5.137371 -9.404797 -7.581134 3.969507 7.479778
3.316562 7.652429 -1.612474 7.467459 0.885576 -6.601614 4.565282 6.589820
6.026887 -2.198248 -5.159790 6.686472 -0.770953 -6.314058 4.497892 6.659004
4.738579 -4.056275 -6.335254 9.508016 -3.049036 -5.263704 4.908549 9.936377
-13.281281 -11.316330 -8.206971 8.089465 -9.509666 -6.365514 4.537806 6.727449
-14.561378 13.395536 -1.590167 7.272156 -0.850994 -6.421775 4.536303 6.716606
-7.413765 -7.165736 -17.196856 0.685686 -1.168505 -6.514650 4.541664 6.712460
-17.899281 2.864489 -16.138512 1.917593 -1.041559 -6.437874 4.596157 6.823755
-23.311966 1.660609 -6.971987 10.637588 -1.601788 -6.132096 5.035890 6.675476
0.257031 -8.925419 -0.399543 2.096938 -0.118413 -10.546197 5.219029 8.744204
-16.212747 -7.701280 -15.102460 1.844090 -0.799587 -6.422910 4.538567 6.717736
-22.403469 -0.670383 -0.610113 3.144235 2.680415 -5.621645 4.183179 7.295968
