12.302467 4.848267 7.169574 -1.721218 9.978862 8.977822 9.396386 8.645545
-10.744543 5.928403 9.442694 2.741502 10.650672 12.141908 8.686423 8.047356
6.389748 -15.257879 8.194032 -1.496586 9.816019 8.880659 9.362168 8.645337
8.157086 -13.130639 11.137897 0.541498 8.653889 8.574572 9.308643 7.831936
-3.545597 -4.992478 12.514919 11.036444 8.969994 10.013064 9.229956 10.140880
11.609162 4.515297 11.541760 -2.014482 9.622682 8.959938 10.291142 8.437835
14.039964 -1.645780 6.290665 -3.695850 10.181540 9.079077 9.412835 8.513009
-2.764174 3.438199 -0.299159 -6.612829 2.129338 13.883806 11.174466 5.937876
-2.616284 10.775311 3.098707 -5.905132 9.526366 10.323040 9.171338 8.417236
-1.252250 4.800595 -3.227958 -7.410081 9.907166 7.655889 13.520661 6.444908
-0.350788 10.466523 1.067773 -3.949725 12.254221 8.111269 8.391131 7.636096
9.903830 7.603692 9.574940 -2.672985 10.032154 9.000912 9.381720 8.658946
-14.390182 -1.422525 2.976934 -1.549547 10.127644 8.979024 9.391803 8.640179
14.163294 -1.110174 6.932569 -1.664861 9.968847 9.016949 9.389964 8.616372
-9.573894 8.865419 5.567925 -1.261675 9.675609 9.013777 9.470848 8.669267
0.917425 9.617139 12.519521 1.670263 6.794929 7.137853 8.741556 5.204548
-12.461541 0.366803 10.535338 4.951504 8.870678 8.344370 8.558995 7.643783
-14.230191 1.062848 4.081104 -0.629058 9.720702 8.824614 9.309215 8.582293
14.120813 -2.475456 5.302156 -1.704768 9.890042 8.983048 9.392660 8.646840
-2.775718 -13.005914 5.931958 7.968648 9.227117 9.001338 9.392033 8.619979
6.850332 8.987508 12.407909 -0.462245 9.295047 8.873593 8.890887 8.913441
11.768643 -6.955792 7.513187 -0.912840 14.710469 11.486101 11.999355 5.764175
-14.269178 0.449995 8.771586 -4.288623 11.353131 8.584095 8.837677 8.640107
12.917262 1.852733 8.870877 0.135638 6.639689 9.240038 8.851335 8.896191
14.199336 -3.002671 7.192280 -1.598640 9.868496 9.299647 9.308918 8.757362
-14.526775 -4.196083 9.487580 0.206964 10.008986 9.065577 9.192630 8.878852
13.062971 0.804301 5.129467 2.667283 9.892751 8.987019 9.385866 8.662207
-8.651425 -11.087480 13.730740 1.571738 7.880923 7.013072 9.071173 6.483822
-6.842854 4.068732 16.968579 2.408390 7.881558 7.901621 10.744828 6.151874
-10.142075 -9.987134 -0.425333 -2.555603 7.982063 9.454795 8.980464 8.471018
-12.766361 5.232336 6.581785 -2.994987 10.022479 9.006383 9.352973 8.691155
