-21.378191 -2.535112 1.361503 4.757521 5.443807 -6.792727 -10.053581 12.152072
-21.551880 4.341274 4.988494 0.504737 3.076175 -1.107874 -9.286046 8.859454
6.626299 -3.375970 4.200368 1.848621 4.111017 -1.530516 -9.206268 9.401147
-3.585166 11.223807 6.547073 2.243606 3.855693 -1.343121 -9.224133 9.367832
-22.552991 0.733998 8.548600 1.413418 3.891929 -1.335043 -9.220635 9.314453
-7.065409 -16.973261 1.810567 -0.854246 3.159249 -1.143506 -9.839662 12.827430
-23.365567 -3.635463 4.317603 1.572073 2.121679 -1.820727 -10.135296 9.888468
-7.469506 -6.638421 17.295918 5.083876 4.777019 -1.481071 -9.388035 2.808885
-8.506572 -7.105124 -3.436716 -5.292991 7.949489 0.672142 -6.629187 17.417682
-23.503075 -3.339694 4.376701 1.136073 3.962083 -1.265450 -9.197593 9.470857
3.536797 -10.764385 9.424675 1.478305 4.334375 -1.346006 -9.233067 9.369379
-20.300611 -10.146949 8.343812 -1.007024 1.081597 -3.738860 -9.128487 9.403732
-17.377127 -14.965899 4.226129 0.466295 4.330817 -0.777912 -8.952058 8.878673
6.586419 -1.612410 4.606467 1.881956 3.830607 -1.329716 -9.221320 9.362862
-20.476659 -6.970319 0.519157 6.624067 4.076925 2.952933 -11.236238 7.303379
-8.222216 -6.856465 15.018866 4.686576 -6.058395 -1.327051 -9.305614 9.396169
-3.443333 4.970666 9.774482 8.209419 3.498197 6.452870 -6.399971 6.989102
-22.666892 -0.292298 1.137451 1.755263 6.044187 -0.638704 -8.672537 9.226530
-16.805029 -12.462019 0.915161 2.586233 5.982121 5.414399 -7.820409 9.637454
0.480685 -14.392822 2.651631 2.725098 4.566172 -3.982765 -11.219338 8.784478
-22.171696 -1.539335 5.629843 5.891133 7.169334 -3.981347 -7.898287 8.715006
-4.085154 -13.971457 -4.004583 5.082030 3.986681 -0.882251 -9.008906 10.243746
-21.029819 -1.384944 -3.163556 2.696704 5.765529 -1.693755 -9.114975 10.132239
-12.510079 -4.880506 14.132441 -1.830330 -6.246278 -1.615840 -8.624027 7.797997
1.248999 -12.949507 6.431368 -3.493538 3.578934 -1.931024 -8.281515 9.003146
-4.073746 9.912681 -1.341331 4.457222 3.343045 -1.286322 -8.778826 9.628149
2.202218 -13.376183 3.015728 2.709679 2.768612 -1.567113 -9.182440 8.553130
-1.342918 -16.246847 4.884340 1.842894 3.840437 -1.337666 -9.216577 9.364893
-23.320981 -0.422508 4.671128 1.890589 3.844195 -1.328651 -9.244642 9.367284
2.988847 4.256246 9.359585 -2.803303 3.058753 -0.970731 -9.519170 10.147706
-10.868184 1.213876 -9.446468 3.956551 3.384770 -1.803321 -9.218739 9.328389
2.695155 6.151392 8.962623 0.290229 3.726909 -0.896815 -9.104224 9.341526
