-9.659622 2.255771 -7.015776 -4.704092 -6.818240 3.488390 7.889911 6.456641
1.438960 -18.354173 -4.201520 -6.275234 -5.083363 0.581803 8.596879 5.828419
1.335797 9.459160 -7.361383 -4.427432 -6.974474 3.462424 7.880172 6.400742
17.031286 -0.573411 -9.119823 -4.750982 -6.834597 3.449462 7.946162 6.379436
-7.601263 -13.337063 -3.191866 -5.923827 -6.054332 3.559613 7.860239 6.383265
-10.900892 -9.741515 -10.508542 -3.528767 -6.383493 2.092262 7.839458 6.315812
17.596328 -3.500293 -8.732177 -5.604446 -6.547025 4.005474 7.696613 5.870713
16.557409 0.576009 -8.820688 -5.000350 -5.861288 3.689507 7.887240 6.416320
2.527618 8.309400 -13.170749 -5.938327 -2.218306 3.664798 7.765621 6.560364
9.644045 7.947845 -11.055834 -4.207930 -7.151159 3.340928 7.977484 6.178227
15.332037 -9.783683 -4.553909 -8.602985 -4.421957 3.519926 7.882081 6.388186
16.733606 0.167525 -10.313896 -4.843338 -6.958102 3.472414 7.852375 6.386263
15.598508 -6.860136 -16.759716 -4.731104 -6.833083 3.476548 8.054922 6.414942
-7.640964 -12.720733 -4.404554 0.212416 -7.104730 3.543649 7.614120 6.253410
14.312788 -5.478928 -17.459471 0.047175 -7.277451 3.487089 7.645318 6.349815
5.351870 -19.692771 -9.313581 -4.365479 -6.914636 3.674157 7.884429 6.423153
-3.483130 -12.326541 -6.396500 5.972513 -8.426579 3.308613 7.869435 6.374037
-3.378935 -7.287273 -1.068209 -3.144217 3.211691 4.426786 7.090841 6.189722
2.290873 -19.241633 -10.839854 -3.291355 -5.199386 0.540617 6.880846 7.619358
6.585508 5.272773 -6.945630 -5.898357 2.258154 2.379749 9.950524 7.637179
14.324417 -13.928571 -10.237025 -6.494169 -7.701595 5.814758 7.886909 5.175138
-11.809160 -5.830914 -9.240894 -4.703890 -6.974222 3.514852 7.907379 6.317426
-1.358932 -10.715408 2.634981 -2.223044 -7.147795 -0.755066 9.308017 6.350942
12.878504 5.824936 -9.601393 -5.121324 -7.431007 3.618436 8.211510 6.211473
7.195975 -19.255527 -10.001034 -4.716667 -6.889962 3.477258 7.864948 6.382849
17.682397 -6.345266 -9.552065 -5.133517 -7.035785 3.257058 7.897453 6.426336
-6.254719 4.183682 -10.021851 -5.586991 -2.674289 -0.131246 7.794007 2.465761
-11.104176 -8.209319 -10.950051 -2.960094 -4.564126 3.476017 7.853507 6.399755
9.807773 -18.210662 -9.204168 -4.605235 -6.916650 3.454559 7.863195 6.381965
-11.520510 -5.707813 -8.241235 -7.430812 -6.812693 3.118409 7.948737 6.446506
-6.451364 -15.937674 -6.546214 -4.868308 -8.653300 2.229384 8.608210 6.338811
-10.399479 -0.330282 -8.536105 -5.258105 -3.831264 5.613281 8.325677 7.919977
