-7.992612 -8.380565 1.541266 5.817985 4.799312 4.930525 0.815942 8.662262
-10.642735 -5.422172 0.116341 4.930657 6.560249 5.409558 0.714488 8.317040
15.745904 -0.933505 0.349897 6.783433 2.498948 5.018435 1.112593 8.864648
5.868771 -9.180900 5.703447 0.456753 7.826912 3.976815 4.225312 8.728886
16.373388 6.163477 0.671219 4.485128 5.235566 4.900969 0.785548 8.685164
4.824871 0.830473 9.829723 12.928258 -2.228996 4.912770 0.832946 8.849168
11.167324 -2.409323 -7.490010 5.268834 4.630490 10.050412 4.194017 9.776998
16.660215 4.006699 0.112963 4.064581 5.648041 5.048269 0.727686 8.744769
13.473340 -2.387618 -3.431236 10.790756 5.161029 5.011642 1.591515 7.788810
2.480166 17.947923 0.330987 4.464353 5.239016 4.887386 0.784642 8.693625
-6.960639 15.072186 -0.306525 3.656851 4.239230 5.100970 0.031777 9.246792
-1.294466 -6.055579 8.462504 9.715141 4.473375 -0.059928 -3.781183 7.700695
15.965196 1.943841 -3.873565 4.997369 5.437013 4.894353 0.693864 8.709878
-10.922395 5.355876 0.965378 11.078453 7.082337 7.795960 1.223047 6.586099
-13.305975 3.100077 0.723436 4.432154 5.239210 4.795383 0.699912 8.644784
-5.843192 -3.304570 11.400669 6.184839 3.409565 2.498563 0.070472 9.968351
15.157320 7.818608 2.382041 0.827178 3.169472 4.260153 0.753265 8.686501
16.469480 4.435881 2.526863 3.580344 4.233902 4.908939 0.568000 8.695683
15.002923 -0.259489 -4.793333 4.298394 4.905954 5.450202 3.568421 9.023647
16.453755 0.405758 0.284104 3.947132 4.599791 5.645099 0.771971 8.720227
-13.245376 2.517530 1.932332 4.587534 5.426774 4.936482 0.810565 8.888285
13.259959 -6.379027 -1.329883 4.171979 4.532414 5.087582 0.697795 8.926408
3.975589 17.793051 0.600054 4.074946 5.386345 4.962606 0.735271 8.707211
1.527326 -0.903223 -11.105674 -3.325922 2.113166 5.772816 1.301287 8.932887
13.152413 12.421404 -1.255346 4.211804 6.130188 5.013886 0.520037 9.080593
-12.424902 2.126042 -0.086928 8.299886 2.118008 4.828540 0.806202 8.699118
16.274906 0.220557 1.019347 3.934007 7.131653 5.881942 1.233986 7.972081
14.946877 9.645026 -0.248932 3.726034 3.810621 6.243381 1.061212 8.889833
-8.817265 11.959552 1.630838 8.662539 8.052507 7.425424 -0.030215 8.264609
9.525467 -4.023386 -5.344143 1.131502 13.125783 5.072198 2.998821 9.684640
-3.430601 2.746329 -11.781623 -0.950047 2.099025 2.908825 0.601706 9.403309
