-8.342606 -3.047156 -3.059604 -2.202029 8.058255 -5.388440 0.811588 -2.164950
-6.850844 -2.243743 -10.126754 -6.804014 7.607090 -5.678430 2.456251 1.202115
-4.339378 -11.655346 0.789691 -5.142468 10.378802 -8.126710 1.828505 -2.316166
-8.638885 -4.494695 -5.294308 -4.583941 7.822490 -5.649650 1.138547 -2.202178
3.825869 -17.976134 -2.956947 -3.935961 7.726527 -5.830381 1.136059 -2.480288
-8.579071 -3.070430 -5.173880 -4.537890 7.958434 -5.373322 0.321893 -3.277033
8.506800 10.219070 -6.643035 -6.581830 7.871657 -5.515254 1.007231 -1.995732
20.189333 -5.233699 -5.645935 -4.896328 8.412082 -5.195506 0.982864 -2.488413
17.127736 -6.188978 -12.772145 -6.547145 8.750238 -3.018782 1.569759 -2.822407
20.260343 -2.495193 -4.444870 -4.562614 7.844317 -5.653219 1.116224 -2.230919
17.053641 -9.632527 0.987020 -7.719756 10.329256 -5.936991 0.827555 -1.911338
0.356263 0.862687 -11.632409 -9.595856 12.118458 2.477142 0.590357 -0.912540
-8.066672 -0.053507 -4.552046 -2.857254 7.278460 -5.486430 1.043618 -2.170523
13.228935 -8.420966 -16.061874 -6.418921 7.847855 -7.196285 1.222413 -2.175032
19.749947 0.252597 -4.921861 -4.669944 7.663391 -5.504328 1.096341 -2.038581
1.390622 3.892639 -12.368007 3.400819 10.888564 -6.169884 0.959052 -1.487457
1.135915 2.154585 3.120959 -13.976248 7.496165 -6.024773 2.277865 -3.345545
7.020741 -2.933006 1.666158 4.361014 17.122234 -5.563601 1.132460 -2.203021
-2.847561 -14.632248 -6.236554 -2.196493 6.839683 -7.695023 2.716005 -3.195557
13.416383 7.756577 -7.838348 -1.367737 7.613607 -5.834559 1.043537 -2.087935
10.141157 -16.135213 -3.580591 -7.630513 6.892318 -2.573267 2.564227 -6.091748
19.539600 -7.176721 -7.862741 -4.799099 8.261482 -5.214496 0.699510 -2.341276
-0.340542 2.020812 0.680455 0.771410 10.343835 -4.205829 -7.293061 -3.097044
12.245320 -15.177646 -4.217718 -10.008648 5.258346 -7.065842 1.310508 -2.464924
19.173663 -8.793412 -7.112924 -5.465437 7.595041 -5.735461 1.059560 -1.854069
15.853350 -13.797254 -2.939331 -5.621391 6.543987 -4.924617 1.833200 -0.931279
-5.422541 4.417458 -3.335172 -8.420857 7.740123 -5.585772 1.135676 -2.117547
19.774461 -0.711030 -2.363367 -3.969066 7.523184 -5.639553 1.133293 -2.202022
-5.467988 2.770699 -10.954243 -5.143391 6.832390 -5.187134 1.363367 -2.374907
6.770080 9.268461 -5.096197 -10.369472 5.367458 -5.702217 1.125904 -2.250050
16.227759 -13.807784 -5.465482 -4.776838 7.328732 -5.630135 1.197909 -2.187487
