-3.747569 19.710060 0.948052 4.506028 -0.538235 0.620364 3.966274 9.495026
-11.610831 10.605796 6.886373 -1.121201 0.010123 1.142286 3.787207 9.869852
-0.253228 -6.505246 4.407989 0.362838 0.963026 0.467336 4.068306 9.677904
-0.394832 -6.305901 4.559428 2.546366 1.514041 0.480342 4.060399 9.624714
-11.757926 9.828951 6.890938 -0.871025 0.335294 -0.177366 3.740552 9.010726
-11.135060 13.079187 5.328487 0.330001 0.950070 0.465336 4.101717 9.679142
-10.955069 13.442619 6.566454 0.536201 1.262110 0.510747 4.159230 9.538686
12.073367 -3.176860 8.643128 -0.806529 0.836873 -0.025047 4.013899 9.718898
14.831448 1.177826 1.020449 2.744986 1.768719 2.314494 4.937291 9.251622
-1.716449 19.752316 0.097112 1.290810 6.628587 0.053878 4.029105 9.649055
17.015981 12.111956 7.292863 0.079854 0.529527 0.113742 3.623156 9.780169
14.959402 16.575135 4.482341 0.293539 1.148011 0.366780 3.971320 9.631403
5.566960 16.884345 14.703812 2.906710 -0.286272 -5.642952 1.938086 8.677717
-1.000703 -6.190440 5.785476 -0.424620 2.356956 1.580409 3.283297 8.846778
8.352346 2.167084 14.428439 7.264870 -2.522770 -2.699826 6.600890 8.603351
17.710025 8.086493 5.047009 0.669857 1.087243 0.738871 4.028008 9.699910
-7.638773 -0.360307 10.127978 4.594418 2.362366 0.068209 3.836317 9.395972
5.215844 20.026302 13.852179 0.846766 1.391892 0.919411 5.078466 10.136603
0.807619 13.607757 -8.097506 0.542271 1.052677 0.479639 4.062392 9.667704
-12.020495 7.789030 5.989392 0.408916 1.095910 0.437334 4.047588 9.697457
-6.872210 14.233672 1.421720 7.376288 -2.934365 2.715646 3.083002 9.285929
2.205319 -3.034738 14.650879 3.416755 2.228107 1.239260 3.899314 7.615172
15.644929 4.778909 11.835285 3.025898 0.675569 0.756176 4.077910 9.660487
8.844892 19.679070 -0.516527 3.826343 0.549749 0.640439 4.220183 9.486807
17.626372 9.525388 5.078862 -0.251937 0.945986 0.611584 4.222106 9.618929
-2.899880 0.848343 11.206502 -5.105341 9.634598 1.126100 3.985987 9.693715
14.430351 0.848592 7.055157 4.695821 4.573590 -0.598836 3.690327 10.420482
8.086227 -2.365053 2.264208 8.565360 3.156924 2.224886 4.436432 9.897337
3.596488 19.489281 13.746640 -3.573091 -0.972806 0.905588 4.828701 10.854652
-11.409875 8.028003 3.145374 2.624500 3.655051 0.553736 4.077408 9.701169
9.016106 -2.466425 5.523441 -6.034862 5.867508 2.806024 2.640929 8.378239
4.080288 20.405170 1.488296 -6.613967 0.113251 0.612063 4.767005 9.448908
