-14.549573 11.521552 -8.890862 -7.193472 -5.894108 -2.240674 -7.364494 8.586036
6.749822 -5.617703 -8.148576 -6.334056 -7.804743 -1.965451 -8.439553 9.226373
-15.447621 6.261072 -10.243256 -5.974288 -6.380131 -1.927922 -8.489878 9.016729
-5.025626 -6.417092 -13.645913 -6.073837 -9.171467 -2.056509 -8.499172 9.296385
-15.452410 7.824398 -9.529198 -5.947145 -6.802757 -1.934506 -8.357361 9.132780
-9.872408 -3.973608 -5.399431 -6.183425 -6.927516 -2.664085 -8.211620 9.310364
5.976856 11.679679 -0.496500 -13.178927 -10.164470 -0.607289 -7.536829 10.002373
-14.846224 3.609139 -8.656291 -7.994805 -9.014213 -2.035736 -8.437509 9.287401
6.630280 18.891771 -12.644232 -4.921758 -7.147617 -2.040399 -8.381584 8.721111
-14.768988 10.516798 -12.062200 -5.977106 -6.976692 -1.957423 -8.467340 9.207586
6.658673 12.473807 -0.336529 -0.517443 -9.392689 -4.144959 -8.322075 8.845849
6.031383 14.097528 -3.631161 -4.527599 -14.647045 1.110726 -8.115478 6.423266
13.278482 7.588072 -10.382726 -5.721855 -8.128241 -1.572984 -11.385803 10.986561
6.769739 18.700652 -6.982885 -5.357068 -5.850929 -1.510858 -6.046213 8.806867
13.478199 4.199082 -8.938423 -7.517856 -6.981539 -1.919116 -8.494085 9.261950
-1.321165 21.263721 -8.720469 -5.864792 -5.390318 -1.548837 -9.645439 9.484380
-14.073210 0.512257 -9.520276 -6.033620 -6.972139 -1.924442 -8.551675 9.512539
11.803124 8.491045 -4.518606 -2.184434 -10.261229 -1.886283 -8.283775 9.693140
13.021306 10.128743 -7.827365 -4.780294 -9.424837 -1.826691 -8.303257 9.202381
7.753875 4.353500 -8.175445 4.913806 -8.305220 -4.818945 -8.588107 10.128434
-8.077479 19.515325 -9.329656 -6.165940 -6.712130 -1.845362 -8.143875 9.132143
0.532186 21.332578 -9.116861 -5.242272 -6.930921 -2.041002 -8.404429 9.045958
-0.506263 -0.993293 2.920296 -6.206693 -6.649569 -1.705854 -8.519281 9.349143
-15.491443 6.662018 -9.399373 -6.131813 -6.951009 -1.991516 -8.486231 9.247687
3.513373 20.617807 -8.915814 -5.030338 -6.061502 -0.915381 -9.127402 8.795876
-9.308472 -4.913189 -7.243336 -6.451508 -6.211090 -1.678173 -8.168225 9.269533
-5.522494 18.302986 -15.648888 -8.358585 -3.563905 -2.812113 -9.683390 11.040987
13.666263 7.142428 -9.825023 -7.663846 -7.900328 -2.077925 -8.537488 9.204681
-14.348728 1.825798 -10.248058 -5.762985 -9.522725 -1.969315 -8.890390 9.260928
-14.324957 7.507704 -9.527114 -2.996879 -4.568671 -5.065512 -6.594483 11.182462
8.714699 15.557286 -8.497766 -1.075335 -9.427517 1.527946 -7.665757 8.807176
