-7.865695 -0.526008 11.002511 0.872558 2.945563 -7.756723 -7.612680 1.633898
17.701099 5.421543 7.845625 3.036384 0.785270 -7.832621 -7.650733 1.650814
6.264142 3.521343 1.612224 -2.636834 -0.067595 -15.654718 -7.452429 5.398545
-1.424235 -16.241100 8.965757 4.782868 1.748901 -8.322881 -7.732573 1.701551
-8.602320 -3.859381 9.474296 2.821089 0.743716 -7.907565 -7.644966 1.645606
-5.360369 -11.048683 6.425968 6.937422 -0.402730 -8.879512 -7.211629 3.487672
-2.102315 -13.778941 9.589383 9.833642 0.642375 -7.397797 -7.522147 1.542397
-8.431257 -1.519081 9.485512 2.784420 0.752281 -7.908131 -7.644983 1.645605
1.958588 -10.091777 1.276262 6.095766 9.666471 -6.724094 -8.769125 0.787585
14.504372 -12.395406 3.879773 9.283195 2.148823 -8.414327 -7.838112 1.874224
-3.544212 -12.304917 16.599732 1.940281 0.740413 -7.911058 -7.645593 1.647417
21.014980 -3.789199 9.482080 2.787923 0.752953 -7.909077 -7.644736 1.644840
-8.534521 -5.065323 9.500296 3.285037 0.579825 -8.004016 -7.721743 1.814984
10.239814 7.395571 15.707045 8.769251 -1.072746 -8.682806 -7.633088 1.588026
13.476975 -9.161131 16.180400 -6.661830 -0.235068 -9.032001 -7.240638 2.588802
20.808448 -2.491758 7.408168 2.970712 1.063147 -7.940068 -7.628770 1.669828
14.572872 2.311522 -0.076634 -0.446222 -2.038921 -7.015627 -6.952968 0.453325
-6.795007 -1.779795 6.563688 -2.327971 4.068296 -8.610602 -7.435677 1.302185
-8.528521 -2.299451 9.650019 2.667317 0.764886 -7.909894 -7.644100 1.645150
4.785342 -16.900606 15.854748 1.954234 -1.093003 -7.748839 -7.860809 1.834610
2.013703 6.161298 6.357940 2.163210 -0.676025 -7.833427 -0.704470 8.187166
-2.401966 -1.280830 -2.032782 4.826196 -0.682352 -7.586038 -7.714144 1.585944
12.875949 -12.275705 -0.377643 1.496938 0.821007 -6.104798 -7.211987 1.687437
-3.624807 7.219250 10.680310 2.179624 0.315588 -7.952590 -7.631939 1.639378
-0.020944 -2.820254 16.655559 -7.795519 -0.910426 -11.347051 -8.949822 1.546363
16.771327 -3.424609 15.399287 7.267845 -4.137439 -5.264952 -9.702944 -2.521949
17.770365 -8.346028 7.624304 -3.679128 5.070875 -8.621086 -7.491860 1.235843
-2.688344 6.209183 9.464593 1.390736 -5.360891 -8.640544 -6.787589 1.976964
-6.123319 -11.625247 11.489940 2.020741 1.057513 -8.004861 -8.546676 1.633855
-2.174752 2.559229 5.280620 -5.707919 1.824288 -3.656422 -7.799840 1.754430
17.770931 -8.951205 2.648690 1.510895 2.412090 -9.793221 -9.598308 2.056502
-7.752713 -5.858805 8.824927 6.475940 3.005915 -7.901810 -6.690876 1.752747
