12.457651 -6.720215 -6.351692 9.431577 -0.960713 1.974375 5.290522 -6.852723
10.446965 -2.908584 -12.396918 7.412402 -2.192500 1.831766 5.345795 -6.786998
-11.789875 -18.417688 -8.015419 7.942901 -3.237595 -0.564853 5.247880 -6.804617
11.136500 -1.461213 -3.187475 9.391002 -0.862105 1.870024 5.511611 -7.039301
11.693800 -11.047372 -4.850497 7.792392 -0.877025 1.996390 5.423432 -6.729943
0.801324 6.160210 -13.537234 9.366482 -0.874997 1.937181 5.322260 -6.835383
10.715592 -10.117316 -10.357856 5.174015 -3.170230 1.484981 5.449005 -6.891494
9.753453 1.392486 -3.894887 10.477653 -1.007040 2.671887 5.359310 -7.306334
5.887437 -1.938598 -6.412073 -2.199420 -0.752779 2.265888 5.340771 -6.790066
5.069306 -19.637387 -6.617672 11.788888 -0.835953 1.907401 5.323894 -6.816402
8.421078 -17.041726 -7.016727 8.933212 -0.513643 2.256583 5.078053 -5.805620
-9.948770 -0.452865 1.314557 14.826128 3.554311 -3.367294 5.065886 -4.644296
-11.888450 -5.410204 -16.378953 5.244664 -5.902225 0.771361 4.109062 -5.372490
-4.910234 -1.715815 -16.468545 2.037747 -4.872732 6.820872 7.825129 -6.677304
11.735938 -5.677955 -9.648629 9.313142 1.357962 0.718545 5.549114 -8.542613
5.453445 -2.547408 -18.276091 8.706672 -0.845065 1.586433 4.663708 -5.036110
-14.467876 0.572068 -1.667125 7.029469 -0.534054 -1.760848 4.482806 -6.441460
-9.911186 -7.201012 -18.043817 15.994924 -1.351253 2.644920 5.016104 -6.743050
10.466551 -12.959283 -10.653743 9.297680 -0.908069 2.311841 4.976275 -6.617617
8.286781 -5.061643 -3.388684 4.637865 0.542330 7.780512 2.494089 -12.464054
-6.988391 4.263255 -6.876293 18.310288 2.510970 2.704562 5.307729 -7.212594
10.776805 -11.938153 -2.513179 7.218380 0.178543 2.951493 4.503374 -7.008760
-10.319525 3.690045 1.666113 8.801251 0.265852 1.897836 5.618374 -6.720313
-0.483955 -20.197091 -9.354416 4.976322 -2.916107 3.021895 2.148767 -8.860907
-3.828378 -21.875254 -4.449470 8.825626 -1.367134 1.675322 5.537654 -6.682765
7.191041 -18.058844 -5.575871 9.383687 -2.591768 3.125957 4.620632 -6.022056
11.763293 -7.935925 -9.972162 9.942665 1.575717 1.828826 5.333739 -6.935962
12.374391 -6.503165 -5.298193 8.605294 -0.604021 2.795337 5.291322 -6.800522
-16.015215 0.588682 -5.376229 8.969350 0.559462 1.917085 5.477425 -7.005153
-17.509349 -10.429493 -6.273439 9.012502 -1.091934 1.071501 6.638225 -6.400626
-17.575678 -8.907895 -8.819799 7.491172 -0.704729 1.868591 5.341026 -6.806994
-17.396178 -2.484766 -7.150455 9.418930 -0.627973 1.940284 5.311884 -6.843807
