-7.296510 19.617829 10.319192 7.901349 -8.929244 2.836009 5.118285 2.486594
7.719413 16.469847 6.529095 7.434230 -14.551116 0.340659 5.939980 2.620880
3.489594 1.957542 -1.628670 9.530332 0.424695 2.042394 5.154388 1.682753
14.428228 5.870826 9.903574 10.190499 -7.469647 0.474094 6.097976 2.430270
2.031115 -4.031868 1.112133 6.400803 -5.404963 -3.246696 2.290914 1.049531
1.976116 -4.276591 18.030481 10.317972 -12.877180 -0.055588 5.808173 3.445460
5.815721 -2.719593 0.408378 4.938117 -7.423106 1.500265 5.591839 3.869657
-15.327543 5.681860 6.192222 9.045969 -7.659432 0.612883 5.967970 2.611528
10.967513 14.036793 4.671889 5.515815 -7.911475 1.310902 6.653259 3.154654
-14.880680 10.168321 12.053281 10.151483 -6.646023 -0.822444 6.163181 2.423780
-7.511690 18.504697 15.089601 10.203303 -8.365281 -0.404284 6.085539 1.471539
5.417105 -7.154637 10.474678 7.849937 -7.087824 -0.697100 5.590878 3.255566
-7.493715 -2.951182 18.377407 11.221509 -6.222820 1.144546 4.774586 1.335922
-13.528821 9.698415 4.539217 8.674692 -6.866765 -4.696698 5.771052 3.476495
14.481436 6.984148 9.409639 9.130733 -7.633139 0.365915 5.927148 2.617863
-6.756132 13.689004 -0.786846 13.825555 -7.358894 2.391568 7.492974 0.041417
14.386725 7.750248 8.238291 8.703610 -7.715519 0.345159 5.883572 2.689967
12.130582 0.810170 4.745712 11.160991 -7.434911 0.771577 8.692460 2.556375
-15.689789 6.671773 9.699875 9.061994 -7.569157 0.378134 5.971777 2.610357
-0.167958 21.409281 7.551549 8.390888 -8.361041 -0.298481 5.177345 2.548766
8.797329 -4.235578 14.247141 9.026021 -8.104076 0.493968 6.021323 2.613121
9.046256 17.973521 11.174748 9.150152 -7.565852 0.352707 5.953424 2.602658
-14.156873 6.613887 13.861284 4.650459 -9.511106 0.305737 5.955667 2.814993
12.250370 -0.284608 11.389463 9.713131 -11.069627 0.503699 5.935155 2.883558
-13.658712 -0.092135 11.081833 5.915379 -7.568310 -0.082491 5.752064 2.298520
12.254390 -1.008675 11.052959 9.053544 -7.495041 -1.071945 6.323856 3.595172
-8.290908 -5.248156 6.560003 13.733098 -6.380387 0.262717 5.958368 2.569774
-9.444205 1.242266 4.223201 4.150881 -1.852106 -5.728202 6.052823 2.344738
13.800218 10.902280 8.546907 8.676386 -7.360291 0.211417 6.028516 2.640711
-13.937007 2.590606 3.698037 9.813494 -8.866459 0.395641 6.487155 2.747251
-7.203899 -6.703748 9.635088 6.783627 -6.311213 1.808886 6.258390 2.744652
