-17.201344 -6.818647 -5.214788 7.905843 9.870027 9.692452 -0.880601 6.598867
-17.543050 -4.433029 -4.508390 5.166216 10.272825 8.978167 -1.051504 6.942911
12.972931 -6.205330 -2.963657 5.102114 9.734854 9.191726 -0.960417 6.704784
-3.392996 5.669602 1.364058 -0.648384 9.125840 8.794922 -6.553466 2.316878
8.036053 -16.311159 -6.199984 5.478856 8.966262 9.018093 -0.511723 7.001019
3.403220 2.756261 -13.435910 -0.186907 12.046219 9.696738 2.997448 6.572066
-16.337036 -0.559269 -7.163050 6.434995 10.049494 11.015578 -0.924171 6.685947
-13.815400 -5.333985 -9.106969 -2.928899 6.860574 9.328373 -2.183323 6.480093
-1.900244 -4.818677 -16.080732 3.409266 3.043675 15.281628 -1.519493 8.694194
-5.499998 7.230296 -0.039782 11.743362 7.097717 9.665418 0.236422 5.757787
-17.584486 -5.271411 -4.019095 5.149753 9.733798 9.243277 -0.951644 6.716809
6.364220 -5.681580 8.450069 3.918186 8.332105 9.578178 -0.928009 6.738156
-11.317008 -5.953166 1.144254 14.887698 11.831833 4.035111 -0.975450 6.553676
-13.036255 5.102968 -4.509650 3.913052 11.956622 11.292454 -0.457738 7.168709
-11.135166 -15.974773 -9.590438 4.695343 12.529620 8.646798 -1.709767 5.727643
13.027932 -4.636460 -4.206875 5.104268 9.634541 9.077115 -0.947533 6.692223
1.667630 6.475125 4.972167 5.062461 9.234604 9.276993 -1.176916 7.156020
-14.013650 3.326847 0.416366 5.875231 9.399227 8.901651 -2.585723 6.476257
11.414082 -12.020987 -4.636787 4.444914 9.997619 8.795247 -0.916719 6.423788
-12.008931 6.225017 -6.900658 5.434891 9.733876 9.138868 -0.965875 6.693544
-9.393460 1.032699 6.517015 8.768693 13.410650 6.987591 -1.853128 5.758545
1.640301 -6.644310 -10.313219 12.256557 20.163984 7.026035 -3.703248 4.108019
12.523282 -3.514413 -2.653757 3.446346 12.498985 9.002189 -0.859526 6.720390
-17.106773 -4.760809 -3.462237 6.789500 11.031214 11.507291 -2.196753 8.340342
0.939419 3.826808 -15.635126 2.537133 10.121817 9.778708 -1.245855 6.717739
-15.863872 -7.870522 -4.538409 6.527954 8.079925 3.601451 -3.474253 6.037310
12.806602 -2.644565 -4.244377 5.701216 9.991119 9.365908 -0.964685 6.698673
7.955462 5.828552 -5.371154 6.375048 8.035028 8.483631 -0.732288 7.584501
10.145391 -4.499153 4.866111 4.527728 9.794619 9.143650 -0.910942 6.690794
-9.268884 5.406860 -12.314027 4.949754 8.508147 8.116844 -1.928730 7.019722
-15.686718 -1.449170 -10.347081 5.803030 9.708583 9.189428 -0.963472 6.672317
-17.580195 -5.568923 -3.875886 5.153482 9.728664 9.196030 -0.962333 6.705749
