13.426880 -3.127336 -12.726090 -5.440918 3.027173 10.020198 -4.469229 7.678545
21.680492 -0.698269 -3.445332 -7.254877 -3.375606 3.444641 -4.249579 8.444469
18.123783 -2.972717 -12.684752 -7.814180 -2.333813 4.313108 -4.637806 8.306444
9.556016 14.469461 -3.151475 -7.928222 -3.343225 3.411370 -4.207316 8.302641
15.558155 -0.583746 7.276051 -1.611690 -2.679065 3.633169 -4.500710 8.665437
-5.645184 1.881335 -5.621320 -15.583616 -3.161555 3.414950 -4.305544 8.330421
-8.320423 -1.165032 -2.973107 -8.615827 -4.152647 4.687918 -4.559868 7.968710
17.133827 -9.685237 -2.073222 -11.909863 -2.994479 1.068569 -4.969773 8.144849
-7.852980 -2.355041 -7.176409 -7.352018 -2.278455 3.375047 -4.287161 8.352732
11.114591 -2.013084 4.350078 -19.313407 -3.468511 3.152340 -4.138705 8.267432
9.114652 4.830284 -1.728108 -14.347796 -12.546040 10.591286 -4.135990 6.470704
10.368780 -14.876713 -4.536388 -7.780426 -3.155660 3.247458 -4.363659 8.463705
21.154515 -4.105347 -2.256289 -7.567827 -3.218816 3.394233 -4.308826 8.382060
20.991812 2.911100 -1.002176 -5.476862 -3.198042 2.487569 -4.455610 8.490088
13.885206 1.026785 -8.596056 -14.457229 -11.724164 7.231497 -6.539854 9.983514
6.453000 -1.664789 -11.207211 2.478155 -7.791317 -2.560670 -7.853125 8.733453
-6.365323 0.188493 -5.507033 -10.400855 -8.384139 6.755593 -2.400864 10.365895
-7.293232 1.258957 -2.053031 -1.797987 -2.742051 3.401290 -4.282498 8.379501
-7.261689 -4.568903 -1.440629 -5.171755 -1.180540 3.380836 -5.800688 10.066331
-3.587519 10.817737 -3.710632 -7.405838 -2.803422 3.404957 -4.293649 8.355403
21.425255 -2.578389 -2.921496 -7.945642 -2.466619 4.609601 -4.540346 8.327991
-1.026615 12.381617 -0.702741 -8.384660 -3.194338 3.184317 -4.299479 8.364105
3.456648 -7.867300 7.965523 -11.869426 -0.563322 1.640888 -4.580318 7.681908
21.617577 -0.860020 -4.727100 -7.329406 -3.148979 3.443345 -4.020952 8.331138
21.475610 0.236009 -1.238296 -6.186066 -3.219971 3.402037 -4.296765 8.356085
18.235954 -9.742542 -4.955640 -7.335726 -2.220233 3.508631 -4.489333 8.260593
-3.833215 7.932015 -1.368730 -6.337099 0.459876 7.795464 -7.718231 7.123397
-5.720340 -4.911703 -8.740613 -9.619603 0.684647 1.387222 -5.550430 7.506309
1.796595 12.649390 -4.664164 -7.877802 -7.115893 1.445446 -2.789848 12.027192
15.902892 -2.058711 7.628560 -3.426787 -3.834073 4.086256 -4.471685 8.186303
19.290480 -0.820721 -2.179340 -3.888199 3.758761 1.344134 -4.950045 8.372025
8.800583 -14.323179 0.922241 -5.214929 -2.791921 2.008354 -5.406381 8.031795
