-10.066995 6.995130 -5.317697 -2.995493 -6.701880 2.014821 2.050181 0.254348
-10.702354 6.080539 -2.311508 -2.954518 -6.850587 2.041771 2.024896 0.215077
-11.328520 1.081844 -1.664669 -2.701135 -6.998606 2.062914 2.028971 0.209939
13.029094 12.716381 -6.367916 -4.016878 -6.236208 1.784690 2.045412 -0.274422
-7.964126 9.849843 -0.445575 -5.876643 -9.895070 3.106747 2.068384 -0.067412
9.092076 15.349844 -5.698459 -3.224018 -7.001034 2.090559 2.316396 0.116721
10.020899 -1.557095 -6.774623 -9.161259 -16.339911 -2.765541 2.112918 1.404431
-0.027976 4.674271 -6.640745 -3.772111 -19.033490 0.557938 3.132302 5.931311
-11.108705 4.368212 -2.137327 -2.233335 -6.613469 1.932648 2.055251 0.178658
-9.441972 -5.000795 -3.656583 -4.811929 -8.194922 1.325183 1.568100 -0.140609
9.292228 -0.857569 -13.267553 0.618157 -14.361239 3.650781 1.865578 0.322985
-9.785106 -0.636592 -8.458942 -2.502892 -5.859375 1.982705 1.957508 -0.590237
-6.753350 4.197334 -9.033106 3.847562 -11.295123 2.910999 1.085930 -1.442375
18.669237 3.227478 -3.364701 -2.584051 -6.933634 2.059928 2.059788 0.226273
4.450324 3.328711 5.485619 0.460608 -10.313863 -9.742510 3.052703 1.422728
18.776005 1.971694 -2.685931 -2.732222 -6.938437 1.963465 1.953762 0.192514
15.707051 9.791236 -5.111929 -0.920577 -4.439605 1.779033 1.651420 1.173280
6.696001 -8.056535 -4.922607 7.402113 -9.927025 0.683029 0.424869 1.394288
-9.302636 7.362862 0.981339 0.524948 -8.972369 2.412418 2.085978 0.523275
2.782737 6.950487 -5.747280 -11.835264 -10.718806 0.695737 3.854963 9.289686
-3.247970 9.089853 -12.939624 -5.841099 -6.557306 2.429698 1.544549 0.913906
-0.902855 1.356360 -4.538086 -6.887350 -6.880454 10.780087 -5.046129 -7.301697
16.582020 -5.876783 -2.608413 -0.896798 -6.818754 1.127486 1.759308 0.052640
-5.764170 -9.999054 -2.126206 -2.072763 -6.960182 2.042515 2.018779 0.254907
4.620375 5.613440 11.665388 0.632709 -9.040613 2.085309 2.033058 0.268359
18.153172 4.552318 -0.943135 -3.765938 -4.185466 1.720020 2.088479 -0.044103
-0.810885 -4.510836 -15.069493 -0.423649 -7.503246 1.973278 1.892484 0.294517
11.418323 7.586490 -13.741500 -2.075056 -6.361615 2.704950 3.101063 -0.418803
16.060357 0.227340 2.796521 3.974119 -8.415719 2.025660 1.744861 0.033778
12.214871 -9.835268 -3.165460 -6.308325 -8.414336 0.105136 3.193301 0.515190
-11.334238 1.066287 -1.881374 -2.584207 -7.078651 1.978829 2.073706 0.117951
