20.342157 -2.896095 -4.970023 -6.016572 2.078302 -9.901399 -3.583572 9.197562
-9.071882 -1.538363 -7.171216 -7.327539 -0.217696 -12.569766 -4.475371 9.310263
-2.883284 5.241300 -14.990823 -5.864038 4.822383 -9.966493 -3.018452 7.305001
6.091117 12.657269 -8.855073 -5.774228 2.032359 -9.900943 -3.584594 9.198875
-1.340089 -2.095579 -6.677961 -19.061562 0.820667 -8.484598 -3.414520 9.146232
1.834886 5.763947 6.495421 -8.206079 5.303118 -9.158132 -2.663875 10.258087
16.321947 7.900533 -2.636063 -7.317914 1.470349 -10.001454 -3.598129 9.041065
0.525989 -8.706368 -4.593723 -11.612511 10.210163 -12.916463 -5.457090 2.590501
-6.576441 -2.133322 -12.228230 -6.522835 7.684863 -10.492117 -5.076958 8.759003
-7.169416 -10.136098 -4.123679 -4.472423 1.861258 -9.353200 -3.492835 9.132933
-8.504234 -7.425840 -4.007672 -3.821254 2.073338 -9.970632 -3.659161 9.238488
-9.725636 -2.263970 -4.990463 -5.635334 2.135846 -9.768061 -3.490588 9.048794
-3.150773 -7.751304 5.681807 -7.492670 2.132864 -9.909779 -3.585696 9.195199
-3.430829 10.277142 -4.409368 -6.579385 2.023723 -9.904628 -3.628178 9.206391
20.215756 -3.462123 -3.842748 -5.095931 1.706544 -9.574930 -3.636541 9.143244
9.187735 7.116455 -15.702457 -4.965350 5.939535 -11.425092 -2.760056 9.744631
20.371738 -2.147104 -5.020766 -5.595772 2.157951 -9.817426 -3.644179 9.033552
11.204694 -6.545251 -17.859345 -6.980444 3.781594 -8.223964 -2.120403 9.804539
-4.378935 4.733820 -0.746981 -7.767032 6.489752 -16.527914 -4.385454 9.660372
10.525172 -1.498304 -10.441194 -14.851250 2.121652 -7.526881 5.336153 11.227484
17.857055 -9.968897 -5.690069 -3.892393 1.328927 -10.046845 -4.134540 9.591267
0.434631 11.534834 -9.265662 -5.555193 1.897460 -11.111995 -2.211292 10.453348
14.098860 -8.145477 -12.135888 -11.647855 7.313351 -10.126479 -3.553236 9.146086
20.079132 -0.751224 -2.477725 -6.249226 2.025557 -9.902836 -3.584377 9.198865
20.121805 -4.213384 -4.455798 -4.541129 2.472640 -9.764811 -3.498511 8.882353
16.311488 -10.982530 -0.871329 -7.878818 1.633929 -9.673295 -4.030556 9.846011
-0.483135 -15.361042 -2.465168 -4.110613 0.544270 -9.862656 -3.711997 9.224498
18.616423 -2.967881 -3.285409 -4.099869 -4.075178 -9.360483 -2.841733 11.284957
15.571199 -10.858871 -9.312798 -2.046752 3.703813 -11.076890 -1.600176 10.813652
10.582077 -2.154494 -18.863065 -3.585203 1.681671 -9.128075 -3.133388 6.763250
2.198965 12.418240 -3.633882 -8.757471 2.005745 -9.907598 -3.576774 9.192112
