10.919081 18.105751 -7.059334 -7.684005 -4.526488 -3.091156 -5.452751 -5.656248
-16.173324 8.576636 -1.407673 -6.527946 -6.238626 -5.599768 -7.055276 -5.526883
11.445472 1.847834 -4.391380 -7.118946 -6.656765 -2.542705 -4.796870 -5.949483
-16.276175 12.636540 -1.325556 -6.109532 -7.279576 -3.013550 -5.724301 -5.753102
12.647238 7.735737 -9.900711 -9.033259 -7.314680 -3.048166 -5.729560 -5.750783
5.983302 7.143574 -18.150344 -7.679707 -7.089035 -4.062789 -6.008560 -7.117342
-9.821453 22.494486 -8.462778 -5.449445 -7.376094 -3.438222 -5.606639 -6.112781
13.421487 13.215268 -4.168008 -6.625886 -7.311204 -3.040549 -5.733651 -5.762837
-17.000029 8.982241 -5.230521 -6.090720 -7.331964 -3.090267 -5.714741 -5.749518
12.428990 16.301869 -5.298974 -6.328832 -7.332575 -3.089408 -5.721258 -5.768990
-16.840756 12.215753 -5.647941 -6.020542 -7.274025 -3.256041 -5.859745 -5.710649
-15.553307 4.379926 -7.668812 -5.741312 -7.724935 -5.351494 -4.584751 -5.613739
-9.550032 16.996606 0.977994 -10.525751 -4.196393 -10.613608 -5.647515 -6.191013
8.295155 21.006062 -6.434247 -2.461316 -8.467546 -3.166553 -5.764295 -5.865144
4.876268 11.244320 -9.675919 -18.751512 -5.530527 -6.012324 -5.077017 -4.028452
-16.749064 8.548954 -3.980808 -4.714399 -7.427290 -4.627857 -6.583251 -5.882777
2.066362 20.585440 -4.247888 -12.689462 -15.426240 -2.510407 -6.327691 -5.754193
-12.156786 13.847799 -14.806508 -7.089201 -9.007795 -0.091042 -5.829347 -8.201317
13.301753 9.401706 -1.890246 -7.877824 -8.118787 -3.516288 -5.008097 -5.123548
-17.025227 10.046820 -5.198855 -6.187974 -7.359750 -3.003333 -5.749181 -5.661784
8.715478 -1.534226 -5.786559 -6.811684 -7.692492 -2.992892 -5.433955 -6.195107
-15.422904 7.239164 -9.840977 -1.892748 -7.513153 -2.973832 -5.870208 -6.232730
-17.023090 9.553912 -5.199517 -6.149206 -7.320201 -3.069990 -5.739843 -5.761498
2.775861 -3.556277 0.858249 -4.943957 -7.510110 -3.034139 -5.756610 -5.773057
-17.022147 10.066146 -4.877226 -6.160768 -7.331336 -3.089259 -5.714655 -5.775746
13.089571 14.256525 -6.970352 -6.091137 -7.288326 -3.124383 -5.752039 -5.750800
-10.059997 22.227718 -6.714048 -6.703819 -6.109635 -0.073665 -6.746505 -5.605768
-16.964497 8.759622 -5.740663 -6.559020 -6.891752 -3.077086 -5.759459 -5.775085
0.594954 -5.255837 -7.183131 -6.064581 -7.372720 -3.024474 -5.735009 -5.750226
-15.854690 12.694932 -7.602986 -5.455191 -4.043070 -4.686448 -8.366696 -5.139903
13.770509 11.209309 -5.037996 -6.157311 -7.321076 -3.069952 -5.740017 -5.761546
3.487220 19.009992 -15.312830 -5.461211 -12.434456 -3.066124 -5.743820 -5.764388
