8.564422 11.002238 13.200511 5.271178 12.432963 -1.392609 -4.379241 5.538044
14.613401 9.265647 4.463929 -2.030579 8.403969 -1.875867 -4.912499 7.008815
-11.537909 4.201906 9.931227 -1.434008 8.315784 -2.107289 -5.293770 7.104484
-3.848134 3.220941 21.658262 -2.593563 7.532539 -2.661908 -4.985578 5.591582
17.465828 4.770121 6.356477 -1.509092 8.295492 -2.326319 -5.105404 6.945190
5.999848 -8.108563 21.047601 -1.194211 8.218221 -2.069441 -5.147089 7.087069
17.644393 0.679793 12.317640 -2.721591 10.307674 -1.584343 -5.948135 7.035195
-11.774385 -1.243003 7.243926 0.449658 8.715440 -3.267356 -4.003438 7.757567
-12.129234 0.343567 8.566590 -1.305908 8.265307 -2.065046 -5.140642 7.078087
-12.123455 -0.096081 8.506704 -1.439522 8.426406 -2.288714 -5.110552 7.176185
-11.781997 3.361933 7.922895 -1.430910 8.395022 -1.947472 -5.329684 7.017181
-6.039327 -10.500152 11.245435 -2.121069 13.039874 -2.613539 -6.863078 7.500533
12.673830 -10.770669 12.784504 0.147980 7.766170 -2.378166 -5.187852 6.899856
-10.433511 6.781063 6.840047 0.182372 8.557803 -2.101250 -5.212305 7.101827
-12.079602 0.516875 7.698667 -0.677287 8.527652 -2.265463 -5.096862 6.992198
-9.242678 -2.403343 2.970233 4.378755 9.738042 0.202829 -4.638664 6.495116
-8.569700 7.524125 11.114573 -7.077972 6.398892 -2.173429 -5.040627 7.192053
16.802379 -2.798694 13.915612 0.955567 9.159573 -1.657310 -6.071851 6.612558
15.612968 0.433067 0.591498 -0.917574 6.224199 0.569840 -5.057601 7.308502
18.079813 -1.240300 9.634169 -1.400996 10.271651 -2.201127 -5.722600 6.417407
17.151099 5.285585 9.512249 -1.356427 10.918962 -0.992831 -4.755115 6.992640
6.992668 -9.475186 4.088359 -11.504287 8.365264 -2.134158 -5.098146 7.170373
17.215866 5.660890 10.248311 -1.291892 7.697785 -1.412961 -5.140859 7.076691
-5.006052 -11.266246 13.243258 -1.311074 11.891331 -2.060502 -5.073597 7.010124
18.336041 -0.242679 8.818367 -1.422093 8.297088 -2.059884 -5.140428 7.084122
10.177722 -13.111243 6.807015 -1.137985 7.093488 -2.201048 -5.140203 7.082080
-3.123885 6.303084 -3.279884 -4.855032 7.807492 -0.591552 -4.903567 6.695665
16.514734 6.839041 11.022967 0.234491 8.583996 -2.064865 -5.097988 7.058659
-7.075301 11.542862 8.664092 -1.250703 8.029645 -2.046441 -5.157430 7.143568
18.309613 0.013753 8.540945 -2.235230 8.703316 -1.997784 -5.236296 6.857193
8.632805 14.391726 8.356350 -0.727710 8.089048 -2.194401 -5.230120 6.987593
-3.898591 -13.266625 9.643061 -1.554338 8.542787 -1.758090 -5.151582 6.648897
