-7.942558 -9.130366 -5.666585 5.697249 0.696582 -8.333139 3.830213 -3.296054
-0.052831 3.961012 0.495682 -3.692987 -9.844581 -8.039824 3.928167 -2.263102
-8.923403 -1.933180 10.120864 7.385352 -10.416657 -8.818487 3.022425 -2.647521
1.265198 -6.860221 1.348318 10.061285 -8.522271 1.511381 -5.039854 -9.556791
-0.719274 -13.020328 0.679798 19.901943 -8.528648 -6.366751 2.536054 -2.790984
-3.858208 -12.970773 2.769288 0.996215 -17.258095 -9.939755 3.201453 -2.214301
13.392166 -2.648155 10.286257 10.580247 -6.777166 -8.094487 2.697191 -2.961268
-3.508947 7.816126 -1.455821 6.733193 -7.417665 -8.546648 3.105058 -2.586931
16.992082 -5.438525 3.241866 8.971796 -5.347199 -9.025908 2.709674 -2.483761
-10.032790 -2.765765 -5.350002 8.246451 -11.417891 -11.128493 2.660785 -2.895521
-4.753623 -10.282081 1.000498 15.630886 1.964540 -9.862096 2.089939 -3.767714
3.054725 -16.523440 11.360318 6.606585 -3.689599 -9.031206 2.833892 -3.008365
13.410449 -6.373733 11.098525 7.813075 -8.165516 -6.319845 2.580179 -1.952226
-4.419611 3.719276 6.787486 14.506491 -9.640509 -9.991058 3.099583 -2.456713
15.218308 -13.686032 1.383585 7.345590 -7.194432 -8.612875 2.982579 -2.612628
16.335901 -10.908088 -1.008693 7.569856 -7.189736 -8.642257 3.025700 -2.551664
-9.826302 -5.133974 8.800143 8.510551 -6.816350 -13.287983 4.120196 -1.534128
17.127654 -5.573077 1.810955 9.602179 -8.150070 -8.186243 2.915650 -2.419920
6.170128 -20.465437 1.502054 7.756066 -6.718976 -7.769349 3.355618 -2.701024
1.003179 -19.250150 -5.113795 10.095276 -7.087120 -8.338576 3.240621 -2.297404
-11.267559 -6.016677 -4.858955 5.299808 -8.292989 -10.517217 3.163969 -3.558088
-12.452110 -2.316418 0.896887 6.905359 -7.282304 -8.650125 3.031619 -2.560403
-4.630605 4.886634 -3.314542 0.508141 -7.083669 -8.597498 2.961113 -2.487841
-5.314452 3.611374 8.293230 9.359408 -5.491481 -6.517938 6.378775 0.286108
16.918729 -4.588813 -2.109012 7.824308 -7.200815 -8.688927 3.132830 -2.688319
16.277121 -5.900190 -3.431756 10.164532 -6.946005 -9.333866 2.405344 -2.613693
8.138710 6.965855 -3.795888 5.578650 -6.845154 -8.544461 2.734729 -2.942551
-11.312723 -6.375725 0.179881 13.789342 -7.293313 -8.587575 3.017245 -2.576379
-11.222983 -11.787661 1.458031 10.778995 -7.174274 -8.670103 2.985411 -2.492104
-11.133161 -3.249585 7.423018 9.290556 -6.627769 -8.591217 2.778746 -2.729316
6.599975 -2.065442 -9.602146 14.772483 -6.678646 -6.754421 0.035209 -5.112719
