-13.597665 -1.814188 -1.908411 -11.308173 4.203764 1.269073 0.582881 10.619619
5.770548 -11.870303 7.351102 -11.674098 10.452300 -1.181718 3.843878 9.732304
3.640907 14.223578 1.493840 -5.506146 12.040749 -4.007756 2.352717 11.711900
-17.352838 -4.864452 6.971716 -8.049644 9.403334 -2.037765 3.553126 9.444566
-3.836391 -15.571724 4.775445 -6.056406 9.872661 -1.705259 3.598648 9.452001
-18.467828 0.473487 5.385986 -4.654701 9.929279 -1.701620 3.599768 9.450388
1.817322 4.692854 19.766662 -4.933994 9.442908 -2.844482 4.766103 10.060959
2.243239 -11.862814 11.588979 -4.576871 5.233682 1.294764 3.560209 6.458482
10.479118 5.973881 7.842726 0.922335 9.581287 0.065616 3.865934 9.061455
-1.172745 9.394896 0.574858 -18.418974 10.063567 -1.904870 3.653728 9.476764
-18.339406 1.837304 6.399630 -5.497312 8.693397 -2.212243 3.732913 9.110686
12.899862 -0.948969 9.363395 -6.117185 9.338052 -1.336130 3.889225 9.623064
-2.597515 13.828736 13.572326 -6.077114 12.108328 -2.101897 3.694588 9.589018
0.352026 -10.522086 16.380145 -5.746073 11.132358 -1.503835 3.492097 9.281216
-18.519866 0.815187 4.958683 -5.962956 9.905587 -1.744313 3.602434 9.454794
-18.215780 2.897715 6.104429 -6.516967 9.294488 -1.110946 3.918839 10.646578
-11.432628 2.122504 18.096091 -7.967269 9.538341 -2.055296 3.448490 9.210608
13.553491 -0.100440 5.443650 -6.237745 9.853827 -1.753086 3.616742 9.453718
-6.990429 -12.303394 1.974050 -12.832886 14.180984 -2.337884 3.809461 9.132382
-18.162850 -2.970045 4.961403 -6.142318 9.912703 -1.710547 3.600201 9.454593
-5.808461 -3.701954 -6.072236 -3.824808 8.105674 2.200340 7.210358 17.786751
-18.414884 -0.356103 4.848798 -7.445701 9.865218 -1.024987 3.467620 8.976317
-8.292409 1.801236 19.947290 -5.964001 9.911638 -1.705307 3.597364 9.450882
-18.481528 1.497705 5.199114 -6.371476 9.705202 -1.692297 3.625735 9.449242
8.385885 -4.839640 7.374595 -11.449074 18.637553 -1.374916 3.231938 9.713945
4.585904 -6.083459 -7.691795 -5.649299 10.089411 -0.080240 3.814841 9.175622
-15.384681 -8.778819 5.504890 -6.715813 9.891400 0.387788 4.222854 8.519217
-0.129037 8.910026 17.206783 -8.207599 10.861863 -6.774879 3.107830 10.000359
10.191027 9.743960 7.503549 -5.103912 9.471596 -1.990247 2.735043 7.963917
-2.747802 -12.246211 9.336430 -10.199082 3.230712 -1.399895 4.742929 13.304304
-15.068318 2.815992 -0.146712 -5.690387 2.682336 -2.458284 6.985147 8.114372
