20.817271 -18.170726 10.966744 -3.448335 5.687042 5.560766 6.766799 -5.746330
24.375034 -10.461305 8.001281 -5.325530 8.386537 7.788761 8.155516 -4.561130
-4.654202 -12.570617 8.582364 -3.537127 9.809515 8.604740 7.702217 -4.359522
24.487134 -9.402893 9.452554 -4.991177 8.068897 8.045078 8.101062 -4.323781
-2.218604 -6.882718 3.893222 -10.155755 8.278416 7.658688 8.122305 -8.192038
13.925235 -23.271074 7.595771 -2.787332 8.487743 7.590059 9.334863 -5.825087
-4.875873 -9.322833 10.910608 -5.791575 6.435797 8.877208 9.372307 -5.567372
-5.152979 -9.478175 9.319966 -5.308866 8.978703 7.626812 8.338538 -4.576390
18.544219 -18.939062 16.454126 -6.674582 8.139286 7.948327 8.103804 -4.331956
10.496863 -11.451005 -4.516713 -1.051506 10.350519 7.777230 7.725663 -4.524838
17.004265 -7.997034 -0.997229 0.683623 7.172630 4.160673 9.791764 -6.323795
-4.412455 -13.219837 11.294316 -6.290384 9.256217 8.214302 7.633502 -2.907127
23.954005 -10.164680 9.157330 -8.303262 10.076562 8.096752 8.224224 -4.303295
-0.273154 -13.616645 19.160081 -4.885523 11.233849 8.631907 8.327395 -4.516161
23.686097 -8.013035 4.912012 -4.458333 7.928580 7.837825 7.825014 -4.270686
23.713802 -9.935574 10.601651 -4.916904 9.519495 4.979727 7.786959 -1.285902
17.393543 1.970620 5.178798 -4.938457 10.152448 6.435968 6.238064 -4.497611
4.922140 4.271805 12.300084 -4.980406 8.057517 8.057471 8.091517 -4.335965
2.204253 1.816647 5.219516 -4.132870 6.437308 7.029661 5.416207 -7.023488
1.692383 -6.512510 -2.466724 -6.417193 10.126177 7.935596 8.092518 -4.320500
12.505369 -23.973452 10.165555 -5.660243 8.722373 9.145912 7.826907 -4.435436
24.009648 -13.179004 10.103558 -5.009076 8.035328 8.092670 8.109873 -4.295136
18.568784 2.347069 9.869651 -4.819705 8.072317 8.043587 8.098564 -4.318975
15.551247 -19.473870 0.231806 -5.990834 8.228966 8.453097 8.104012 -4.324231
20.630283 -6.463804 17.874690 -0.654551 8.191107 7.887676 8.685276 -4.563072
-3.544078 -12.589139 13.384921 -3.113129 12.202076 7.718320 7.515439 -3.953321
-0.631945 -1.979607 14.144306 0.116367 10.432204 9.315714 6.910390 -3.232303
18.381558 -12.260555 13.604122 1.538657 1.448336 4.428994 9.011314 -8.645047
19.980808 -18.108688 3.226651 -4.822785 7.197199 7.927177 8.032964 -4.321962
-4.881005 -11.762178 8.073432 -6.026002 7.029427 8.014054 8.303094 -4.543747
-0.930475 0.663922 11.398291 -5.751585 8.647769 7.866181 8.579008 -4.295264
