-20.225295 2.827349 -9.354154 -3.463663 4.935393 -0.449207 11.979847 -0.554967
3.296279 5.698496 -17.176514 -3.153604 6.669318 0.413653 9.011596 0.533311
-20.644156 -2.239193 -4.654075 -1.999619 8.246933 0.479734 9.041705 0.367435
-12.531654 4.968593 -18.549809 -7.584778 3.304990 -0.299641 8.649013 1.360923
-15.920809 7.771615 -12.201908 0.604749 7.820883 -4.678424 9.151402 1.353928
6.711856 -0.466827 -14.705812 -3.033361 7.440720 0.610943 9.059771 0.857006
2.364421 -8.174976 -2.599914 -8.037933 12.283050 -1.545109 9.422828 -0.088053
-20.766418 -2.940434 -7.637995 -2.863063 4.402865 0.469146 9.054429 0.499338
6.611510 6.600616 -9.467378 -1.796143 7.399054 0.500734 9.659973 0.796392
7.734342 4.411733 -7.961263 -3.747729 5.809737 0.345377 9.409021 0.795265
-21.111639 -1.216199 -6.918830 -2.691957 5.934499 0.403470 9.076865 0.276996
1.458187 9.583313 -3.976012 3.517777 6.900941 0.604327 6.564722 1.257750
7.943282 3.231723 -7.076147 -4.941795 7.057221 0.227387 8.207680 -0.541132
-18.819656 3.708788 -11.594394 -5.318480 11.841362 0.771984 8.834837 0.607701
-20.959252 -0.925829 -5.084840 -3.026430 6.738652 0.410241 8.983935 0.495986
1.846220 6.252315 -14.662835 4.695251 7.053524 1.086022 8.773017 0.578519
-6.644731 -13.884277 -13.304938 -1.806402 7.578454 1.183349 8.356104 -0.651429
1.519818 -12.718840 -7.505895 -4.491227 4.863954 1.134011 8.921054 1.528367
4.656970 -1.323855 2.100610 -1.632151 4.589773 0.989660 9.460015 0.225059
-16.086000 9.434724 -11.333666 -1.680501 9.009445 -1.044678 9.806642 2.861581
-20.362151 -5.044728 -6.443451 -3.098835 7.182306 0.395413 8.977849 0.503948
-6.044256 12.266594 -2.786308 -2.053369 7.559046 6.488127 9.154257 -0.293839
-21.161529 0.240635 -7.231382 -3.034191 6.767230 0.409996 8.987703 0.497595
8.552979 0.342420 -7.560659 -2.737817 6.850165 0.247574 8.811088 0.507800
3.926360 7.182802 -15.254653 -2.232055 6.690673 0.401957 8.974713 0.501222
1.708236 11.068705 -2.366206 -2.885808 6.687582 0.400542 8.978450 0.505074
8.534038 -0.768615 -7.439754 -3.446556 7.574190 0.440402 8.749959 0.700595
3.484934 -4.356271 -17.712961 -5.525392 6.767969 0.301287 8.880705 0.288731
-12.728621 -11.209262 -1.754924 -3.085402 2.646157 1.637055 10.590731 -2.294691
-1.049040 12.538011 -9.361913 -1.544676 5.779182 4.172902 8.192349 -2.045379
7.979319 1.862837 -4.204528 -3.466731 7.616672 0.061441 8.577412 0.418900
-15.154639 -11.658985 -7.970988 -6.476032 6.479386 2.110413 9.142085 0.657055
