-2.216924 -1.577321 1.984122 -3.241838 -1.997573 3.053709 -1.534647 -3.067634
-5.499520 3.866811 2.225216 2.307099 -2.346599 9.719937 -2.144767 -0.406748
7.242422 -0.738191 -7.250241 -3.887294 2.148865 6.932574 -0.823864 -3.844371
-14.587504 -13.451384 -5.879802 5.006734 4.043067 6.888939 -0.443525 -3.065475
10.712558 -5.114542 -1.379123 8.194020 3.796054 8.102241 -0.333057 -3.146312
1.561816 7.435941 -9.102808 -0.224375 2.162153 7.149945 -0.498044 -3.293081
11.112655 -0.332858 -6.317099 5.520069 3.318566 7.759966 -0.860605 -3.111803
-15.318971 2.616836 -7.486392 7.149799 3.211526 8.481252 -1.019313 -3.023723
10.646862 -3.597950 -1.591196 5.612294 5.692807 6.313026 0.714681 -2.758181
11.383170 -3.508256 -8.615907 7.354338 1.981418 7.437766 -0.917921 -2.965081
11.724011 -6.334165 -6.203088 6.121351 3.842011 7.588320 -0.820761 -3.047152
-12.501248 5.026209 -8.824361 9.847956 4.484982 7.706230 0.051453 -2.843763
7.759930 1.331413 -2.473324 1.305568 6.119297 9.534117 0.921145 1.244081
-14.040381 2.851505 -11.587402 6.405157 2.260679 8.632880 -0.578240 -2.809150
-14.728358 3.754929 -5.876321 5.864114 3.619371 7.590470 -0.883169 -3.035208
-9.859210 -4.819528 -18.251926 1.055539 2.919012 6.793893 -0.919654 -3.073608
11.811940 -4.618107 -6.347482 5.853103 3.485992 7.836763 -0.791876 -2.998150
11.433073 -1.669923 -6.525621 5.629690 4.072168 8.447094 -0.088278 -3.284089
-13.877917 -14.247948 -5.255356 5.934542 2.101055 7.576480 -0.593459 -3.157313
1.075273 8.357035 -4.837297 8.084984 1.778270 4.117691 -1.487965 -4.039953
10.339828 0.555947 -3.367091 3.808133 3.558922 7.837113 -0.816749 -3.038011
8.048474 -9.248420 -0.064944 11.349640 1.447749 7.680791 0.001401 -3.104094
-12.266553 -11.759558 -7.765730 -2.956197 3.851612 7.444942 -0.979278 -3.058513
-3.312218 7.799624 -13.501550 7.682541 3.605657 8.132362 -1.411449 -2.953946
-13.930917 3.923085 -10.084020 6.901139 3.626190 7.683952 -0.486718 -2.881510
-17.399010 -4.672397 -7.289928 6.507349 2.541548 7.714458 -0.639580 -3.155755
11.801253 -5.371080 -6.444389 5.847881 3.707671 7.841140 -0.842697 -3.171183
9.901265 -7.062971 -0.765052 9.757744 3.529413 7.799692 -0.794089 -3.026832
11.269273 -8.597206 -6.810712 6.648074 3.769830 8.017786 -0.549126 -3.025764
-6.155135 6.991708 1.707159 6.220324 3.644388 7.825944 -0.832574 -3.032599
2.990507 5.593176 -13.516979 1.903825 6.180724 7.835151 -0.837181 -3.009340
