17.686449 9.433288 1.752584 -4.201577 -7.073187 -3.496974 -1.064367 0.569852
11.633488 9.334641 -2.968508 -2.328756 -15.664581 2.052605 0.302992 0.946242
-8.234880 9.645436 2.470308 -7.544722 -6.810152 -5.258912 -0.987811 0.441537
0.038570 -2.996979 2.682183 -5.827984 -7.714416 -3.259440 -0.973206 0.434734
7.728325 11.993323 8.147893 -5.640121 -17.657642 -7.399339 -0.985409 -0.079554
-5.489705 17.833795 1.146878 -5.410640 -7.846511 -3.313852 -0.975572 0.495454
-6.616378 14.316749 3.992553 -1.618664 -6.086912 -2.911752 -1.059356 0.471628
8.694271 11.032139 11.493926 -6.130469 -6.368612 -5.259785 -8.091152 0.810491
-8.592781 9.008495 1.733603 -5.083545 -7.563118 -3.323627 -0.974792 0.459579
-2.392900 19.360733 5.846008 -3.921091 -7.458866 -1.993307 -0.211031 -0.962690
-1.913904 -1.666804 4.840976 -5.794436 -8.176688 -3.023445 -0.933767 0.690505
15.320942 14.664452 1.860085 -1.268503 -6.986112 0.073649 -1.246859 0.544383
1.740897 20.298974 -4.641532 -7.816541 -7.106105 -2.942416 -1.236002 -0.079281
-8.555541 10.471753 1.772452 -5.569832 -7.771501 -3.322472 -0.975928 0.467339
17.673047 10.778538 2.288674 -5.792528 -7.690232 -3.328945 -0.974745 0.461270
-7.533253 14.294220 0.484303 -6.432876 -7.433929 -3.463239 -1.352836 0.178380
11.602763 14.976309 11.262990 -5.367276 -7.872797 -3.510216 -0.922955 0.423732
13.934519 6.393347 10.284182 -3.865771 -7.746435 -3.195612 -0.538926 0.747544
3.932680 5.636118 -10.991288 -5.494632 -7.661293 -4.012229 -1.050155 0.237436
16.497896 11.332045 6.580152 -5.366552 -6.011648 -3.159260 -1.555788 0.402204
-5.060549 1.839653 5.445054 -2.334633 -7.409831 -3.104906 -0.963412 0.495537
17.649723 7.553150 1.842023 -5.534113 -7.770687 -3.329031 -0.974307 0.461042
8.526643 -0.723996 7.519093 -9.977861 -6.255959 -2.887554 -0.951829 0.449526
17.377739 11.290822 2.761155 -7.762849 -7.655494 -3.324989 -1.109057 0.406383
-5.792359 17.090148 4.036677 -5.542863 -7.318486 -3.139308 -1.160157 0.186955
15.648906 16.452406 1.010360 -5.268822 -7.494496 -2.798698 -0.805175 0.584767
11.915866 3.328367 10.799804 -5.370817 -7.706692 -3.412360 -0.965003 0.434795
6.182404 21.019965 5.801889 -6.593683 -5.349085 -1.425763 -2.276030 -1.785936
17.042636 10.440774 4.282395 -2.885674 -7.127290 -4.207158 -1.159703 -1.084192
-4.474370 3.003619 7.766006 -7.301900 -5.979624 -4.603019 -3.136449 -0.724744
17.761493 9.000657 1.341571 -5.351908 -7.991322 -3.202320 -0.887705 0.463766
