-16.811443 -12.923945 3.136607 5.823867 9.011580 -2.780170 7.802332 -6.362009
-15.751028 -13.186068 -2.046121 3.069536 10.623107 -4.868938 5.100968 -8.604896
8.834642 -4.353115 -6.932366 5.224820 9.183500 -2.691556 7.748438 -6.232193
-8.300303 -0.067274 -9.546565 8.175550 7.704734 -2.034936 9.221774 -7.673092
6.373990 -16.716559 6.608776 2.830423 12.658765 -2.732559 6.668304 -4.927885
-16.418270 -12.205719 2.315277 1.392152 9.103375 -2.794062 7.796776 -6.348794
-3.389240 -17.825151 10.977293 6.551271 5.666614 0.272972 7.966234 -6.250893
-17.313156 -6.149295 2.093325 6.634469 9.000102 -3.080718 7.983023 -5.753363
-6.119455 2.940079 -7.764712 4.824768 9.059526 -2.917916 7.753925 -6.299343
11.069338 -9.360522 -3.064280 4.477839 10.257117 -2.276895 7.688929 -6.584549
1.463488 -22.700004 0.630206 6.070603 9.080771 -2.770659 7.798488 -6.354912
8.958912 -1.559925 -1.693909 4.061622 10.376175 -3.709199 4.774830 -5.966463
4.915509 -1.244878 -8.751683 4.782059 8.138944 -5.146098 9.510945 -6.795789
-17.654056 -9.582976 0.422879 5.869894 9.113368 -2.768939 7.796379 -6.340210
-8.265285 1.646310 -7.307921 3.560398 11.419297 0.016187 7.920072 -5.581032
-11.827347 -15.919847 9.709655 5.692173 9.163385 -2.534161 7.695093 -6.138528
6.111616 0.981357 -4.796948 7.025311 11.766144 -2.055435 7.401280 -6.500069
-17.469437 -6.587173 -0.725957 5.935811 9.109683 -2.790977 7.801121 -6.374740
-16.503875 -5.239025 0.309227 6.966615 4.686182 -2.962905 7.817938 -6.292556
-12.878308 -7.290608 9.488116 0.037037 9.237610 -2.899381 7.755734 -6.372884
-10.297773 -20.467257 5.362421 6.317757 8.678813 -2.797318 8.015669 -6.403793
-14.177266 0.750407 0.438579 6.177942 9.193852 -2.742479 7.926976 -6.383962
7.415138 -10.919651 -5.893693 1.095221 15.102683 -4.115965 7.743605 -5.754689
8.901329 -6.785411 3.836183 7.840107 4.978278 -7.307287 11.392707 -8.090603
10.047224 -12.088764 -3.564949 7.634551 11.248764 -1.647785 6.733971 -8.915119
-15.452302 -16.472334 0.139906 6.495873 8.942475 -2.549780 7.572454 -6.357318
11.509579 -9.344696 1.354016 5.915675 10.654418 -2.790529 7.891383 -6.636239
-12.083548 -19.144489 -0.902184 7.321553 4.923412 -1.689628 9.011199 -5.574555
-16.804061 -8.271115 -2.786793 8.867460 10.303836 -4.516685 7.158016 -5.991196
-15.373929 -9.410994 -4.959419 10.884501 11.584488 -3.616696 7.474479 -6.779786
-11.378812 3.243277 0.802236 5.886072 9.783287 -3.405886 7.402318 -6.451745
