5.649246 -4.091813 0.047016 3.230525 8.713571 8.795828 -4.747396 -1.206508
-9.720468 -13.205568 -0.179281 -1.223513 10.489701 8.960745 -3.126845 -2.875987
-15.270055 0.417533 -14.579172 1.787331 11.733941 6.805173 -3.081930 -3.649182
-22.771639 -0.155564 -0.739120 4.560603 9.691044 7.824902 -4.187731 -3.233965
5.474400 3.717888 -1.225656 6.997475 9.287788 7.965846 -6.416777 -5.623494
-22.572030 -2.643037 -3.523895 5.702378 9.147729 7.609965 -3.866506 -3.129178
0.675279 -11.128450 0.311254 1.406555 7.903473 7.829657 -3.817669 -3.082145
0.076852 12.068626 -3.187857 4.527019 8.156014 9.329047 -3.950865 -3.493092
-18.098219 -8.371628 -8.096050 8.487578 8.199236 6.888554 -3.033255 -3.504696
5.622942 -3.969760 1.471509 4.640271 9.317883 7.554064 -3.392265 -3.412572
3.505279 9.051785 -2.537953 5.082289 9.057687 7.376788 -3.739649 -3.099741
6.682106 -0.140941 -2.369444 4.658246 9.089969 7.826462 -3.782064 -3.136682
3.214114 8.591324 0.654279 6.746213 10.242695 8.594366 -4.257189 -2.993994
-2.865456 -12.580228 2.118212 7.456501 6.867008 6.768006 -3.429419 -2.090758
-18.638719 7.806515 -2.917166 -0.974489 9.903542 9.482286 -3.077625 -6.025327
-20.055337 -8.245296 -1.489742 2.160376 10.198229 8.428914 -3.748732 -3.336975
-16.312079 -9.282696 -9.460147 0.944259 8.663223 8.561227 -3.201596 -2.279109
-9.475057 14.607969 -2.916581 5.250171 8.688772 7.858056 -3.809568 -3.077289
-20.822528 7.213806 -1.895134 3.173272 8.286630 7.617370 -3.952617 -3.205808
0.469361 10.580382 0.430089 0.705535 9.721469 8.208929 -1.153128 -3.109077
6.680009 0.154303 -2.313505 4.607431 9.141712 7.830186 -3.798843 -3.024131
-3.087475 -7.946429 7.146314 -0.943230 12.047791 8.606424 -3.721248 -3.117333
6.658083 -0.124277 -3.201031 4.628747 9.106440 7.858745 -3.808277 -3.076657
-2.845814 12.805551 0.274230 0.620969 10.178926 7.904302 -3.789780 -3.077475
-22.354902 3.727948 -1.583669 4.396662 9.088438 7.839868 -3.812692 -3.077973
-22.794343 1.487525 -2.200206 4.709137 9.105490 7.850293 -3.812911 -3.079989
5.755556 -5.119357 -1.380133 5.034974 8.789110 7.812726 -3.877260 -3.097859
-22.847003 0.883180 -2.339661 4.696662 9.133671 7.869542 -3.865494 -3.045024
6.277714 2.015369 -0.416477 2.844924 8.888621 8.084064 -3.807536 -2.832227
1.939337 9.164208 -4.084964 8.952590 12.188650 6.702087 -3.258459 -3.384126
-21.414422 -0.140926 -7.446368 3.928837 12.516623 9.504023 -4.160553 -3.434364
