15.611919 5.244986 -8.488322 -0.301025 -8.152466 0.142205 4.062260 -1.935115
19.180260 -10.529307 -3.066493 -4.264926 -7.726345 1.193814 4.540051 -2.307356
3.752151 -18.079079 -2.773173 -0.271070 -8.461168 -0.701322 3.837836 -2.113133
1.976160 -14.187498 -6.351939 -6.906375 -8.574036 0.840393 2.655933 -0.480266
21.004311 -4.271491 -5.318069 -0.063015 -8.902459 -1.564177 3.852935 -2.052227
18.830550 -1.768612 -8.776523 -1.884681 -8.853622 -1.838625 5.294095 -1.816016
16.219372 -13.939205 -3.642092 -0.768646 -6.527820 1.186354 1.868036 -5.360123
8.950350 -14.906854 8.573817 -4.490489 -8.430707 -0.550636 4.953730 -2.608025
14.300578 9.198464 -0.045009 -1.100437 -7.792304 1.312743 3.412954 -1.918107
18.996584 -5.753146 7.651858 2.423330 -7.672373 -0.597642 5.709811 -4.233714
21.893630 -3.523542 -0.734298 -0.362684 -7.043451 -0.908465 4.466731 -2.355956
-1.858263 -10.947638 -5.955166 6.068765 -8.360706 -3.337468 1.889978 -5.098456
9.986180 8.589205 -8.212082 -0.313364 -8.428388 -0.886102 3.864806 -2.062562
19.854137 1.997057 -4.735625 -0.466762 -6.227889 -0.410599 4.826698 -2.553563
-0.056770 -16.862275 1.042546 -0.288067 -8.420678 -0.945836 3.788786 -2.277198
15.216867 -15.578349 2.877616 -2.523852 -9.468457 -1.101704 3.750920 -2.256583
-7.757886 -1.051406 -0.515656 -0.292507 -8.993200 -0.481510 3.869157 -2.105799
-7.895318 -3.882279 -0.873547 -0.730962 -9.088649 -1.330804 3.839998 -3.452494
4.572925 -18.323216 0.782463 -0.132547 -8.584481 1.148805 3.833656 -2.199253
19.758408 -10.642738 -3.752951 -0.390557 -8.334823 -0.845740 3.880405 -2.074367
17.986073 -13.521550 -2.619049 -0.886659 -8.428644 -1.329344 3.925951 -2.189203
-7.065318 -2.275581 3.832477 -2.033081 -6.342755 0.791853 3.605040 -2.590286
-6.862025 -6.300805 2.403030 3.953293 -9.727510 -0.840440 3.889354 -2.091607
13.805029 5.841720 8.049813 1.713116 -9.458904 -3.378983 5.834959 0.096747
-7.215637 -8.394268 0.510453 -0.958980 -8.491427 -1.035689 3.743561 -2.119981
17.695889 5.870785 2.979026 -2.070269 -7.978665 -3.088681 3.615336 -2.775604
-7.730393 -6.159513 -1.394553 -0.387386 -7.957579 -0.328119 3.494121 -1.827638
-1.817630 2.707627 9.406019 -3.728435 -7.170018 0.764440 4.202846 -2.172095
6.652318 8.771779 0.655239 -8.390337 -9.947419 -1.626580 3.957150 -2.483654
20.937215 1.194817 -1.174132 1.970971 -8.825656 -0.717485 3.929564 -1.999692
21.925905 -3.021395 0.936618 -0.438315 -8.374236 -0.774344 3.887554 -2.121903
