18.312857 -9.908364 2.030928 -1.783808 2.820550 3.713985 0.336222 6.083294
21.214243 -2.940526 3.324642 0.198534 -1.782066 2.214654 0.579434 -0.118929
20.159488 -10.869563 0.807485 0.874731 -2.364877 3.187160 0.922394 -0.305740
16.144570 5.390206 6.377215 -1.024380 -1.279754 2.552935 0.682167 -0.114476
3.748508 -19.180314 7.666752 0.190270 -1.053359 2.350306 0.562647 2.352636
-4.355090 3.851018 2.913202 -3.120629 -1.230682 1.785130 2.537292 1.536181
10.032322 -18.939719 6.518431 2.657256 -0.303199 3.950965 -1.359016 1.905547
19.209764 -13.270725 3.127028 -0.268587 -1.365654 2.418822 0.637334 -0.089850
0.237007 1.429515 8.848717 -2.041448 -1.793746 -6.707346 -2.336629 2.057754
21.010143 -3.048348 3.191419 1.774842 -3.130861 1.204381 0.245814 -0.080900
-8.300664 -5.373853 2.743576 2.159398 -1.011334 2.715549 0.985434 -0.382451
-7.805268 -2.358135 0.361697 1.417068 -1.317848 2.366635 0.632332 -0.086711
13.190031 5.217097 2.221635 -4.406576 -7.842276 2.953778 0.646543 -0.082281
-5.221834 -6.311147 -3.326121 1.815930 2.441445 -2.641769 0.767741 0.017807
7.965577 -10.382243 -8.056351 -5.668012 -2.721029 4.940632 -3.878524 -2.842089
-4.068991 -14.414554 -1.395686 -2.840032 -0.682872 2.577295 0.703548 -0.112802
12.577091 -18.828833 0.812238 0.757232 -0.719029 2.799876 1.572826 0.332794
16.558755 -4.250258 -7.597290 1.432767 -0.723061 4.131864 1.718698 -0.395220
2.563652 -5.190307 6.100222 -13.200620 -2.122944 0.216887 2.801101 2.223972
14.551275 -11.668974 10.705575 5.979747 -5.718874 2.400394 3.963953 0.717628
18.290672 -12.582248 -2.002642 -2.297981 -1.106321 2.485939 0.659072 -0.101880
18.166035 -14.416272 2.935530 2.136497 -1.183861 3.754496 -0.491482 -0.578291
12.271155 6.133119 0.953852 1.037085 -8.460871 3.247622 1.289642 -0.230316
-7.115616 -6.732345 9.085042 0.292465 -1.049181 2.090301 0.627036 -0.198741
9.367540 -2.152943 2.313855 11.685218 -1.241490 10.332948 0.791105 3.416683
1.535893 0.814182 15.559158 1.435658 -2.971531 1.671403 0.692705 -0.150533
14.761625 6.475752 6.520776 1.077173 -1.579911 2.106653 0.297231 0.215898
18.616242 3.280952 3.047840 0.265078 -1.490825 2.444437 0.666636 -0.133426
5.102103 -15.744618 13.776806 -0.318710 -2.291125 2.293134 0.607828 0.356929
5.731071 1.013269 -5.973579 9.439631 -2.583839 -0.226835 -0.880791 -2.121366
20.002387 -11.290616 3.881647 -2.082732 -1.926068 2.454574 0.652874 -0.105920
20.345853 -9.736390 4.140806 2.758276 0.756091 1.370411 0.708975 -0.173230
