4.879296 -8.407502 7.864640 -3.038361 4.319425 1.983794 4.042806 -8.642157
-19.793616 -14.594554 11.214565 -4.185685 3.855404 2.112974 4.077762 -8.636902
5.310189 -4.460007 4.592714 -3.288278 4.033221 2.250749 4.032676 -8.641891
5.369583 -5.610330 5.442914 -3.687219 4.033530 2.177422 4.039692 -8.647233
-18.434819 6.233075 5.398263 -3.322782 3.853828 2.178030 4.043664 -8.642475
-10.465037 9.089680 4.073322 -2.636966 3.726810 1.467365 4.167617 -8.210245
-13.761884 -10.058679 17.170777 2.580801 1.781316 0.399740 4.330021 -8.311057
-3.964634 -17.207803 -1.592694 -1.823956 1.099615 1.702305 3.585057 -7.961997
5.368213 -6.162234 5.226573 -3.274207 3.872652 2.156844 4.041250 -8.611575
4.603372 -7.145201 1.953476 -0.992229 5.343974 0.928782 4.058693 -8.328167
4.089616 0.322628 4.924698 -3.570555 3.298604 2.577499 3.908166 -8.725184
-9.903670 -17.542842 -1.444272 2.629137 4.166423 2.122712 3.982681 -8.566364
-17.382946 5.274434 4.620356 2.921714 4.345527 2.242409 4.050516 -8.563790
-24.321543 -6.287511 5.328780 -3.746685 5.064889 2.021814 4.014283 -8.554313
-24.291295 -7.372768 5.081075 -3.263873 3.800314 2.135200 3.905460 -8.609270
3.042818 -11.928497 0.704574 -4.267090 4.840398 1.431893 2.747279 -8.611928
-1.012603 0.900216 7.778550 1.787850 9.881002 4.332352 -1.285641 -6.536263
3.010279 -0.658032 11.531864 -2.850122 3.881838 2.231232 3.632634 -8.529361
-11.608923 -14.434816 -4.131053 -0.972768 1.464014 -4.151345 3.523260 -9.339888
3.956880 -7.780139 -0.669310 -3.826022 3.739872 2.262113 3.518503 -8.487162
-13.643138 -8.864549 -0.457435 -15.008903 2.615170 5.747293 1.258685 -6.977197
-10.175518 -19.436606 9.395314 0.330281 4.411278 2.514493 4.560750 -9.437318
-13.961269 0.791041 0.025790 -9.607235 6.127358 11.111285 1.428444 -7.603934
1.574187 -15.584160 4.608581 -3.310685 3.567449 2.124699 3.984162 -8.697750
-3.636182 0.311881 17.534053 -2.789489 4.392144 2.425699 3.763264 -8.673416
3.774520 0.994683 4.614149 -3.181436 4.194510 1.979260 4.095705 -8.452164
-1.700407 3.657040 13.671952 -1.803102 3.127777 2.170911 4.042189 -8.639473
-20.517651 -14.588473 6.253480 1.104732 4.253509 2.514163 4.169224 -8.725957
0.318834 2.500848 9.585258 1.520331 7.861731 2.145377 3.865414 -8.681219
-18.676809 -10.281547 5.062349 -7.931554 11.100030 -2.535418 5.568290 -4.410195
5.332276 -6.717795 4.958567 -3.618683 3.983615 2.327595 4.031942 -8.647046
-24.210147 -7.920532 4.743098 -3.326834 3.816759 2.298092 4.112545 -8.669942
