5.725095 -1.479882 -1.206352 -5.392703 3.110185 8.570685 -5.499169 9.302139
-1.371274 2.342170 5.363362 -12.004019 7.600919 6.781320 -5.385161 9.202897
2.315356 -5.829890 0.136977 -0.259977 1.281853 7.556092 -5.534704 9.721056
-7.769053 -12.201374 -7.267566 -3.703791 3.333795 8.649038 -5.466652 9.230499
-14.623033 -11.147414 -5.665790 -4.187979 3.573788 9.166590 -5.562211 9.107472
3.985344 5.582545 0.781174 -10.654673 3.473213 8.813359 -5.019276 9.476489
-10.471314 14.756314 -2.773108 -13.244672 1.395188 8.867898 -4.587937 9.042066
-23.778459 3.514325 -4.766307 -4.861955 2.669628 8.369445 -5.371584 9.194429
-23.767728 2.733609 -5.132876 -4.702832 3.835128 8.590503 -5.314657 9.233998
-7.587737 -12.391224 -4.113661 -3.716001 4.207488 8.894082 -5.463242 9.120869
5.917004 5.637198 -1.879110 -6.684273 1.084282 9.392832 -5.606041 9.154117
-15.999263 -2.206379 -16.504128 -5.537948 4.976244 7.090887 -5.374757 9.860946
-1.390923 -9.214790 -7.193553 -1.558627 6.362931 5.371497 -4.924376 8.032511
-23.794179 2.328519 -4.302418 -3.840669 3.009912 8.284574 -5.381514 9.456046
-4.169269 -6.961240 2.243937 -4.536185 10.264944 10.424122 -8.187636 12.228703
-17.777491 0.767581 6.750792 -7.175811 0.506108 7.607315 -6.833142 9.040326
-18.902512 13.766800 -2.390323 -3.888411 1.933592 8.633310 -5.327856 9.060984
-23.628162 2.619948 -6.432496 -4.682314 2.043865 8.200389 -5.663462 8.419295
2.442552 -7.838601 -4.896566 -4.263996 2.939409 8.616515 -5.374232 9.206822
-23.791943 2.828403 -4.445817 -4.379896 2.930587 7.960109 -5.557384 9.648126
-0.064049 5.857672 -14.626810 -10.623863 3.034123 9.279076 -3.397501 6.968243
-20.250317 -3.322046 -7.473024 -7.579944 8.249693 8.992394 -3.577948 6.488445
6.441072 -0.100052 -3.483733 -4.216579 2.673711 8.623320 -5.413446 9.202562
-22.965645 -0.149340 -0.952688 -2.377431 2.371915 8.710892 -5.002810 9.260208
-13.962511 13.471393 -13.980086 -4.412434 2.816305 8.542273 -5.398720 9.171467
-18.021553 14.738666 -3.831821 -4.339585 3.505533 8.383470 -5.417020 9.227843
-3.842168 12.356305 -5.822989 -14.549343 4.421302 6.718165 -4.702345 11.725263
-1.207816 14.173879 2.601565 -3.938648 2.751920 8.665010 -5.370420 9.202883
-19.485545 11.175891 -6.996882 -0.186778 1.831343 6.068086 -8.935579 9.081235
6.068715 5.259966 -3.050143 -2.524315 3.324844 7.588318 -4.572078 11.933410
-16.051310 15.710898 -1.337903 -4.046160 3.172515 8.953508 -5.377282 9.194145
