14.784999 13.895649 -11.874138 6.299144 -9.709686 2.358636 -8.594705 -9.947059
-12.036811 15.794175 -7.279204 3.625894 -6.820790 2.216234 -7.930776 -10.119564
15.223317 5.191302 -12.426363 5.142623 -9.356710 2.621212 -8.405467 -9.980018
8.022676 12.307488 0.740583 14.347765 -9.832128 2.164598 -8.454866 -10.045732
12.562426 7.704406 -11.018827 -2.919704 -11.753028 3.847805 -7.235790 -8.918230
1.682907 -6.532331 -8.140611 5.771808 -10.455064 2.810798 -8.340617 -10.002585
3.975848 19.918595 0.615473 5.375647 -9.450371 2.240683 -8.207821 -10.350959
15.511938 12.527225 -9.217817 5.980618 -9.315903 2.498816 -8.396543 -9.970662
-8.035298 21.006310 -9.326523 6.445740 -9.300207 2.602880 -8.394377 -10.080482
0.828373 20.905134 -13.037577 -0.572475 -10.809325 6.951430 -7.428731 -9.628003
6.678396 22.657095 -9.097893 5.990554 -9.427389 2.604139 -8.405318 -9.993442
-3.351581 21.138905 -2.170209 4.249096 -10.177176 3.303969 -10.899246 -10.479271
-5.481439 1.338477 0.664417 11.721101 -7.416248 3.381355 -10.139327 -7.738271
-7.861963 14.248136 -16.483755 -2.202933 -7.899597 1.834160 -8.277109 -10.016266
15.959304 8.205021 -7.999120 6.426111 -8.677792 2.805876 -8.279612 -9.824508
-12.631472 13.982814 -7.011613 1.876917 -8.067294 2.405063 -8.591584 -10.121546
15.964594 9.676262 -9.586217 5.678427 -8.995881 2.997129 -8.224998 -10.129583
-11.246485 9.137160 -3.576091 0.610145 -5.216252 3.171105 -11.367561 -11.168378
9.988259 13.357901 -19.057849 9.254303 -13.030100 2.976982 -8.388183 -10.775225
-10.242715 8.486864 -18.227941 1.483219 -7.983618 4.330155 -9.128319 -9.704414
5.369144 22.926511 -10.741475 6.018535 -7.636287 2.776960 -8.520426 -9.883350
-12.510227 10.316726 -9.930058 3.349639 -6.941549 6.699720 -4.540426 -7.399222
-6.071365 19.978655 -5.141297 7.647186 -15.520310 2.623956 -8.441875 -10.348394
-14.420817 8.241841 -8.877508 6.356187 -8.963063 2.706696 -8.423244 -10.006726
-13.737960 12.793740 -8.849721 7.265783 -10.667032 2.607161 -8.373988 -9.953021
2.890478 -4.484224 -16.388329 6.704188 -10.208173 1.589123 -8.549532 -9.872051
6.325880 20.552494 -5.371301 12.495964 -10.848080 2.512014 -8.605921 -9.164725
7.853569 2.635940 -10.464213 -5.069917 -9.188004 -0.248954 -8.681104 -6.250678
13.645910 2.130093 -8.394464 7.183109 -7.317336 5.981565 -10.356784 -11.879476
4.511788 13.831974 -15.073937 -3.411685 -11.636754 10.416420 -8.941400 -10.377765
11.385168 -1.254338 -6.427635 2.149759 -10.407396 2.383214 -8.451363 -9.948745
