4.125524 -14.972489 -11.271401 7.338737 -2.836204 4.852021 3.178954 4.484662
4.833323 0.905307 -8.352062 6.128749 -2.620847 4.766112 3.197638 4.354375
-20.462012 2.766285 -6.096085 4.263288 -2.657514 4.742035 3.144171 4.357269
-22.838203 -10.832806 -5.741798 1.586248 -2.306136 5.251090 2.757738 4.337547
-13.669218 6.436401 -1.044404 6.490026 -2.611971 4.797547 3.207766 4.394890
2.582141 -16.749722 -11.655377 4.440580 -2.717072 4.983980 3.070953 4.290266
6.625692 -5.508201 -4.040105 5.352792 -1.371091 4.428101 3.278936 4.887466
-16.882216 -17.416155 0.433128 8.181801 -4.619569 5.907039 3.028754 5.054890
-23.865928 -9.353461 -5.644513 5.877504 -2.581166 4.784480 3.206018 4.398186
-8.173285 5.888590 -15.639538 6.769839 -2.033671 5.389699 3.456088 3.891471
-20.161648 -0.820316 -15.277795 6.200763 -2.225756 4.791220 3.247691 4.294728
6.952296 -8.886741 -7.261554 6.150268 -2.583560 4.748931 3.179457 4.350811
-0.512776 3.098085 1.537039 7.786827 -2.789576 4.545800 4.123115 3.723082
-0.643256 -19.157919 -1.288789 5.301962 -2.104931 4.723968 3.280644 4.487093
-18.854529 1.098103 0.630465 9.370033 -3.552537 4.775809 2.600292 3.419824
-22.639337 -5.430959 -1.409144 9.322365 -2.953166 4.806480 3.158477 4.346197
4.701040 -0.111559 -3.361522 8.527891 -1.488620 3.960861 3.228459 4.375460
2.050341 -17.587381 -3.473257 7.651598 -2.834689 6.306411 2.935677 5.972657
5.967083 -9.278075 -7.480415 10.373369 -5.699624 4.050572 2.983668 4.071119
-14.094681 -1.757800 -1.153419 6.806152 -0.725220 -7.269482 2.218366 4.628641
-13.962393 -21.148769 -3.315965 6.536003 -2.638426 4.837909 3.171687 4.341791
-24.095177 -7.430318 -7.030115 6.070198 -2.873590 4.812782 3.199323 4.353980
-18.809411 -3.779740 2.887437 6.204753 1.114882 1.289657 1.562467 5.001825
-22.381542 -9.813416 -12.665851 3.246810 -3.282923 5.166996 4.327821 4.212786
-23.445272 -4.444531 -9.825327 4.048895 -2.512815 5.151332 3.026688 5.144226
-21.280840 -15.571593 -9.592363 6.336815 -2.715298 4.720927 3.116782 4.304375
-14.888128 -20.898770 -9.275779 4.153054 -3.047314 4.765666 3.249991 4.477889
-20.049725 -15.795006 -8.601071 4.617975 0.824999 4.215552 0.196991 6.957013
-23.818452 -9.556284 -7.136156 6.658060 -3.701507 5.080466 2.379641 4.754677
-10.417729 -11.932346 -21.332004 3.622795 -4.039817 4.114490 3.360752 4.694915
-16.804240 5.820945 -5.534206 8.310459 -3.190363 5.975297 2.769631 3.414153
-22.938327 -3.277880 -7.060416 9.519663 -4.518703 3.298928 1.185647 4.399513
