-22.364119 -1.276909 4.226413 -4.081422 7.945105 -3.964222 0.577029 -5.603131
-15.587947 -8.835254 3.171467 -6.449882 6.568831 -4.015531 0.976784 -4.468123
-18.531899 12.160362 10.945193 -7.976575 7.766990 -3.951119 0.570374 -5.613910
4.597973 5.377099 -3.484170 -3.897567 8.069355 -3.971329 0.623928 -5.585836
-9.847972 -8.747062 12.222586 -4.742568 4.575499 -3.939166 0.489151 -5.711539
2.138132 -7.269006 5.684163 -4.636105 7.990106 -4.379937 0.851072 -5.513371
-12.944241 14.972899 -2.777431 -6.161075 11.031405 -7.404989 0.757824 -7.134050
4.468996 -4.601854 4.086397 -4.683657 7.875840 -4.004403 0.572498 -5.560101
-14.779605 15.693708 5.831316 1.513043 4.596335 -5.761316 1.993455 -5.969009
-20.150592 4.518856 -1.018866 2.468206 10.299488 -2.727988 -1.223478 -5.090599
-17.313200 -8.088873 4.479633 -2.746713 7.599818 -4.061419 0.535827 -5.236048
-9.583354 15.353290 6.012762 1.079463 5.849279 2.306877 -4.477907 -4.199036
6.154609 -0.487194 7.782420 -3.771656 7.900150 -3.886443 0.665322 -5.597408
-5.142513 18.826530 4.921913 -4.597526 7.962305 -4.069860 0.566895 -5.608541
-21.491206 11.092267 4.557571 -3.747354 7.940932 -3.966436 0.586367 -5.585823
6.444321 6.585484 2.741535 -4.625919 7.584617 -6.848556 0.534764 -5.579630
-15.667411 15.275773 -1.853929 -4.740936 8.449353 -3.916162 0.610711 -5.582651
5.862891 1.795714 -0.836819 -4.369306 7.279715 -3.956675 0.663068 -5.559134
-22.399271 2.500605 2.652347 -1.773234 9.561312 -2.910236 3.485797 -7.325030
-23.280520 3.824455 5.267490 -4.243910 8.042890 -3.987517 0.576487 -5.585192
-23.183441 5.489239 5.442108 -4.151566 7.939786 -4.278617 0.751642 -6.051124
7.067585 5.212743 4.711192 -3.919943 7.987424 -3.996948 0.624328 -5.580990
4.614144 10.403437 7.540905 -8.463929 7.811997 -4.000618 0.464677 -5.617561
5.873956 -2.071749 4.677015 -4.226754 7.334532 -3.961646 0.583699 -5.591548
-14.520678 -3.181199 -3.612436 -8.639125 5.700421 -1.159335 -5.070993 -6.996576
3.261802 9.073937 12.538887 -7.515928 7.283802 -2.684144 -0.223625 -6.149225
-1.533206 17.033354 0.914788 -2.745984 8.067507 -3.874951 0.613187 -5.654314
-16.817170 15.749578 2.044047 -4.934005 8.133227 -6.247006 -0.604544 -5.483398
-23.246365 4.752685 3.960895 -3.969059 8.038474 -3.895263 0.630123 -5.563549
-21.810724 10.179630 3.166018 -2.998327 7.605490 -3.979387 0.694135 -5.665596
6.466769 4.397001 5.299040 -8.237975 7.421764 -3.631324 0.922282 -5.982292
-22.818873 0.162474 4.901649 -4.038764 7.982652 -3.964643 0.583855 -5.590881
