-9.041843 -6.179028 -10.306856 6.419666 -6.323348 5.868960 3.781726 1.096416
-4.075988 -3.334011 4.442631 5.917106 -5.340069 6.514908 4.908240 3.025301
12.979401 9.532243 -7.513430 0.672739 -4.354616 5.247235 5.285624 1.566290
-12.331959 -1.151247 -6.650632 0.529467 -4.396430 5.155725 5.256017 1.606765
0.894047 -13.433812 -13.225851 0.708077 -4.639125 5.212888 5.265238 1.594135
4.530867 -12.994093 -5.103854 5.707267 -8.504515 5.264347 5.266366 1.584078
3.426952 14.055333 -8.326171 2.095569 -4.503440 5.191954 4.420214 2.039004
1.190891 -12.387240 -13.005390 -3.393993 -1.186943 6.967605 5.780649 2.355563
16.811468 -0.219012 -6.944728 0.502220 -4.254138 5.297519 5.206453 1.585308
16.288628 0.181044 -10.756636 1.410165 -4.460209 5.392832 5.335277 1.467410
4.955716 -14.635874 -7.274780 0.531413 -4.341921 5.189845 5.426595 1.630146
11.526113 6.246913 -1.995061 7.197362 -8.135969 4.804289 5.172582 0.975520
7.492576 -13.519486 -4.354104 -0.673352 -3.761989 4.061428 5.220103 1.565226
-10.403344 -1.049448 -0.016904 -0.476145 -2.940762 5.680818 5.361943 2.295536
-11.951528 -0.756323 -9.386405 3.022540 -4.370240 5.298295 5.280778 1.594321
-12.253002 -1.384190 -7.402485 1.833215 -4.132969 4.848715 5.285253 1.729250
-8.358295 -10.297005 -6.306044 0.762483 -4.965239 4.882091 5.384293 1.715732
14.838694 -4.674875 -1.176440 0.007626 -4.123627 4.814843 5.482190 1.638080
3.556674 1.039804 0.913869 1.957339 -4.598456 17.261671 5.170251 0.380160
-6.422606 -11.732064 -9.635465 0.113273 -5.012840 5.348053 5.329885 1.683340
12.312223 -6.031237 -9.661707 -5.400439 -1.100572 2.323702 9.201960 1.124559
-10.910900 -2.736967 -12.629632 0.725837 -5.990633 5.240827 5.576231 1.368261
-5.929179 -12.181422 -7.775597 0.507132 -5.429170 3.378711 5.254680 1.449449
-10.509037 5.763840 -3.435346 1.579827 -4.436355 5.290614 5.282797 1.598358
-7.324642 5.501697 -2.009500 3.142208 2.284697 7.350177 7.791656 0.553568
13.560862 8.002864 -10.868450 1.101802 -4.419429 5.299415 5.280497 1.595271
-12.245071 0.630641 -8.507800 1.053211 -4.313421 5.399242 5.281027 1.593905
-0.590327 -13.825788 -11.464576 -0.281060 -5.469821 5.370187 5.906815 1.585824
-4.149773 -12.266082 -6.946770 -4.097974 -7.082569 5.417782 5.423510 1.653758
3.270729 7.621167 -17.572700 4.215626 -1.405995 2.940339 7.146690 4.026226
-10.789425 -4.089210 -8.711286 -4.144710 -4.920105 7.153564 5.503478 1.704334
16.799914 -0.712056 -7.470283 0.655809 -4.367195 5.278294 5.281013 1.595356
