15.695229 -12.293482 -2.116209 4.507900 6.579787 8.531437 -6.932819 -0.358135
16.589101 -5.069967 0.167648 0.523178 6.749781 8.435470 -7.010956 -0.106165
3.210630 -19.357833 4.756452 3.049915 2.560590 8.103278 -8.253311 1.164181
-13.558765 -1.321606 0.063820 5.203640 6.394426 8.681140 -6.843509 -0.347356
-13.309450 -1.269849 -1.092293 3.393453 4.235110 8.649462 -7.073351 -0.407607
14.499865 -7.799183 2.653754 5.013166 5.625994 16.608691 -7.053363 -0.273237
-14.153881 -5.523126 -0.604180 5.123423 6.488594 8.669172 -6.965277 -0.353818
7.077520 3.450178 -9.379796 4.513277 2.408734 15.353083 -7.576591 -0.960563
-13.900422 -7.847034 -1.175137 6.070676 5.653931 9.515732 -7.212882 -0.261750
16.488131 -9.937431 -1.182317 5.336749 8.663343 8.449641 -7.307778 -0.651519
-9.340829 -3.136183 10.327807 5.251682 6.547289 8.566760 -6.927307 -0.463929
-13.077991 -7.130855 -1.353829 0.838309 9.824863 8.947496 -7.036654 0.041925
-13.254172 -4.994692 1.994626 9.368102 7.435297 9.164786 -7.005638 -0.486463
14.383108 3.570113 -1.298721 4.975233 6.155893 8.753533 -6.839525 -0.680282
-12.144771 1.579600 -2.911252 7.035202 6.609083 8.696463 -6.877835 -0.459116
-3.135239 9.242549 0.746716 3.245576 6.480136 9.597478 -6.983763 0.378924
-3.975801 -2.595505 9.460335 11.643531 0.132779 6.438111 -10.068472 -2.942478
3.793513 -18.442867 -9.396280 4.637306 6.744363 9.362857 -6.963965 -0.249001
-13.976649 -3.410344 -0.207587 5.957147 6.453045 8.600064 -6.966368 -0.373408
-5.964120 7.899776 2.410586 5.578347 6.550712 8.622111 -6.980556 -0.359509
-9.618911 -14.089904 5.985681 5.960365 4.743415 8.461084 -6.984215 -0.371217
3.060672 5.640429 10.144997 4.063043 5.499154 8.407685 -7.061568 -0.284277
-7.072287 6.142041 3.497439 8.215049 6.496659 9.042471 -5.277607 1.988861
-3.994083 -7.384983 9.686223 -2.848958 0.849587 5.435887 -7.181215 -0.581902
17.144612 -7.388300 -1.967570 5.067369 6.413266 8.669745 -6.956360 -0.375713
17.303062 -5.559076 -0.771086 5.061796 6.433961 8.666463 -6.949239 -0.367239
1.539707 8.772236 5.442194 7.184919 6.034015 8.729858 -6.959258 -0.326386
13.272434 -15.898705 0.945116 4.605136 6.492644 8.678394 -6.959218 -0.375942
16.848483 -8.604233 0.594858 3.385567 6.293256 8.627447 -6.946961 -0.252172
-2.949244 -15.841057 9.674908 7.288351 8.417168 8.785691 -6.049761 1.190200
12.655537 -2.165845 3.570686 1.947273 -2.796487 8.829422 -6.851424 -0.447668
7.323844 -4.717817 -2.857916 19.130457 3.778698 9.825313 -5.409605 0.524653
