-8.730844 -5.621611 -0.414397 -3.313443 6.276427 2.263922 -7.841006 4.909322
1.172716 -7.750923 15.309401 4.895154 15.642108 4.079330 -9.768296 4.428209
12.975053 -5.130814 13.463311 2.570502 4.881110 2.158679 -7.796401 5.545479
10.880723 -0.245685 13.489479 -1.013413 5.399550 2.462533 -8.066000 5.657139
1.063342 -7.043328 -2.211310 3.049988 -1.605603 3.720545 -9.101274 2.463578
-9.898151 -4.128785 8.838862 -3.693362 5.434250 6.560981 -4.843626 0.503931
10.778693 -6.827953 10.222635 -1.457916 3.221730 -1.610404 -12.254938 -2.096317
12.797571 -1.594411 7.262923 -1.498207 5.297379 1.799621 -7.493226 4.760267
-12.664026 -9.786931 7.336050 1.211912 5.731466 2.627325 -7.732330 4.975255
11.217557 -12.448780 14.891049 0.435705 10.226668 1.951289 -7.336838 4.081132
6.821695 -8.186100 18.361240 1.076872 -1.274608 5.399949 -7.079422 3.582041
6.541995 0.137321 17.985680 -0.135213 5.531174 1.848451 -7.482969 4.727767
-12.600323 -5.355268 8.841096 -0.228207 4.438361 2.365235 -7.516672 4.853605
4.677430 -18.588865 13.039180 0.605936 4.132614 8.117137 -5.486788 3.056338
12.292787 -14.047386 4.914022 -3.127195 4.144247 3.344644 -7.748076 4.565218
-11.484980 -7.260540 4.560464 -3.494982 2.280533 0.992605 -8.455456 5.104073
-4.727648 -15.284677 6.422003 -1.146638 -4.019715 -2.179548 -7.151484 5.324951
13.346969 -7.771441 10.105693 1.878413 6.747650 -2.974754 -7.206605 3.932844
12.941019 -8.344589 15.235096 -0.395576 5.309447 1.843739 -7.482681 4.728098
3.981886 -8.423286 17.380653 6.237687 8.845645 5.672348 -9.207313 10.151758
-12.887615 -7.005169 8.820345 -0.270439 5.276321 1.812173 -7.478817 4.697710
-6.072692 -15.488852 9.907219 -7.438932 5.503826 8.020645 -7.355737 4.361857
13.282009 -5.024459 9.256369 -3.982567 7.855581 0.023700 -7.258821 6.105260
7.470078 3.503533 8.843731 2.467659 5.205832 1.368661 -7.538413 4.753273
-10.251864 -0.537919 6.356365 -0.276109 6.734406 1.262105 -7.135724 5.152604
-11.107153 -1.618778 6.737077 -0.285045 5.206526 1.834358 -7.474651 4.737696
-9.232252 0.948158 9.704579 -0.788680 3.557664 1.659855 -7.460532 4.785121
11.010929 0.820778 10.451596 0.686634 5.301259 1.414684 -7.690259 4.522937
-12.170254 -9.610099 9.531249 0.561619 9.421161 1.463195 -7.595291 4.707264
-12.487343 -5.967659 10.795052 0.651289 4.287029 2.522583 -7.451861 4.750313
9.387728 -4.557919 14.735646 6.019307 0.312820 1.568097 -7.631916 4.821909
13.997770 -4.368957 8.953953 -0.212248 6.025205 1.067246 -6.639231 4.469498
