1.228469 7.856260 7.516179 -9.375822 2.127565 7.444847 -5.136222 -8.256733
-9.666166 1.792515 -0.815165 -6.285641 1.638500 7.491372 -5.122759 -8.245334
17.346977 1.111695 -1.629290 -6.101971 0.798218 8.944574 -2.376691 -8.709789
15.354732 -9.433645 -4.366974 -0.570743 0.246994 5.809281 -5.639855 -8.275870
14.071456 -12.872311 -0.818225 -1.264936 3.300332 7.209756 -5.090818 -8.982407
-10.619704 -4.412008 -1.614148 -7.617795 1.411670 7.327848 -5.162341 -8.148914
9.786499 5.939970 -8.724033 -9.524835 3.672525 7.515000 -3.409127 -7.331095
17.901229 -4.082371 -4.333307 -5.978129 1.448794 7.837893 -6.874347 -9.540713
14.087911 -13.229966 -3.555191 -2.830388 1.666506 8.088031 -5.477466 -8.320422
3.133211 6.724758 9.697928 -6.831922 1.757650 7.873433 -5.076635 -6.970965
10.289057 -14.328185 -2.751308 -1.492532 -3.943495 6.141408 -4.751230 -6.565746
17.954419 -6.617501 -1.396036 -3.783207 0.249758 8.769407 -5.211840 -8.308683
-6.771286 2.851633 -7.898894 -4.754893 1.236164 7.531110 -5.334044 -8.043612
-1.879369 1.610014 1.223808 5.922320 1.828132 5.983883 -5.296485 -8.209430
-6.101969 -12.448439 5.169693 -6.127372 1.555425 5.013572 -5.947397 -8.029294
-9.241891 -8.316065 1.722379 -10.221579 1.454478 7.070852 -5.056332 -8.361588
-4.912579 -14.790357 1.605799 -3.171021 2.009670 7.359861 -4.316791 -8.613863
17.085853 -5.921211 3.387711 -1.928101 2.654535 6.096653 -5.790972 -8.635462
8.396588 5.500697 10.009186 -5.543629 1.458250 7.383769 -5.093847 -8.369666
5.162517 -8.521220 11.070963 -4.343303 6.150201 2.351909 -3.603877 -6.323621
0.322750 -13.299781 -10.926220 -6.334982 1.867778 8.276473 -5.412672 -8.861179
12.165001 -10.561769 -4.722340 0.250615 1.546606 2.331386 -1.542956 -7.352083
17.831827 -2.294987 -4.878836 -6.052536 1.144903 7.468207 -5.435200 -7.943462
-10.118238 -3.922679 3.432528 -7.274537 2.649738 6.805833 -5.121419 -8.150429
-9.217746 -9.429159 2.105634 -7.206396 3.082882 7.381999 -5.124671 -8.261409
18.441602 -4.264181 -1.615862 -4.803547 1.430719 6.565845 -5.147882 -8.363038
-10.574467 -5.616927 -0.207800 -6.394677 0.558661 6.847339 -4.908736 -8.378262
1.089319 9.149732 5.867754 -7.386200 1.412427 7.254330 -5.042595 -8.106963
-2.411480 9.445588 -0.023440 -6.071215 2.228987 6.996048 -5.963284 -8.159402
10.261816 -10.100018 -5.686166 -12.948122 -5.842627 9.482635 -6.868741 -7.174055
-10.747160 -3.893604 -0.470557 -6.237609 1.510087 7.500118 -5.130982 -8.260907
