1.703984 4.628109 1.350080 4.813185 10.387916 3.169990 8.530390 -8.268853
10.331300 -18.823028 10.735700 6.992994 3.902510 3.510964 8.241550 -8.291936
7.159480 3.221277 -3.689028 0.341127 3.269767 -0.693508 6.506474 -7.037839
-8.427947 -8.195294 1.887325 6.964849 3.143647 3.786263 7.999654 -8.206207
6.049409 -19.653366 9.515281 4.793893 4.775376 3.729333 6.092449 -6.303593
-5.020892 -1.020583 0.583419 0.133568 3.201268 3.563079 7.487564 -8.251886
-6.567688 -13.526366 -0.513851 5.221394 3.040372 3.952136 8.024926 -8.207298
-8.095022 -4.846566 0.414299 6.155261 2.738677 4.098342 8.061844 -8.555257
2.714439 6.128489 -2.735494 6.256258 3.185920 4.444291 8.083828 -8.542885
-7.512235 -10.542101 1.839427 7.167686 2.642969 2.418060 11.649717 -8.904558
4.144686 0.899587 -7.662037 5.311603 9.601336 5.177306 8.548268 -8.002492
9.597594 -5.627951 16.900394 7.062743 3.255275 4.023682 8.115346 -8.189126
15.475038 4.385015 2.956822 8.240660 3.277612 4.031212 8.117719 -8.183584
3.866222 -21.786458 2.365133 7.183488 3.291796 4.021391 8.114096 -8.191706
-0.992665 -9.580563 -8.990663 8.696071 -0.086395 0.441368 8.079711 -7.788346
-6.655144 -0.667582 2.018791 4.256661 3.026207 3.962661 8.077731 -8.188323
19.354261 -14.218120 2.402331 7.018269 3.346272 3.889094 8.123671 -8.192527
18.336438 -6.759420 6.664824 0.547331 4.736702 6.815587 9.336174 -6.209682
10.081557 6.033298 4.655879 12.142715 3.311808 4.053010 8.104998 -8.184760
11.880000 3.895308 10.427437 5.272353 3.638520 4.194019 8.224308 -8.292681
7.118371 -19.524247 -4.051338 2.609634 4.999086 3.953364 7.958265 -8.031040
20.533433 -11.346846 2.322836 7.104263 3.175371 4.024745 8.106816 -8.188830
15.611299 4.250411 1.874124 8.330996 3.497912 4.119995 8.195121 -8.288484
1.349875 -2.343745 12.982198 12.121056 5.631016 -1.152435 9.628333 -6.879525
13.660551 -15.799309 7.848415 11.582756 9.748041 4.730647 8.313831 -8.229595
16.331353 2.299887 6.057954 4.007166 1.200658 5.796083 8.179120 -8.407470
-0.067422 -3.129326 -1.726372 11.931193 -7.498195 3.851132 9.902928 -7.200116
-0.566090 -20.224184 1.228706 6.874915 3.196380 4.001465 8.140429 -8.151498
-7.902215 -8.803739 -1.194727 7.416688 3.075370 4.134882 8.131950 -8.119948
19.221996 -13.597882 4.225279 8.075466 2.327556 2.088323 9.060277 -6.622358
-8.224158 -8.754530 2.728379 4.896634 3.845030 4.022499 8.091155 -8.204447
10.831057 -20.944717 2.603314 10.168118 3.246777 4.023352 8.113263 -8.190206
