6.817865 -14.249811 16.200174 -14.005942 -3.672964 8.499012 -9.884805 4.230169
18.419204 -6.740612 14.811619 -7.480411 -3.972061 7.519436 -9.283162 4.849900
-6.365128 -1.274855 3.741181 -10.606402 -5.329998 7.622826 -9.418903 4.726121
-0.576692 4.852178 1.478899 -4.876198 -6.454234 7.067914 -9.291312 4.796357
-0.689777 4.458172 1.648334 -15.376328 -6.622621 9.070560 -9.241793 4.730472
-5.138800 -3.115240 6.415628 -16.439180 -6.365356 7.909100 -8.954281 5.923973
18.102789 -5.176949 -2.634090 -16.723650 -5.712183 5.981259 -10.462172 5.294616
-2.542508 -1.130236 -3.727263 -12.981653 -3.614603 5.893615 -9.602127 6.078143
-2.981576 -7.999710 -3.052494 -15.758805 -5.683163 8.041714 -8.886148 4.377250
-5.187960 -7.110726 10.791612 -10.077672 -9.450378 7.662935 -9.200838 4.682415
18.615388 -14.166523 10.172316 -10.618691 -6.339972 7.865670 -9.390421 4.918991
21.017692 -12.065724 5.788709 -9.835927 -5.010811 7.698833 -8.335575 4.665071
6.197131 -19.922581 7.966384 -8.785926 -7.173655 7.421789 -9.753105 3.620235
22.470798 -5.857523 4.654859 -10.698408 -5.238226 7.654032 -9.211110 4.751379
-4.796784 -11.640798 5.414449 -5.081883 -2.846120 7.497163 -8.934804 4.790481
-4.371971 -8.661570 10.814439 -14.711695 -2.315868 7.600840 -9.321503 4.789138
8.275038 6.331585 -2.362191 -14.219119 -4.480591 7.631112 -9.232838 4.744016
4.442049 -19.893904 5.812418 -7.204088 -5.029971 8.246685 -9.227614 4.712380
-6.375553 -8.208442 7.774851 -7.244343 -4.688570 7.108286 -8.593200 4.894378
-7.068778 -4.601042 4.525078 -9.793146 -5.011292 7.255193 -9.211921 4.761733
-5.452380 -0.904415 4.180453 -14.645157 -5.062653 7.769753 -9.270593 4.917166
-2.501484 -2.141768 -5.127096 -10.058074 -5.223129 7.756043 -9.235598 4.670597
3.141995 6.766542 6.161431 -7.916790 -10.453240 4.644885 -9.170387 4.038597
22.492767 -5.275466 4.947509 -9.900208 -5.170988 7.671458 -9.232824 4.744597
-2.462494 4.913354 6.514238 -9.278038 -5.853539 7.443727 -9.708229 4.624747
-4.677950 -13.858074 4.490521 -10.027275 -5.250247 7.876120 -9.277639 4.758070
22.296398 -3.553291 5.137774 -10.190755 -4.885360 8.530174 -8.623147 4.563177
-6.397541 -4.857278 0.507707 -9.882507 -4.941960 7.712746 -9.232462 4.744245
12.768514 -19.161016 3.380901 -9.438317 -2.259422 8.316172 -8.255356 4.200869
19.196873 -8.359033 9.519814 -17.544103 -4.624506 7.209480 -9.281833 4.466957
-6.481503 -3.856040 1.591268 -8.871578 -5.704591 9.211997 -9.166381 4.635804
22.053392 -2.657389 5.925949 -9.111069 -3.701817 7.873905 -9.006006 4.708182
