-15.247122 -3.334545 -8.725775 1.134850 6.127279 1.427035 0.789878 -3.009066
-15.258698 -3.847863 -9.144722 2.611178 7.448806 1.711773 0.792734 -3.036534
0.300183 3.878604 -18.331178 3.967964 6.605830 1.648850 0.816532 -2.926059
-14.995962 -1.943835 -7.648883 1.249778 6.657195 1.445067 0.788912 -2.965621
-14.103466 -5.878642 -2.664047 -2.544543 6.602390 3.336210 1.859765 -2.911961
2.129470 8.695243 -6.388736 0.727479 6.601025 1.595678 0.660261 -2.885284
-6.489227 7.723013 -7.294456 1.606023 6.826741 1.395799 0.821232 -3.054763
-15.515473 -5.494751 -7.262051 0.856118 5.514763 1.216029 0.963656 -2.797146
12.270030 -11.853359 -12.697081 -0.634136 7.531493 1.934533 0.906587 -2.906977
4.147638 -13.296994 1.838395 -4.815914 5.210913 6.795091 2.013443 -3.511229
-7.010056 -12.325528 -17.879389 -2.363054 2.233321 1.313057 0.826776 -2.947108
-11.606419 -11.373157 -10.047298 -5.216988 6.910349 4.967693 -2.581295 -3.446445
4.423579 3.941540 -11.234526 10.015776 10.852405 1.460969 0.875191 -2.985091
-15.604773 -6.060081 -7.357729 1.684152 6.832927 1.577117 0.764924 -3.039982
-13.625759 -11.448230 -2.295416 1.075945 7.125995 0.306451 1.009549 -1.734821
11.145474 -11.212632 -3.289832 -2.759173 12.425059 3.095599 0.972389 -2.911148
-12.132982 -13.862559 -10.416684 2.285739 11.296783 1.948514 0.170316 -4.715545
-12.102342 -7.560702 -9.652328 -7.188145 7.289827 0.268903 3.642013 -2.750841
-15.404972 -4.151006 -8.692944 1.717024 6.813128 1.418427 0.815894 -3.035466
-1.713235 -19.932985 -13.274940 0.944680 6.471214 0.523503 1.151433 -1.967322
-5.715146 3.736152 -7.966887 10.879519 9.399959 -1.637689 0.513274 -3.696331
8.830117 -17.604833 -8.061663 -0.908360 5.242583 2.940409 0.210656 -2.444263
-12.572964 -2.754017 -15.560640 -0.013537 6.916180 1.435819 0.646130 -3.203269
9.180266 -14.214976 -14.964691 -1.992881 6.910597 1.297268 0.811794 -3.018321
-9.458305 4.180051 -6.439054 2.526870 9.224755 3.164952 0.617543 -8.575433
-12.788258 2.572960 -6.471786 1.718019 7.285342 1.234382 0.814860 -3.210778
-14.225774 -5.318358 -1.833130 -1.475832 6.679231 1.525192 1.152749 -3.011125
-13.625949 -3.504773 -4.374093 6.373874 4.044217 1.038211 2.865249 -5.370012
-15.570269 -5.388536 -6.608491 1.747803 6.808075 1.409264 0.817982 -3.034836
-11.535910 -14.978042 -1.888983 1.551122 6.794845 1.444812 0.795493 -3.030548
12.378816 -3.551939 -5.695650 7.929827 3.161545 0.259038 0.869949 -2.863037
-14.921897 -5.367741 -4.815066 5.033030 7.676004 2.241790 0.607578 -2.814974
