-0.120947 -13.387290 -14.735389 -8.515587 7.760064 -5.761133 3.824329 1.738629
-3.376314 -8.992391 -8.220028 -16.992762 7.645209 -5.886442 3.762437 1.632236
-4.924079 3.968969 -13.570589 -4.042874 5.326761 -7.299108 1.886456 2.060210
9.313576 -16.275715 -9.902321 -7.560126 7.982770 -5.918612 3.879533 1.586657
9.292908 -7.817897 -10.073963 4.118726 7.649019 -9.441795 6.061627 1.282861
20.365437 -1.828186 -14.047367 -7.918759 8.362945 -5.928922 4.274053 1.327033
17.638175 -6.107721 -16.721516 -8.446543 5.693583 -3.714919 4.478125 1.113716
-7.360414 0.460209 -5.735968 -4.936309 9.554204 -7.259388 4.695758 3.041800
18.857373 2.539360 -12.247303 -2.505823 9.792828 -6.006416 3.437282 2.128191
-8.184198 -1.187843 -5.672509 -8.309721 7.659416 -6.111968 3.509105 1.337394
21.346547 -2.967426 -8.812928 -9.959941 6.550869 -6.139318 3.529377 0.775754
20.996507 -5.331823 -6.524706 -8.409387 7.383522 -6.526445 3.920360 1.583393
-5.989213 -3.844952 -15.505557 -9.904942 5.846552 -5.526945 4.108899 -0.135895
19.614654 -1.392103 -1.330081 -9.255084 8.616293 -3.524234 3.780350 1.470804
10.624490 4.502442 -6.064003 4.094115 6.539687 -8.122244 3.265106 2.145116
-1.183623 -12.698249 -10.687744 -4.143681 12.060758 -5.890876 3.652705 1.247319
-5.210327 7.467907 -9.860822 -8.588601 7.934890 -5.990476 3.890014 1.578736
-6.685538 5.311932 -7.778899 -8.963913 7.707898 -5.920927 3.928908 1.574426
-1.692701 -13.900987 -7.641810 -9.227888 10.274506 -6.170360 3.829034 1.585137
-4.322495 2.646898 -3.765353 -2.133036 6.534407 -5.962823 6.640593 -2.639322
9.534331 -12.038632 -12.948424 -9.062731 13.935633 -4.077462 -0.337991 6.806282
11.669430 -15.712637 -8.433213 -8.888534 7.978490 -6.886546 3.315771 1.884429
-8.411038 -2.064302 -8.109919 -8.174919 7.904255 -5.973292 3.890690 1.547420
21.108761 -3.343973 -10.544689 -6.235915 8.267000 -6.336641 3.941124 1.662177
-5.756158 -10.184968 -7.878129 -8.508339 7.873604 -5.989565 3.892309 1.568197
20.312275 4.296955 -7.502496 -8.930094 7.782309 -6.011934 3.893271 1.620749
17.565039 -11.055177 -5.302922 -6.322536 6.302426 -6.048092 3.942082 1.714774
20.834075 -3.741079 -5.567010 -9.344268 4.797244 -6.032861 3.909635 1.570970
9.010430 -2.265708 -11.318712 -7.910782 -0.000161 -0.674852 -3.728158 -6.192308
-7.548698 -6.694749 -8.051863 -8.561412 7.882828 -5.997943 3.896572 1.570179
17.181401 1.921191 -6.935249 -17.070996 10.476515 -7.176966 2.046129 -2.042093
19.572201 5.113522 -9.573227 -5.631431 7.864831 -6.040853 3.874869 1.495689
