13.228151 1.532823 5.705506 0.231314 4.549448 7.597095 5.230206 7.040115
6.747876 -8.072932 0.760405 -2.215556 -4.439780 6.668668 3.452035 6.267950
21.411664 -11.828181 -6.599290 4.692972 3.681429 9.531106 2.945448 6.667152
-3.920199 -7.672474 -6.168301 4.628562 3.900311 9.369132 2.678331 6.888609
5.122479 10.266238 -6.806868 4.325835 3.998096 9.990973 2.859058 6.850695
-0.956431 5.979955 -6.159138 6.311197 4.354397 9.548116 2.755500 6.744057
24.173805 -3.680828 -6.012549 3.452090 3.924785 9.803143 2.880866 6.835605
0.225377 -0.146768 -11.229352 4.309578 -2.785570 10.855908 5.447688 1.694790
5.535851 4.319890 -17.182144 0.846111 4.885436 10.084920 1.570001 6.514271
1.360071 7.859203 -7.092297 2.590624 4.705729 12.050282 1.829339 7.988069
7.536068 3.335517 -5.528547 -7.149360 4.745380 8.196534 1.258972 11.650589
14.511825 -13.783514 -8.804901 -3.702798 1.350816 9.796876 2.088932 6.998659
24.190383 -3.720309 -6.100645 4.424588 4.257206 9.886541 2.742456 6.854265
-3.213390 -7.670617 -2.765133 5.022240 5.762320 10.049304 2.415317 5.142529
12.746294 -1.084731 7.279566 6.832466 4.192939 10.228331 3.165312 7.178392
-4.592344 -2.726126 -6.347550 4.269168 4.139833 9.843944 2.905513 6.840157
7.047832 -5.535944 3.746968 -5.250521 6.175350 9.879326 2.973639 6.740309
23.722146 -0.007632 -4.853603 4.526249 4.165730 9.854188 2.893801 6.832283
-4.481821 -4.556069 -6.571410 3.990969 2.771329 9.450271 2.832062 6.864731
0.065045 -13.753426 -8.415619 3.648978 4.094612 9.776515 2.893174 6.831401
22.675556 3.047854 -6.047915 4.886343 4.095251 9.652693 2.698699 6.698587
-1.758059 0.863921 -6.441993 0.627047 9.681364 6.496322 2.956469 8.160649
5.491031 8.064436 -8.752114 -0.879580 9.098587 9.780592 3.145427 5.145268
10.943271 5.888925 -9.758427 11.644682 2.148549 13.908785 -2.826534 7.090706
6.884239 10.477954 -6.930359 6.902514 4.002526 9.869986 2.895978 6.841566
9.110292 -8.265073 -18.213959 6.235138 4.744678 14.616787 5.914915 9.284430
6.066263 -3.471693 -19.914547 6.833771 3.348936 9.282054 4.292054 6.870652
8.116830 -2.971841 -20.666843 4.181092 4.144150 9.843993 2.902227 6.842137
6.103218 0.262752 -0.734393 -5.804363 0.474053 8.129900 7.814831 3.812782
22.211987 -9.751106 -8.387422 1.338058 4.590461 10.036280 2.839451 6.997322
6.890487 8.711753 -2.435624 9.357043 1.289306 8.639719 3.912684 6.068089
