-17.082393 -0.386001 14.999796 9.156171 6.829299 3.637969 -8.295183 -5.368694
3.805479 -4.752022 18.464110 10.777419 7.533814 1.990486 -8.456539 -8.426597
5.028505 -12.830810 8.707170 10.056864 9.298709 1.422438 -9.447576 -5.554403
5.516760 -11.703366 5.443211 9.295989 4.595123 6.539187 -10.598287 -5.914611
8.467931 -6.450842 3.375114 5.276667 9.631100 3.832640 -9.254106 -5.411973
-13.584065 7.250274 13.271296 8.048733 8.384613 3.878976 -9.574546 -5.179966
9.520642 -5.779292 7.483213 6.845596 6.435472 2.293874 -8.812856 -5.235599
9.713920 -2.814967 6.730095 7.258077 8.882830 4.396010 -9.085908 -5.501674
9.861656 -3.287062 9.364370 6.525655 7.157904 3.797520 -9.010522 -5.458258
2.482719 -5.909626 20.546876 4.757618 7.033444 3.805747 -9.091668 -5.377948
8.859944 -3.508217 8.107167 0.775629 7.754779 3.700396 -8.834920 -5.083744
-17.093145 -7.509274 14.770101 6.174579 7.229305 3.984635 -9.162534 -5.583722
-15.262452 1.212095 16.604001 2.248223 7.438029 3.663644 -9.038419 -5.406451
-17.403444 -8.984119 12.683638 6.648657 7.570816 3.737572 -9.031353 -5.406435
2.420897 -14.359318 5.675925 5.405214 2.080433 4.833010 -9.108666 -5.147904
-15.149175 2.718790 9.706870 0.814606 11.861787 -0.661606 -9.803027 -3.955571
3.800193 -9.490819 8.294286 15.718443 7.448470 6.018404 -10.165364 -3.390004
7.249732 -6.495175 4.797544 -0.546613 5.857818 3.941301 -9.022151 -5.407075
-2.263764 -17.345844 6.859132 4.832011 6.439121 3.889615 -9.673686 -6.142337
9.584466 -5.381979 6.706126 6.526939 6.016705 3.552285 -9.041710 -5.502220
-11.252352 9.788506 5.578256 6.783250 7.033684 3.676482 -8.964033 -5.555735
5.127042 -10.512515 16.055549 5.824911 7.886630 4.179847 -8.920615 -5.342441
7.675054 -6.199378 13.821704 6.098688 8.239735 -0.334154 -10.283103 -5.061629
-3.635740 1.673344 5.357422 7.099332 17.166797 2.090248 -16.839614 -0.552941
-18.814737 -3.852319 12.153946 5.788154 7.238951 2.836084 -9.366750 -5.624961
-16.789080 -9.423479 4.865878 3.189078 9.968555 4.993966 -10.454395 -5.563543
9.748388 -4.378319 9.083682 7.439047 6.964369 4.291200 -8.834278 -4.788559
-18.431342 -8.354484 8.366357 5.782151 7.000998 3.787310 -8.991845 -5.396879
-15.085068 -12.683628 8.085213 4.290642 9.987236 4.990413 -10.815882 -4.225873
-2.963071 -17.615561 7.668984 6.412776 6.730852 3.711198 -9.058773 -5.417058
-16.547152 -10.900507 12.002784 6.849792 7.506793 3.560304 -9.057062 -5.220842
