3.969049 -4.829940 -8.612583 -18.769613 -5.958377 -4.820959 -2.916279 -2.650536
9.102943 -2.303379 -17.985970 -9.337187 -6.153335 3.116869 3.176478 -1.947416
-4.016493 -15.605857 -8.071886 -17.004673 -5.993614 10.641968 -0.720230 -1.119432
-0.227619 -3.409345 4.794051 -8.644252 -5.565206 2.100119 4.303718 -1.930092
2.418314 -13.353929 2.765091 -3.440467 -3.292615 2.022682 3.771791 -3.023141
-14.430512 -9.398393 -6.685328 -12.785385 -5.648674 1.988928 4.468986 -2.074806
-13.481821 -2.470505 -7.200996 -9.026191 -6.340760 2.077666 4.265519 -1.957583
5.813599 -15.094186 -2.219091 -10.568768 -11.919231 -4.007040 4.131320 -6.564424
-9.572541 -17.082014 -16.337411 -10.166963 -6.868256 2.076889 4.204566 -2.009780
13.423363 -13.653996 -8.420872 -9.853189 -6.548391 1.858698 3.805738 -2.023379
7.487304 -5.621683 -2.278722 -12.033389 2.322304 0.054417 1.534162 1.340990
9.635014 -3.127122 -0.422347 -10.313944 -3.303509 -0.225213 3.980068 -1.662482
-13.867090 -3.110024 -9.175312 -10.189299 -6.235918 2.097137 4.270415 -1.940092
-12.833370 -16.174986 -8.886038 -9.964723 -6.738264 2.155275 4.017047 -2.006513
-12.978166 -14.936628 -5.148738 -10.050793 -6.349660 2.049868 3.891949 -2.192370
-13.946865 -13.474127 -10.733202 -9.016042 -5.771614 2.016297 3.917682 -2.424965
13.747290 -12.081216 -7.327511 -9.941844 -6.755250 0.756042 3.541977 -1.778193
-2.829905 -18.862815 -15.646893 -16.544908 -4.576067 4.100747 6.110547 -2.060107
14.327554 -8.157870 -9.178480 -9.727083 -6.239508 2.117004 4.251241 -1.967521
4.559368 -20.322040 -8.831622 -6.415196 -12.421616 1.246736 3.493939 -0.061003
-7.213566 0.933704 -4.255734 -12.307020 -4.827444 2.477585 11.035473 -2.269982
1.927236 -21.729823 -14.848446 -10.820840 -6.165248 2.017496 4.236952 -1.926420
13.880303 -7.420312 -12.248845 -9.376568 -6.289690 2.101945 4.281567 -1.953649
0.842233 4.693704 -14.748920 -10.113834 -7.205188 1.760839 4.459366 -1.954407
11.509761 -8.558020 -17.419105 -9.528087 -5.660283 2.064885 4.166234 -1.117253
4.246416 3.003399 -1.759739 -8.852339 -7.756214 0.886027 2.549477 -3.132396
-14.950753 -8.711148 -8.859641 -9.681591 -6.306478 2.106809 4.270366 -1.949845
11.470748 -2.230139 -2.934172 -9.410895 -6.086786 2.080602 4.240897 -2.293738
3.771234 -2.780670 -20.504625 -8.753913 -4.824653 -1.539076 2.566649 0.933647
-4.511125 -9.095482 2.565515 -14.039683 -12.896171 3.146234 2.661431 -1.079822
13.204596 -8.099599 -9.916190 -15.227951 -6.225717 1.500271 4.300183 -1.942259
10.537416 1.038782 -9.460330 -10.128183 -8.073432 1.952657 4.282506 -1.967131
