-1.217530 12.233050 11.717918 3.644907 -5.716040 9.385570 -8.547289 4.689449
2.629618 -11.014542 16.527188 2.045908 -6.824290 9.502090 -8.568763 4.654740
21.270065 1.483823 10.110012 2.297514 -5.896584 9.068405 -8.674433 4.707443
-1.393777 9.770756 9.200288 10.382853 -5.172201 11.660139 -9.280754 4.140880
4.420361 -6.742893 -2.161575 3.776749 -1.509160 6.320140 -6.800924 6.332378
18.015454 2.189161 12.038921 -0.504126 -4.034408 15.761518 -10.430283 7.683353
21.243404 2.016978 10.138571 3.842022 -5.674994 9.102159 -8.232660 4.460033
10.401133 -9.230785 18.751942 1.595533 -4.696899 10.209753 -7.568225 5.412009
3.441565 -12.346925 2.893916 3.436008 -5.686760 9.250753 -8.624922 4.601542
9.787746 -4.532437 -0.923110 9.082650 -12.006745 11.802019 -8.735898 6.400944
7.009046 -13.953058 8.637867 4.955922 -6.497399 9.482051 -8.547427 4.548142
6.837482 14.592522 7.613150 0.760940 -3.688240 9.116420 -8.591516 4.657743
-7.215446 -3.210909 9.167628 3.572422 -5.640296 9.303496 -8.563687 4.541317
9.749978 -13.442560 11.913580 3.170546 -6.001669 9.179320 -8.495781 4.541620
10.092815 -0.200349 2.330637 14.164210 -10.344179 6.675715 -10.944274 7.448134
-0.124434 8.909407 3.454490 -4.255609 -4.288494 10.305308 -7.288779 4.285767
-5.808863 -0.106489 15.794286 4.734911 -6.324514 9.899657 -8.420131 4.745692
-2.921828 9.323177 7.546889 8.409793 -3.910489 9.691944 -9.901156 6.864959
15.121501 10.197699 15.442783 1.026013 -5.777401 9.249112 -8.538858 4.502358
9.117982 -12.625415 8.840546 7.255490 -6.016937 13.250189 -9.630946 5.840421
19.195610 3.780105 15.579223 5.043297 -5.782415 9.481836 -8.440865 4.621039
18.979921 8.486636 8.762892 2.993930 -5.294929 9.090954 -8.561282 4.717784
6.473641 -7.314011 -2.770653 0.321292 -4.825794 11.399353 -8.757441 3.826307
7.087204 15.021824 8.756204 3.480145 -5.742676 9.157125 -8.579848 4.648451
-5.524531 6.041876 8.840199 1.794546 -6.103487 9.256039 -11.236661 0.411301
20.258765 -0.459948 9.379773 8.387221 -8.002732 9.153556 -8.567911 4.626923
20.037714 4.801704 10.802173 0.415813 -7.896714 9.919739 -8.014126 3.527742
10.659364 -11.042446 12.239601 -1.399241 -4.918785 4.973915 -9.007327 1.150752
7.012575 -12.188398 1.892797 3.852702 -4.779835 10.163607 -9.214532 4.911468
9.866259 0.737758 3.345015 -9.222721 -2.065615 8.135361 -8.508671 4.718126
1.531383 -7.954157 14.611502 -2.819297 -9.174418 14.279054 -8.045610 6.428555
