5.725119 -1.640048 -7.230526 1.973732 -5.889812 -0.997120 3.126694 7.781631
-21.788121 -2.785949 -9.079931 2.997102 -7.376468 -0.919385 2.286214 6.466531
-4.267921 -12.349579 -1.184288 7.326007 -10.724426 -4.074606 0.027204 8.091350
-8.079572 10.351173 -8.928540 5.564106 -8.179492 -0.663946 2.220072 6.146892
-8.820518 -4.703001 -17.186986 13.057018 -5.623784 -3.506040 2.262584 6.460685
-20.724204 1.037208 -11.452305 3.764662 -7.453065 -0.809139 2.285351 6.469524
0.220337 -13.042895 -2.940249 1.975165 -6.594711 -2.748153 2.291708 6.311771
-21.270532 -2.342900 -6.429960 1.198486 -8.409665 1.519523 2.718873 5.828215
-3.167581 7.377242 -0.711336 2.176574 -7.368953 -0.931254 2.431472 6.647199
-7.190681 -8.117778 -2.957405 1.914849 -1.074901 -10.819428 3.893629 5.685890
-3.808463 -1.697492 -3.918049 -9.282928 -9.154749 0.497034 3.648744 5.811913
4.145321 -2.211239 -4.283064 -2.231267 -5.911786 0.512077 3.219368 5.456415
-17.904754 6.372394 -7.657839 2.915821 -7.414428 -0.969466 2.263264 6.396623
-18.794720 5.330155 -8.247243 2.221618 -7.695663 -1.446556 2.210580 6.517811
-4.096356 9.895705 -8.042081 0.795575 -6.633524 -1.724944 2.210869 7.182263
0.621823 5.509579 -4.747932 -1.308407 -11.151892 -0.749113 2.288871 6.470960
-20.490959 2.571970 -7.913298 2.571316 -6.789550 -0.737595 2.591091 6.094712
-8.035987 -14.071464 -15.931246 -1.232083 -5.644454 -1.063504 2.505134 6.518080
-21.729441 -1.788511 -8.388140 3.118985 -7.779384 -0.957952 2.240557 6.510960
-16.657930 6.039559 -6.128296 -2.092952 -7.211074 -0.412659 2.517059 6.812579
1.977810 -11.777859 -12.205871 5.920086 -8.412092 -0.895147 2.272915 6.483789
-12.422578 9.040605 -5.193881 -0.498723 -6.801350 -0.915919 2.284478 6.474007
-4.206684 2.902969 0.471873 -3.250432 -5.952886 0.278690 5.370751 2.662491
-17.219209 -3.991896 1.734504 5.000001 -7.572727 -1.981212 2.193846 6.509858
4.762497 0.512061 -3.844547 3.342464 -7.269012 -1.035926 2.252403 6.469668
4.622040 -2.185273 -3.126857 5.958502 -6.641873 -1.270132 2.527080 6.488119
0.923165 -0.871416 1.921255 1.335343 -5.534609 -1.320709 1.835311 6.751608
6.064330 -3.584472 -8.313743 2.921357 -7.372739 -0.920097 2.285735 6.465769
3.959220 3.975685 -7.606104 2.848160 -6.360946 -0.898566 2.289917 6.460799
2.703524 -9.816814 -14.518425 2.711417 -6.233568 -1.225036 2.211325 6.503081
-20.196805 2.424975 -5.174555 2.723841 -7.409544 -0.912151 2.346874 6.380918
