-18.513576 6.307915 6.547491 -9.416217 6.894231 9.915912 -7.729705 6.091822
-7.667585 10.544843 4.342372 1.411390 8.768339 9.701809 -7.858565 6.219719
8.541515 6.230751 5.102119 -9.672948 8.809026 9.815732 -7.726551 6.099190
9.313366 0.699630 5.370038 -9.077188 8.432321 9.605551 -7.559328 5.896443
-19.218931 -1.391178 4.283034 -9.682620 8.267676 10.619903 -7.742211 6.131806
-19.500183 1.331310 5.359912 -8.446147 8.119115 9.813634 -7.684654 6.202028
-2.751758 -11.420216 6.314450 -6.878576 5.209854 11.717369 -11.203454 6.864370
-17.469606 -4.059370 4.500451 -12.594825 8.778662 8.655910 -11.479188 5.409722
-7.843678 -9.292757 8.239103 -0.870622 8.943677 10.157606 -7.733867 6.585930
6.725827 -5.386467 0.336855 -9.449044 9.034799 9.792308 -7.734659 6.083068
8.801360 3.220887 8.447063 -10.119150 8.946108 9.800030 -7.260359 5.806925
1.215251 -3.270047 2.828705 -21.265258 7.948872 11.459861 -7.457724 6.573861
-19.143071 -1.742272 4.066466 -8.935247 8.356086 10.064057 -7.944683 6.084779
-8.282544 6.873744 -4.400863 -2.540850 11.870486 6.739625 -8.768850 2.629455
-11.737283 -4.529020 15.950809 -9.418084 7.098435 10.319699 -6.406184 3.919349
5.448184 4.874928 3.161575 -18.114409 7.491015 8.191311 -8.948671 4.295388
8.958965 4.226599 3.348589 -8.876123 8.719869 9.167337 -7.724868 6.186184
-18.870880 5.858398 5.258461 -9.650455 8.612613 9.773946 -7.771452 6.119525
0.576021 14.574251 4.306119 -9.409827 6.981495 10.944251 -7.715642 6.094978
-2.590875 12.812587 10.714717 -6.562791 10.865275 14.609602 -9.836024 6.404662
-16.069246 9.953938 6.645975 -5.805383 8.577954 9.661228 -8.058373 5.820712
-8.973908 -9.752742 7.068690 -3.156273 8.234152 5.308100 -7.190245 7.822289
6.880613 9.446768 5.267092 -8.502540 9.417644 9.913928 -7.753816 6.148384
-19.180310 -1.413871 3.504625 -9.795858 8.990335 9.825051 -7.736047 6.089618
-4.097107 -1.990547 -5.293140 -6.000918 15.971883 5.951197 -4.605500 5.739608
-12.051525 11.163881 6.067925 -10.111622 2.598129 10.360036 -2.550605 6.900236
-5.875554 -5.700688 10.380003 -4.327498 8.518017 18.949321 -10.299886 2.894367
-4.380241 15.641826 6.027632 -7.020566 8.344914 9.901057 -7.467735 6.130594
-19.478906 0.067634 5.512895 -9.547229 8.496888 9.755384 -7.667718 6.064557
1.227605 -8.372125 13.223358 -8.988073 8.942092 10.378915 -8.925997 7.678392
-19.279551 3.333045 3.607900 -9.627904 7.190358 10.146769 -7.812328 5.909328
7.941021 7.684083 4.705328 -9.549650 8.636720 9.709776 -7.714467 5.990032
