16.504418 -7.871020 0.373253 -0.935613 -1.759280 -2.713752 -5.855178 9.023732
7.881380 -10.426633 -23.008984 -2.800493 -0.480190 -2.608664 -5.992609 9.036832
-5.383552 -19.163445 -12.369660 -0.700228 -2.724050 -2.008690 -6.239122 9.189874
3.853924 4.040170 -1.935039 -2.702299 3.016483 -1.343082 -5.340085 13.125901
-1.135097 -22.297332 -10.346412 -4.560560 -0.531485 0.207305 -5.137982 8.521806
-9.635666 -14.147588 -6.320076 -4.897519 -0.932064 -3.318914 -5.472194 9.054683
12.699521 3.412502 -8.481563 0.916396 -1.155415 -2.347037 -5.643509 8.552643
13.131997 0.080911 -16.495787 -6.478028 -0.087055 -2.608737 -5.996573 9.025206
4.649694 -13.659800 2.229363 6.488827 0.630023 -2.376684 -6.911947 9.859290
19.334365 -9.210472 -9.294727 -3.991311 -1.097552 -1.291691 -5.919846 8.083042
3.377609 -23.743389 -7.796868 -3.990094 -1.402099 -2.658916 -6.039217 9.009846
13.085679 -15.510440 0.884368 1.148938 -1.312776 -0.937588 -5.690297 9.338646
6.853393 5.808443 -10.619792 -1.823419 0.925592 -5.002705 -4.469526 10.073934
19.428210 -7.119719 -8.217890 -3.156686 -0.546108 -2.860032 -5.987427 9.034834
18.948095 -5.738711 -5.832253 -1.624424 -0.465819 -2.650662 -5.824199 9.076835
0.176657 -19.277664 -18.143593 -3.109564 -1.127618 -0.574165 -6.270709 8.505557
0.845223 -19.260888 -1.904876 -3.127681 6.174438 -7.039379 -6.579796 9.682906
5.203079 1.430557 -12.176414 -6.340875 -10.814716 -2.757081 -5.890458 8.752475
-7.565986 -7.911273 -2.506165 -10.648935 0.411652 -2.697301 -6.104137 8.674770
17.169306 -16.674301 -8.234887 -3.367370 -0.320456 -2.278060 -5.941889 9.232345
-8.238554 -1.004138 -6.965430 -7.079752 0.001561 -2.097937 -6.314721 8.786891
-4.408615 3.929029 -8.558873 -3.031737 -0.411419 -2.182119 -6.109503 8.925074
-4.031312 4.113266 -7.101293 -2.661759 -0.046717 -2.852651 -6.127100 9.212256
3.520665 -23.697419 -7.202897 -4.363564 0.199879 -2.795511 -5.995252 9.023283
18.900835 -12.784600 -7.773161 -2.875003 -0.569929 -2.624777 -6.018071 9.024287
7.284912 -0.858001 1.696879 -0.449428 5.653460 -2.075928 -8.018005 5.411713
10.528365 -17.370699 -18.630131 -3.065340 -3.541308 -2.655195 -5.214284 9.224728
19.501687 -8.605573 -8.331434 -3.095910 -0.551575 -2.626609 -5.983466 9.026148
-1.015628 -1.751122 -9.426420 0.797106 1.580101 -14.206061 -4.522380 9.433278
-10.925908 -9.752154 -8.610668 -3.247376 -0.382703 -2.463702 -6.024521 8.964002
-6.334183 0.641384 -2.492276 -2.461764 -0.132335 -2.900430 -6.106861 8.913065
