5.062575 0.345519 -0.951975 -9.084043 -5.218752 6.663898 9.521916 9.665097
-12.503108 -13.573519 9.297895 -2.517157 -5.028456 6.974020 9.546112 9.840546
-17.311844 -1.156112 -4.843171 3.393039 -6.779335 5.300496 9.395129 10.034996
-18.500896 -12.341146 -2.624798 -6.127800 -4.973181 6.653191 8.902446 9.817658
-21.510466 -4.340721 -4.062775 -3.462010 -5.787733 7.160486 9.348695 9.863427
4.111953 -6.918164 2.684262 -0.208370 -5.208272 8.322818 9.400739 9.397738
-9.876283 -8.739954 13.244291 -7.475949 -8.273305 4.849583 7.008376 11.691028
-2.705420 -2.894260 8.851110 2.551078 -10.115258 1.973467 8.760666 9.525414
5.890986 -3.936057 -0.027075 -6.151910 -5.474210 7.259801 9.043285 9.253057
-12.773770 -14.208017 -0.000860 -10.505246 -6.977949 1.520744 7.846816 10.206974
-13.837296 6.795877 -1.087753 -14.583553 -5.859815 7.519535 9.057545 9.806171
5.632176 -1.139264 0.667248 -5.395863 -5.005923 6.456869 11.566865 8.073994
1.362078 -13.448037 1.079235 -4.966231 -5.297276 7.001727 9.662770 9.929085
-1.218889 -15.352147 1.385870 -5.399892 -5.944572 7.380124 9.685878 9.850405
4.215430 -5.584871 6.609042 -2.634912 -5.029686 6.843979 8.234947 10.185852
-20.919453 0.141040 -4.995904 -7.429603 -5.459536 7.032069 9.641217 9.875592
-22.782150 -2.440036 1.089849 -5.780944 -5.478559 7.233606 9.616122 9.798074
-18.690232 -9.536018 -4.227584 -7.971255 -3.918454 6.432626 8.566721 14.119881
2.451348 -12.340318 1.370317 -5.119677 -5.476366 7.031154 9.698480 9.812822
5.790873 -2.152113 1.970085 -7.766706 -6.221669 7.751182 9.504471 9.635725
5.996932 -2.459026 0.867547 -5.381355 -5.500951 7.016912 9.611327 9.809507
-21.737035 -0.772039 -2.600685 -8.846518 -5.837724 6.311494 9.893545 9.849826
-22.400125 -1.409352 -1.354858 -6.684102 -6.526728 7.336127 9.088766 9.546725
-7.785037 -5.342355 0.427639 -19.811481 -6.169997 6.889356 10.966097 9.321722
-8.460701 1.404486 6.731056 4.073170 -10.649029 7.899568 15.386455 10.941964
-10.915738 -2.614255 -0.840631 -17.672005 1.581397 8.478108 9.181610 8.292096
-12.538513 10.529951 4.299966 -6.411492 -5.894011 7.092387 9.656130 10.059842
2.478264 -6.697246 -2.352774 -13.372954 -6.225961 8.414193 10.549592 10.557895
-20.219527 -1.312829 9.116102 -6.962882 -4.555921 6.967149 9.616516 9.797417
5.044768 -0.232702 -2.043743 -2.969204 -4.227204 6.842653 9.458684 9.821785
-21.977819 0.100203 4.871140 -5.134840 -5.368359 6.935228 9.580904 9.827194
