9.834916 2.397810 -12.017999 -5.622344 -7.190878 10.617182 -1.476774 -1.384243
-8.204701 -3.623624 -4.769101 -4.312210 -9.223275 6.796304 -1.685586 -1.206436
13.234009 0.642914 2.095815 -6.392755 -3.147004 8.381663 -2.055807 -0.757105
-8.779220 -10.647174 -4.219004 -5.147939 -8.274410 7.051942 -2.418951 -0.915075
15.803065 -17.768935 -2.818884 -6.280402 -8.759380 7.108936 -2.248663 -0.950746
-6.762713 -0.398145 -4.555942 -5.556869 -7.841242 7.021198 -2.336956 -0.849356
11.274383 3.672467 -5.838772 0.373050 -8.075223 7.189878 -2.374189 -0.747980
2.848004 -20.966912 -2.496861 -2.143187 -11.661196 4.622268 -3.850530 0.566528
18.457624 -3.998939 -0.720210 -3.379275 -10.038616 6.863336 -2.203867 -1.012171
0.016881 4.418808 -6.211941 -1.037466 -9.033042 7.092067 -2.287390 -0.785299
12.192770 -1.152519 -13.541606 -4.892538 -3.463973 6.757359 -2.741601 -0.857179
19.524452 -5.717705 -4.331400 -5.184955 -8.282753 7.138666 -2.377491 -0.968432
11.668443 -2.673853 -4.782569 -5.227080 1.718289 2.373077 -4.315746 -4.260912
0.749841 -3.081588 -16.026613 -2.856204 -5.164686 9.063258 -2.417556 -0.236705
19.720333 -8.173640 -4.219787 -5.020339 -8.233656 7.096083 -2.363859 -0.934408
6.748110 2.090433 0.422968 -5.011190 -15.015319 9.585132 0.238342 3.709484
15.810446 -8.153796 -4.237991 -10.135483 -12.677632 8.655129 -5.271307 -7.399839
0.153083 -18.042883 -4.689945 -2.365529 -2.827954 9.195426 -7.639901 2.332147
-3.435423 0.852790 -10.802327 -7.350271 -8.366773 7.095373 -2.370441 -0.854416
19.613070 -6.426342 -3.562159 -5.145816 -8.076942 7.107888 -2.356329 -0.967807
19.510806 -10.412840 -3.675727 -4.654816 -8.595521 7.129566 -2.378918 -0.958179
19.715853 -8.325597 -4.314678 -4.874108 -8.216991 7.142631 -2.369874 -0.936257
6.220234 -17.845556 -13.452732 -2.575731 -10.659154 3.799665 -2.233359 -1.211330
13.290030 3.168106 -4.354604 -6.069950 -12.120790 6.232885 -2.769469 -0.707733
12.231933 4.533664 -4.200016 -5.097786 -8.288120 7.158136 -2.323378 -0.923185
-8.469027 -11.596243 -4.828207 -6.362032 -7.516226 7.426641 -2.565959 -0.429576
7.313070 -22.296048 -4.048880 -5.784423 -8.292808 7.085756 -2.419795 -0.932608
-6.222173 -15.678053 -5.912236 -4.355532 -8.138058 10.410442 -2.068328 -1.153786
12.294990 -20.657839 -4.135133 -5.032152 -8.245942 7.123988 -2.374313 -0.937911
14.094397 -5.263940 -12.635114 -11.809365 -9.697779 5.416184 -2.434592 -0.422575
0.816794 -8.352705 2.177012 -13.005466 -16.615647 3.448328 -2.237757 -0.457564
