8.714917 -10.581752 6.071419 5.513489 -5.862047 -8.253885 4.692196 -7.178213
5.716285 7.427368 -2.857890 5.848944 -5.130668 -8.550991 5.804984 -8.489685
-18.706073 -1.313153 4.376964 3.943260 -6.140131 -8.107199 5.131949 -7.793595
11.429970 0.699516 4.279600 4.806826 -5.245514 -8.427186 5.197485 -7.579578
-12.965699 -12.074062 5.061703 4.937372 -10.686601 -5.802528 4.827014 -4.671713
-18.230972 -2.051946 7.489096 1.470226 -5.924052 -8.044572 5.096133 -7.755292
-14.552327 6.207963 -1.951071 2.524639 -7.176081 -8.129124 5.010264 -7.740236
-18.594565 -3.312770 5.021095 3.213658 -6.871346 -8.217775 5.546466 -7.442778
4.374021 -14.854640 3.853885 3.780892 -6.238494 -8.017811 5.121456 -7.812717
5.089120 -6.340143 15.808019 0.990806 -5.561162 -7.734917 4.946913 -6.744180
-15.420268 -8.345854 0.278291 2.019155 -9.431816 -10.215528 2.441507 -5.968993
-13.486078 -9.246690 -4.290213 3.911282 -6.091543 -8.056226 5.127162 -7.799080
1.812108 8.524709 8.259660 11.113886 -5.619735 -13.309938 5.347761 -7.796731
-15.319629 4.069207 4.225411 -1.246875 -2.963491 -3.926388 5.180438 -9.864181
-18.209952 -3.559481 7.474538 2.234467 -5.479478 -8.241994 5.587999 -7.333095
-18.556866 -3.741329 3.915464 3.370857 -5.572497 -8.702997 5.198224 -7.961428
-12.770650 -11.046789 -1.676986 8.350952 -4.627233 -8.044659 5.292801 -8.284286
-13.000888 -11.526469 -1.894078 1.327276 -6.916404 -8.005229 5.334242 -7.731661
-5.410485 -6.308449 16.679879 -2.712841 -2.001518 -7.999023 5.163482 -7.598097
4.719855 10.602256 5.586468 1.470789 -5.075202 -8.453917 5.854768 -7.330866
-13.977543 -11.036917 8.016662 -1.040687 -5.437692 -8.585843 5.645615 -8.443218
-17.892895 1.742103 1.587016 4.273089 -5.105827 -8.614840 3.923538 -7.545794
11.685330 -0.971986 4.530154 3.930517 -6.036562 -8.072478 5.101906 -7.805036
8.510411 0.414836 13.524281 3.671736 -5.654139 -8.488331 5.040960 -7.642459
11.705931 -2.075470 4.182663 3.655051 -6.064617 -8.042493 5.109280 -7.805750
4.400875 9.880575 -1.030164 4.666168 -6.165388 -8.133456 5.105819 -8.024078
-12.876858 -12.703087 1.079173 7.587646 -6.143812 -7.963162 4.988846 -7.836123
3.613440 8.408344 11.619646 8.208938 -4.600833 -8.032214 3.604161 -8.747520
-14.744967 -3.950552 14.509439 4.176025 -6.146191 -8.030427 5.539226 -7.566649
6.634915 -9.237636 10.267234 9.534535 -3.325526 -8.038001 4.447544 -7.835237
-0.069383 6.298434 0.820178 14.013424 -1.014881 -10.901922 6.035538 -8.704869
