10.123869 6.210454 0.838372 -5.862575 3.177944 -2.451489 -8.385932 1.025462
-1.763413 10.566443 0.039444 0.816432 1.525067 0.497829 -9.799471 -1.053638
-15.952272 2.041032 -5.969337 -7.311701 -0.061323 -1.444700 -9.654771 3.189767
12.732944 3.720488 -10.665649 -7.385593 -0.256420 -1.769138 -9.562890 3.149198
-12.274374 3.268887 -12.310595 -1.080466 -0.617318 -3.864232 -12.148988 2.632347
-4.862823 8.679062 3.140281 -6.030349 -2.511794 -1.072146 -13.804706 -3.087283
13.409598 0.520880 -6.801371 -5.920802 -0.048633 0.873979 -9.084922 1.478083
11.368789 -6.134190 -2.033029 -5.908267 -0.937558 -1.853869 -9.294783 2.541886
13.233437 -1.485037 -5.229761 -3.999181 0.109116 -1.492925 -9.658697 3.208605
-2.349506 -5.857873 -17.082508 -11.673213 -5.814352 -1.644700 -9.798848 4.519280
-3.142825 -5.826089 -13.264767 2.089562 -1.736062 -6.673956 -8.774232 1.587993
-11.932135 -0.231019 -12.177270 -6.171002 -1.628557 -4.206154 -2.676311 5.582152
-15.899146 -0.945246 -5.906167 -7.263988 -0.246410 -1.491322 -9.674054 3.203787
-5.232413 4.021990 -18.970187 -7.748819 -1.164192 -6.235678 -10.918065 3.195305
-7.969578 3.443881 -18.664299 -8.698111 1.415587 -2.693812 -9.653145 3.310528
-5.141961 -7.740449 2.171668 -11.397618 -2.417188 -7.659699 -9.032299 0.632984
7.496344 -10.198948 -3.950127 -8.933709 -3.528711 1.306763 -10.806571 3.754922
-8.730147 10.054798 -11.756423 -12.812976 -3.863446 -1.669690 -10.680441 3.560545
-15.704600 -2.149337 -5.951436 -7.366920 -0.261985 -1.408734 -9.602640 3.117348
-15.235828 -1.981904 -5.156801 -10.618693 -1.734490 -1.468474 -9.771911 2.500941
4.581273 13.879873 -6.721398 -2.961965 -0.328226 -1.371738 -9.620346 3.211576
-4.009660 -13.505020 -3.026651 -7.279288 -0.207033 -1.497779 -9.655112 3.211065
12.880108 4.850891 -3.460973 -5.985172 -0.622724 0.081340 -9.646189 3.178581
10.224334 -0.843745 2.840844 -3.691871 -0.912320 -0.685115 -9.704473 3.094949
-8.808813 -9.329147 -13.661566 -6.930911 -0.365693 -1.697568 -9.586575 3.267757
-14.220669 -6.224637 -6.549378 -7.278312 -0.335189 -1.462534 -9.665551 3.191969
7.762469 -10.889186 -3.481596 -7.459820 0.412318 -1.488017 -9.656811 3.176933
-15.993054 1.286547 -5.938841 -7.093925 0.001637 -1.523879 -9.614577 3.236284
-1.048180 5.648178 -13.451747 -14.251552 8.007963 -1.042763 -13.203141 6.783726
2.865523 11.951676 -14.963137 -7.283502 -0.340987 -1.325208 -10.662470 3.511655
-12.320658 2.110809 -9.290552 -3.952664 -8.423248 0.666090 -10.360290 2.549578
-8.445465 -8.951324 -14.317830 -6.743993 -0.777246 -2.726717 -9.925435 2.525001
