10.564692 18.152552 14.214215 -3.194119 -4.106804 4.804653 -8.855565 -0.437223
-1.135247 8.998520 -7.448064 -5.216165 -0.242346 4.403552 -7.053470 2.008858
-8.098056 7.239333 5.091782 -7.623759 -1.755780 5.187692 -8.978403 -0.796037
4.602393 18.649824 -5.767120 -5.187843 -1.402504 3.211573 -8.480743 -1.125969
-8.132563 7.649162 4.882658 -7.900107 -1.515751 4.735841 -8.953201 -0.760290
8.103511 19.118811 -5.641684 -8.368289 0.905128 5.160283 -10.203858 -0.981234
-7.403274 11.756382 7.424792 -8.676080 -1.329632 4.475939 -8.911733 -0.700488
10.381765 21.283403 -0.316501 -7.517815 -5.871257 7.488460 -9.231676 -0.498272
22.168875 5.508314 4.427822 -8.478196 -1.264765 4.219066 -8.132520 -1.087439
21.528367 13.111913 3.232529 -7.258915 -1.876443 4.453969 -8.936426 -0.773617
18.278704 6.310061 14.220615 -4.513879 -2.861767 4.469247 -9.387255 -0.311006
19.597634 10.253938 -1.155454 -10.786102 -7.292771 5.211322 -8.942756 -0.587751
21.956039 8.202347 7.846020 -7.077907 -2.758019 4.105479 -9.871654 0.000262
-1.912253 6.978498 2.599641 -18.409060 -6.949630 5.290357 -6.476016 -0.439248
22.016167 8.997354 7.275050 -8.612062 -0.323812 5.987483 -7.839457 -0.764301
-6.598775 14.479605 2.561581 -8.474471 -1.668130 4.652710 -8.943410 -1.125222
-4.802987 14.097362 8.330554 -14.291914 -1.296305 4.503109 -8.908942 -0.793979
-6.875812 3.267874 3.419177 -10.818065 -0.221260 4.352865 -7.661417 -0.974046
3.469370 16.806695 12.560177 -6.165047 -6.711329 9.423162 -13.436467 2.305000
-7.624085 11.520758 6.212529 -7.528757 -0.475758 5.040297 -9.061880 -0.613310
11.247103 22.110866 9.012215 -8.391055 -2.118630 5.716529 -9.387603 -0.450213
10.234997 -4.384750 10.643609 -2.783429 -3.684358 4.194832 -9.021053 -0.719300
21.044325 5.006372 1.055335 -11.104678 -3.987071 3.580143 -8.305045 -1.596935
-3.812060 13.988444 12.994554 -10.451914 -2.017976 3.926143 -8.385155 -1.481172
14.430204 15.287244 0.579376 -12.383992 5.175496 9.871041 -6.975672 -5.012001
13.918053 -5.457049 4.627831 -6.023618 -1.341041 4.645872 -9.134832 -0.875354
-2.061908 17.977648 3.987578 -14.448809 0.076150 6.652817 -9.534508 0.628692
11.058889 -4.800168 10.404417 -7.233078 -5.112453 3.117271 -7.815852 -0.187326
10.021942 3.509085 -0.436344 2.881805 -2.546668 -3.094863 -9.856762 -1.321958
11.541739 -2.064288 3.935924 -6.589695 -10.552998 8.279072 -6.686369 -3.894159
-2.761063 4.007283 14.174704 -12.120249 -4.053486 4.177662 -7.954359 0.117102
5.561972 20.016299 -2.910402 -2.162914 -0.419872 4.555074 -8.535018 -0.787749
