-20.168766 0.236452 7.249076 6.508599 6.213391 -8.639494 5.698034 1.905142
6.256090 0.497627 6.506541 9.620286 8.718784 -7.941293 5.025010 1.972210
3.376048 -2.500528 10.853256 5.749288 7.312293 -7.903372 5.210770 2.705330
2.200491 17.008239 9.336877 7.702218 6.482785 -7.615325 5.197758 1.660180
-9.055021 15.698175 11.000265 17.207525 2.018606 -7.475739 5.513849 2.375356
-0.959955 -1.250062 -4.398066 9.053922 9.264980 -7.130879 3.927227 3.060819
-8.045358 -6.707614 10.263435 7.922419 8.816866 -2.695789 2.005336 3.943720
4.196099 -3.133898 5.941394 8.763738 7.227554 -7.282164 4.583297 2.345186
-13.251497 19.078653 7.521627 6.349668 8.517691 -8.503395 4.568611 1.092708
-14.163752 -6.577557 8.128066 8.710337 7.168669 -7.274649 4.582252 2.349503
-18.026262 3.583081 10.417604 6.608410 15.404410 -6.631490 4.150166 1.009135
2.777899 16.964736 5.485059 8.380723 7.215028 -7.280558 4.583035 2.345400
-21.604138 3.852863 7.016659 8.739404 7.216664 -7.283282 4.582777 2.346414
-8.988683 20.367337 3.312616 9.762113 7.456608 -7.183945 4.644590 2.267374
-20.350391 1.097412 8.177530 7.065610 4.273724 -7.102566 4.700938 2.392625
-20.602212 7.198570 7.284078 3.664241 7.099525 -9.795373 4.884117 2.295794
-11.806256 -7.546991 4.732090 7.379481 7.701089 -7.055691 4.561624 2.377452
-20.843151 1.407340 4.465657 8.414963 6.999914 -7.476451 3.969095 2.022061
-21.731621 5.303281 5.276465 8.627987 7.367044 -7.417824 4.580471 2.346101
-21.561712 6.850929 7.679827 10.867999 7.472556 -7.464932 4.556104 1.818081
-17.125021 16.716377 7.752310 9.782856 7.704720 -6.250980 4.225372 2.735921
6.491321 0.779213 6.810607 8.556785 6.743142 -6.892712 4.625872 2.294522
-8.820940 16.084084 -0.648584 10.946598 4.488624 -4.690459 -0.942765 -1.526710
4.392818 4.706733 13.946801 13.441365 7.267487 -7.371839 3.625548 1.756512
-19.538859 9.797404 7.200770 13.866265 5.159971 -5.465899 8.266217 2.592194
7.491390 6.922720 6.552415 8.046389 7.710613 -7.767684 4.813792 2.231664
-21.078729 9.726602 8.614082 6.924007 6.941970 -7.208521 4.502754 2.396083
-12.620633 19.492549 3.589590 8.908101 7.502802 -7.274013 4.504496 2.187726
-3.982379 12.426207 -2.489408 -0.038406 8.561096 -4.596371 5.495942 3.200107
5.635286 12.215810 5.128879 11.999998 8.828649 -8.085912 5.087243 1.923405
-20.407757 11.762753 6.929591 6.117594 6.320603 -7.297139 4.637247 2.473256
