-19.708568 12.184902 11.389676 -1.063641 -6.123478 -9.334511 -3.426666 8.933258
-22.248383 3.343634 6.418699 -3.152466 -9.344061 -7.337181 -3.183746 9.215252
-22.805854 1.792705 9.253474 -1.342061 -6.734639 -9.025322 -3.504383 9.031544
-14.638661 15.216672 4.577639 -4.273931 -7.443604 -10.641034 -4.594191 10.814663
-19.000966 1.182271 14.910766 -7.932554 -9.864890 -8.393208 -2.911763 8.515926
5.988098 3.598320 7.772172 -1.612865 -6.781774 -8.948428 -3.486592 9.081826
-9.829238 16.563093 4.600725 0.739190 -4.100888 -7.159556 -5.453019 7.802639
-22.460622 0.946957 10.302593 -2.038738 -4.895577 -8.918718 -3.844121 8.701178
-22.560197 0.374259 8.187688 -1.301020 -6.716374 -9.014925 -3.463149 9.001305
-15.533915 8.940672 17.296133 0.201832 -6.286120 -5.266619 -7.384206 14.027495
-9.140741 7.226130 -5.034568 -3.100452 -7.663846 -9.599690 -3.524691 8.712110
-22.344290 2.500433 8.786291 2.459529 -7.287532 -9.089087 -4.307700 9.012055
-21.148819 -1.054321 11.505689 2.977347 -7.758853 -9.046996 -3.077975 8.682130
-22.880927 3.910223 7.843442 -1.427906 -6.706410 -9.013905 -3.478902 8.968469
4.818907 4.861295 14.215411 -0.560147 -7.816904 -8.669911 -3.231587 9.271323
-5.381063 2.005479 18.768292 -8.794575 -5.292570 -6.330475 -9.069742 7.963965
-22.608848 0.881614 9.543848 -1.915344 -7.083717 -8.185990 -3.327689 8.764175
-22.632427 4.040440 7.644891 0.527149 -8.449331 -8.608453 -3.303539 9.106038
5.069451 7.024805 7.941557 2.179430 -6.927696 -9.608072 -3.664561 7.915455
-14.128788 3.456981 -4.342362 -3.282309 -7.633756 -8.719407 -3.262768 8.499767
5.891151 1.862976 8.212644 -0.386956 -6.855882 -9.027793 -3.430556 9.086087
-0.836895 -3.448982 18.548404 1.129425 -5.691577 -8.451316 -3.767697 8.678794
-16.778014 -7.528742 7.777013 -5.314036 -5.893762 -8.573267 -3.221354 8.718900
-7.872257 -10.804929 10.795073 -1.298285 -6.691774 -9.023935 -3.471967 8.999379
-0.159571 7.053412 -0.223812 -5.158847 -3.771399 -10.628237 -1.647073 4.770738
0.809902 14.020384 6.510454 1.547764 -6.912360 -8.978336 -3.268434 9.226566
-18.589505 -5.050810 9.472635 -4.867533 -3.407209 -8.608978 -6.164139 10.305455
-3.517569 -8.445000 11.494331 -1.071942 -1.186114 -10.903618 -3.700178 9.802958
-3.855890 16.886440 10.315497 -1.903384 -5.911098 -9.652555 -5.749985 9.745027
-3.281853 1.440233 -4.180032 1.975289 -6.718902 -9.013079 -3.475954 9.004068
0.218947 7.914955 10.160421 -8.675045 0.875752 -9.335440 -3.483783 10.089200
-10.411055 17.300241 5.367885 0.591449 -6.158149 -9.016607 -3.445810 8.931392
