19.945193 -6.430954 2.826043 -5.165246 5.565001 -1.329871 9.398412 5.987379
20.824006 0.314127 -2.131506 -5.163023 5.745843 -1.350963 9.414610 5.949032
8.314106 -6.355135 -11.639679 -7.420903 9.071614 -0.991994 9.326478 5.773861
20.516400 3.380323 -0.389282 -6.424546 4.825058 -0.868245 9.528038 5.740130
-8.154358 -0.694924 -0.667518 -6.796305 6.341244 -1.256277 9.245133 4.345851
18.214800 8.428499 1.355702 -5.137486 5.474826 -1.426446 9.367179 5.980465
11.749913 -5.397146 9.987253 -8.479033 11.651369 5.110264 10.773974 4.623400
19.707651 1.377920 -1.055087 -4.616834 5.601886 1.551419 6.250696 9.901537
-8.385369 1.164907 1.263900 -5.079271 5.679091 -1.347503 9.403488 5.952812
-7.950628 0.481033 2.223341 -6.498155 8.931764 -2.130781 10.025923 5.793482
7.488669 -1.038169 -12.370887 0.709537 5.786016 -1.080738 9.309294 5.983270
-6.828815 -0.057635 7.873691 -4.071915 4.541650 -1.093951 9.830871 5.846530
20.966203 -0.189653 3.630116 -4.603963 4.582418 -2.342852 9.289376 6.045432
20.367061 -4.396723 1.104131 -2.282449 6.397494 -0.008265 8.983142 5.468421
14.797632 -9.357580 9.593565 -4.911394 7.444995 -1.348521 9.351178 6.356340
20.851204 1.133142 2.581685 -2.492802 6.041349 -1.574386 9.565138 5.889469
2.871846 -13.484136 5.949014 -1.408522 8.170512 -1.445480 9.415932 5.978195
-7.706151 3.432725 -0.090663 -2.963424 5.121779 -1.354592 9.385423 5.944215
-7.685756 -4.143749 -0.943967 -3.246815 7.102768 -1.470409 9.214018 5.938488
-8.485463 -0.554346 1.378117 -5.067892 5.680193 -1.355102 9.415793 5.949749
-6.034824 5.021290 -4.710401 -4.962656 5.676396 -1.325025 9.399490 5.947885
5.304854 -10.398010 11.689875 -1.297969 5.761149 -1.444526 9.469703 5.877238
4.767085 -14.519510 4.836729 -4.049400 7.174734 -2.325838 10.717653 3.767049
7.850306 -11.607208 1.684773 -14.905559 5.915953 -1.422581 9.392119 6.012356
-6.363528 -6.140082 6.125182 -3.182589 5.212293 -1.254295 9.350400 5.926507
-2.162910 -12.290664 -1.704332 -5.154763 4.871660 -2.129395 9.372003 6.543232
-8.484796 -0.567149 1.082838 -5.102988 5.660668 -1.348534 9.401790 5.955153
12.619001 12.790412 3.193327 -5.182002 5.817245 -1.417875 9.419041 5.975698
5.076282 12.557516 6.473844 -2.602002 5.284689 -4.974393 9.115949 6.663529
20.389073 -2.635429 -1.978992 -2.814341 3.518917 -1.248565 9.467844 6.183935
-4.863636 8.753898 3.180871 -3.067947 5.911806 -1.228102 9.370892 5.992127
