9.877962 0.933602 -0.551698 3.756817 -9.380458 3.793643 7.979612 -6.223861
-17.980932 4.753626 0.194684 5.712509 -11.771988 3.845163 8.030007 -6.251099
3.612526 7.588508 -10.227319 3.592453 -9.786546 3.805921 7.973634 -6.250094
9.878675 0.873100 -0.405251 3.804760 -9.347943 3.806301 7.974503 -6.251533
-18.714803 0.116731 -0.358320 4.704556 -10.521767 2.900516 7.462759 -6.333217
-3.036019 11.842816 -5.021544 -3.642441 -6.692823 3.363077 8.863626 -7.167159
-17.361696 -4.772601 1.646158 4.255684 -9.154552 4.828589 7.343336 -7.658373
3.749861 -8.885651 4.679717 1.400563 -7.449898 5.161507 6.484137 -7.818373
-5.663181 14.024908 1.916674 4.359242 -4.052613 3.917149 8.373967 -5.763866
-18.121346 5.392327 0.431768 4.124336 -9.380803 3.834363 7.991842 -6.243100
2.008236 10.722388 -0.674673 -2.087355 -14.930419 3.491324 6.384993 -5.863124
-15.743637 9.067015 -3.339309 1.597838 -9.615976 3.277445 7.966530 -6.237481
-5.408413 -13.106950 1.199405 3.048319 -10.975472 2.589971 7.236963 -6.470493
-4.297403 14.826926 -3.361816 1.861604 -8.859971 3.733829 6.944238 -6.082248
0.965006 5.255623 10.183816 5.365437 -15.774375 3.444444 7.430039 -7.629496
1.523240 -5.017542 5.849233 8.799759 -2.319689 6.670587 4.668913 -4.808811
0.241311 14.109410 -3.692198 3.998570 -9.116754 3.635433 7.979205 -6.273880
-18.153621 0.005344 -1.567631 -0.339988 -9.631735 3.595018 7.958920 -6.018671
-1.252867 9.336165 -11.593042 3.154638 -9.460185 3.777365 7.973611 -6.259893
-14.103324 -9.714263 -0.068138 3.786191 -9.392430 3.952964 7.924698 -6.250980
2.460176 -5.481704 4.712493 -3.102911 -13.371005 2.201843 6.335645 -1.628525
-12.061618 0.399443 -8.417285 3.234339 -5.665507 6.003098 11.191477 1.194827
-18.432907 -2.470363 -0.570137 3.424174 -9.497601 3.831763 7.964986 -6.261044
-15.402135 -6.814292 -5.039479 2.866319 -10.729983 2.181567 7.930117 -6.222674
0.816898 -6.685438 -0.885155 0.156791 0.963571 3.964930 7.867216 -6.196840
9.318349 3.439698 -2.321823 5.099959 -11.387210 4.092451 7.989263 -6.142144
-0.739004 12.844097 5.115843 3.251435 -12.759263 1.206759 9.258896 -5.900067
-3.580189 15.188805 1.301843 3.819781 -9.329627 3.807145 7.975285 -6.243472
-18.711133 0.453881 -2.356153 3.861803 -9.236422 3.803847 7.973171 -6.224692
7.682922 5.350055 -6.250857 5.608415 -10.260239 3.410067 8.186745 -6.930434
-18.833129 1.708085 -0.263899 3.750108 -9.325648 3.816824 7.979469 -6.248113
-18.017047 4.625593 1.685900 4.647062 -7.165559 3.697473 8.065682 -6.212301
