-10.494415 -1.290093 -7.141655 -2.476251 5.091402 1.906819 -4.528666 -8.567635
-10.167929 0.923814 -3.614492 -1.384924 4.910397 0.982984 -4.959103 -8.440438
7.085515 -12.718023 -13.100015 -4.732248 3.570067 1.845317 -3.654828 -8.462535
-5.082603 -7.661721 -14.403554 -2.802646 1.569667 2.207139 -5.877467 -8.213873
-6.917986 -5.055537 -13.160440 -2.409433 8.817409 3.729725 -5.401020 -6.244870
14.433678 -10.142797 -8.765216 0.452904 5.977647 1.564089 -3.356205 -8.699936
-7.893519 -7.502784 -10.138463 -3.121389 3.485219 1.417231 -4.176223 -8.505839
9.894351 4.792451 -14.279059 6.646468 3.325083 -0.172751 -7.221274 -3.942108
15.563577 -2.888865 0.686388 -5.579929 7.521490 4.872858 -4.794063 -7.828782
18.713758 3.483427 -7.554681 -0.641502 3.635850 0.998760 -4.308552 -8.552132
11.167769 -1.848791 4.997790 -4.670909 8.210782 3.970786 -4.343545 -11.502456
19.143884 -1.339491 -6.060315 -2.232664 4.807568 1.552567 -4.172649 -8.549951
-5.829509 -3.597132 -0.267095 -8.128403 7.760950 0.395833 -7.325457 -5.834725
-9.989102 2.386240 -7.551950 -5.461045 5.419734 2.415323 -4.512714 -9.256006
18.585169 -0.559198 -11.108822 -2.256898 4.777424 1.527260 -4.166918 -8.438270
13.844061 -10.068316 -2.430314 -4.439849 4.682457 3.081283 -4.111744 -8.466873
19.215155 0.865240 -7.402820 -2.361106 4.713627 1.526661 -4.187070 -8.540036
-5.056771 -3.603804 -7.993751 -10.480319 -0.642226 6.118272 -4.099501 -8.821037
-2.261452 -1.954861 5.685132 -5.159258 7.926946 1.887829 -4.107873 -8.378336
-10.569265 0.926380 -6.876400 -2.246281 4.664675 1.503135 -4.225285 -8.549539
-7.604271 -3.846123 -13.649737 -1.010145 7.587671 3.160429 -3.588767 -6.436381
18.809003 3.471966 -5.641906 -1.897344 5.345095 2.110050 -4.238448 -8.630565
19.041972 -0.831938 -4.602215 -2.448150 4.786053 1.545455 -4.167318 -8.542193
-5.751181 11.084258 -6.511854 -3.727355 4.447415 1.391780 -4.226032 -8.892181
16.100507 -5.253125 -2.170514 2.523577 2.985427 3.898365 -4.708341 -9.490217
-5.739601 10.681990 -4.687487 0.386421 4.784515 1.342760 -4.049443 -8.491050
18.306714 4.809413 -6.116643 -3.887089 3.165101 1.351412 -4.197391 -8.548514
19.242680 0.204897 -6.806839 -2.233887 4.785261 1.546766 -4.169980 -8.542910
15.523494 -9.417379 -8.387128 -1.392737 3.676273 1.553144 -4.161914 -8.496612
18.133276 5.686466 -5.684200 -3.000795 4.663064 1.550985 -4.144353 -8.523251
17.669597 2.813302 -10.594619 -6.888769 4.188038 2.000482 -3.492798 -7.783527
