-9.357796 -2.615024 -18.136315 11.076420 -0.588066 -7.233445 -2.107882 -5.710446
-6.779405 4.058909 -1.067207 -0.365717 5.719697 0.048173 -2.175710 -5.712884
-3.125721 -17.262618 -12.310150 12.962102 5.204625 -6.927035 -1.460913 -6.349130
-11.227434 -10.938949 -4.893437 12.130409 9.642922 -12.809611 -1.825199 -10.484811
1.494321 -4.061103 -12.690716 8.711288 9.183481 -12.262533 8.463512 0.478174
-15.246572 -6.255990 -5.237115 8.618465 7.741576 -13.702468 -1.105435 -3.354349
-17.505856 -6.089840 -7.555520 5.227384 6.024003 -7.138284 -2.064331 -5.761795
-11.832815 -5.840057 -17.101495 1.147354 1.895284 -4.055456 -2.148271 -5.951546
-0.362790 9.247102 -12.086398 8.824481 3.441337 -8.231044 -2.173716 -5.249920
-17.590956 -5.004799 -8.037196 5.927731 6.018231 -7.185181 -2.093285 -5.489828
6.890224 -9.576601 2.718944 8.009389 2.910680 -6.830276 -2.662425 -5.144907
12.600984 -5.976677 -9.728677 6.914313 6.142343 -7.171812 -2.077687 -5.547566
8.175942 -15.574529 -7.731934 6.101729 6.050697 -7.142485 -2.155525 -5.596307
-16.313530 -1.284863 -12.746955 5.617700 6.008886 -7.275852 -2.149443 -5.663504
-6.748862 -10.808187 -5.615735 9.405092 -1.907376 -16.923530 -1.355580 -4.426811
12.108841 -3.844898 -9.406918 4.508084 5.988886 -6.502440 -1.571501 -1.739583
-15.256905 -7.317886 -6.204859 12.413988 4.325213 -8.968731 -1.253245 -8.662816
8.036383 -4.825709 2.956058 3.185600 5.604482 -7.979650 -2.448753 -6.858998
-11.954509 -2.099650 -8.550232 -3.196106 10.183471 -5.629238 1.958299 -8.815642
12.592266 -5.942774 -6.492633 8.108403 5.790468 -7.180294 -2.210234 -5.571633
10.659202 -2.120120 -0.790815 8.866247 5.611795 -6.624601 -2.265479 -5.897087
-2.667002 4.106152 -1.251900 1.087783 11.311136 -3.420225 2.049627 -11.064391
11.607548 -4.932541 -4.257898 6.167119 2.415143 -4.523251 -2.500537 -7.604405
9.612287 -5.833876 -14.055130 2.144483 11.090266 -5.814232 -1.574159 -4.389691
-15.369769 -12.554034 -7.636482 6.072091 5.998430 -7.191171 -2.086855 -5.555673
-10.173702 -11.518056 1.540912 1.253938 6.893328 -3.408194 -2.403208 -6.486915
4.701428 -10.852597 -3.650411 -2.483222 12.980403 -8.043128 -3.840988 -6.553188
-9.784919 -12.544053 -11.325792 15.738922 5.168452 -6.029189 0.061688 -5.149502
12.832172 -4.585911 -7.609997 6.086104 5.895610 -7.188272 -2.082605 -5.561811
-17.578814 -4.070630 -7.322077 5.972179 6.329914 -7.113167 -1.891950 -5.946903
2.825017 8.476033 -11.939640 7.895189 3.601051 -5.355328 -0.718323 -5.431100
