5.164185 -10.872350 3.462851 -7.849661 -4.929736 -6.269155 -7.804078 9.117437
-17.679943 -18.507367 9.953068 -9.117362 -12.267794 -6.808538 -6.893207 8.731539
-23.450333 -11.731055 3.475641 -8.776278 -5.461812 -6.285903 -7.887122 8.323944
-5.223057 5.699476 7.056894 -8.217692 -5.168797 -6.369489 -7.120833 9.148748
-16.541309 -17.114321 15.650433 -5.531942 -4.872720 -6.593385 -8.730460 8.700579
4.673514 -13.970906 7.829713 -9.060500 -5.722483 -6.549862 -7.824306 8.945841
3.390645 -2.921179 1.408287 -6.554016 -6.182175 -6.302531 -7.803389 8.726005
-23.996400 -10.552773 6.733319 -8.950949 -5.934048 -6.748271 -7.761957 9.012828
-17.105740 -5.217835 -0.035222 -6.878330 -4.538101 -16.490345 -7.771016 7.478185
3.455825 -6.512923 -1.104446 -8.522529 -5.840923 -6.611164 -7.744889 8.981890
-19.921471 -5.203701 -2.859008 -10.303573 -5.860468 -8.996323 -8.238921 9.459578
-24.112446 -8.857640 6.119769 -9.222259 -5.914230 -6.688900 -7.754792 8.937976
-20.956827 -1.114796 4.196645 -13.641122 -5.798364 -6.471588 -7.605182 8.919761
0.147601 2.693544 4.514284 -10.265411 -5.071505 -5.947463 -8.122955 8.698753
-12.453020 -4.702189 -7.510531 -8.651407 -5.858947 -6.651053 -7.738340 8.999017
-24.123551 -8.673202 6.530505 -8.879725 -5.899737 -6.614150 -7.730584 8.984166
-15.508564 -5.510321 -3.530734 -9.941131 -8.102201 -8.409697 -12.126062 2.366897
-1.582813 4.205614 6.376560 -8.655024 -5.713975 -6.609042 -7.666344 9.004828
-15.897417 0.664140 5.808646 0.283412 -3.530976 -5.585652 -7.851529 8.377766
-24.093530 -8.211149 6.833586 -8.151445 -6.180600 -6.509356 -7.729902 8.987822
-1.486946 -0.341338 11.246164 -2.473488 -1.182029 -6.239641 -8.246572 11.905916
2.002513 -0.105090 9.787639 -5.982411 -4.146823 -6.472960 -7.231901 10.481649
-9.407299 -21.938687 1.149117 -11.583575 -3.803329 -6.429612 -9.238826 7.331269
5.535811 -10.376384 4.948772 -8.730850 -5.980539 -6.870611 -7.536082 8.762586
-17.927928 -1.344957 6.238539 -13.452720 -1.829941 -5.787916 -0.435747 7.529847
-21.021472 0.222205 8.218535 -7.584330 -6.014444 -6.796051 -7.861005 8.842171
-4.983119 5.280986 8.738206 -7.100607 -4.072318 -6.365071 -7.965724 9.019166
2.403795 -18.015162 6.528200 -8.960159 -5.801323 -6.461047 -7.666993 8.996294
-19.574057 -16.424522 11.004228 -6.462392 -7.512194 -11.261641 -5.895138 9.839400
3.950152 -13.737341 1.743377 -9.782935 -5.533884 -6.378698 -7.869649 8.934272
-11.327614 -0.504102 -1.030789 -3.445230 -5.531799 -14.076520 -9.235287 11.749152
-4.137583 -0.310447 13.998525 -0.453811 -6.401505 -6.623467 -7.928594 8.165008
