21.777133 2.465209 -2.401445 1.263480 5.688858 6.910146 9.405772 2.056823
8.471767 -0.453336 5.871173 -6.422389 13.791219 5.390156 9.015054 2.830649
-4.629562 0.937437 1.436209 -0.878836 4.530988 9.304441 8.942775 1.865929
-5.732725 2.882069 -0.521491 0.025194 5.801367 6.904519 9.312407 1.955600
-5.958465 5.253773 -1.393193 0.025651 5.916252 6.908999 9.283423 1.948757
3.457224 4.997136 -14.199318 -4.104084 5.763793 6.879152 9.317437 1.952718
-1.388764 -5.198141 -2.152728 0.407487 5.848480 6.895046 9.263217 1.966801
16.228647 1.644182 5.413355 0.516647 14.061470 7.027283 9.664268 2.467464
-5.483225 4.233394 1.451175 -1.408618 6.538494 7.089711 9.058713 2.039649
12.645212 15.249549 -5.423512 -3.750822 0.910444 2.384878 9.970997 2.165203
-5.307807 5.264234 -3.354077 -3.556470 5.572259 7.028371 9.933836 3.037773
8.781295 12.552049 6.601804 -5.837486 11.805772 7.941839 10.633272 1.651415
-0.227112 8.629325 -5.766184 -5.957329 4.897507 13.486376 5.100178 1.364540
-4.010473 7.967625 -3.300555 2.756825 7.650836 9.039550 13.012993 -1.429628
-5.741714 3.326074 -1.755806 1.558368 5.087838 7.023638 9.203350 2.220587
-3.362795 -0.612886 -0.130439 -4.556536 8.738241 6.193193 9.551534 1.761514
-4.795551 0.804872 -3.434228 2.991955 6.458293 6.777560 8.933957 2.432205
19.135161 8.784564 -7.562587 -3.522762 2.604947 7.737013 7.880744 2.294328
20.885497 10.803144 -2.451250 -0.024518 6.051179 7.125062 9.034762 2.066414
21.013260 10.077445 -3.794925 0.710910 6.165436 6.648661 9.343514 1.995203
13.185501 -4.376210 6.492048 3.816879 5.282406 7.074160 9.417239 1.946375
18.621977 2.749285 5.925189 1.298834 7.449016 8.189520 5.372873 3.226347
18.159844 11.389568 -3.922275 -5.227368 5.757114 11.675413 9.242701 1.906416
-1.999516 10.299105 2.493383 -5.118633 3.174474 3.523372 11.548719 3.186262
16.894395 -0.154445 -0.224125 6.804743 8.894376 11.825098 12.452552 1.308971
-3.260152 0.934564 -4.293832 -1.920519 9.084390 4.411896 5.053697 -0.177965
0.272514 -6.469602 -0.562545 0.095061 5.816468 6.898729 9.313207 1.957687
-3.723059 8.173099 4.547811 1.201656 2.840854 7.480495 9.179770 1.588704
10.600871 7.338481 -14.633472 -3.104139 4.043894 8.505269 8.632353 1.418460
-0.275632 -5.437295 -4.029638 2.858675 4.492044 6.838693 9.206778 1.881464
16.461335 0.721474 -6.067731 -8.787365 7.448924 9.297003 9.312071 1.629471
