-20.408303 4.015372 2.793228 -4.063976 3.707744 -3.586581 -1.433062 6.276748
-21.763811 -3.917565 0.922098 -5.014272 -0.659601 -2.940685 -2.571782 6.642079
-14.988696 9.071605 5.099770 -3.634676 3.881205 -3.560131 -2.135062 6.200115
-19.628822 2.816755 -3.395380 -4.308156 3.713041 -3.400913 -1.425826 6.268550
-20.690136 -3.273234 9.788659 -5.201837 4.396262 -3.892072 -1.411451 6.292296
-16.915812 7.625804 1.790072 -2.247352 1.220717 -3.636210 -1.387199 6.353616
-21.803827 -3.200420 -2.033187 -4.100172 2.975919 -3.338133 -1.414310 6.261773
-11.832160 -11.149713 8.212490 -10.145178 5.337965 -3.208919 7.072026 9.453774
-12.937770 3.211516 -8.263407 -6.348839 5.800611 0.378010 -3.201614 6.971070
-8.989020 11.119289 1.786120 -3.211020 1.851184 -3.535630 -1.343218 6.202761
-20.821897 -0.984810 -3.606432 -5.539246 3.867496 -3.720445 -1.670229 6.112169
-16.515756 -13.147647 6.435875 -9.682979 6.818954 -4.371398 -1.302202 6.238268
-13.738111 7.732340 -4.828694 -4.347028 3.706869 -3.119048 -1.473894 6.362571
-21.606789 -5.574323 4.256904 0.498899 1.853629 -2.999775 -1.523900 5.931952
-19.747758 -2.630414 -0.876451 -11.156984 4.836234 -3.703621 -2.232768 3.318107
-22.289102 -6.700573 2.468242 -3.716825 3.845951 -3.677765 -1.351940 6.363672
-5.324573 -4.731057 -9.276756 -1.699906 6.389877 -8.937770 -3.425107 12.198838
2.142125 -5.472616 6.296441 7.023956 2.644098 -4.200743 -1.439018 6.365959
-21.263361 -9.838501 1.474927 -3.911114 3.537159 -3.563596 -1.424397 6.336436
2.770551 -5.856680 -8.001392 -1.631433 3.418015 -3.213503 -0.692841 5.723919
-22.501375 -5.285572 2.650537 -3.865282 3.447046 -3.422048 -1.613825 6.320948
-16.411472 8.281996 1.172064 -4.692888 3.573428 -3.583591 -1.386358 6.270536
-19.169158 -1.328121 7.390372 2.535721 0.749008 -6.677085 0.198349 5.026462
1.733247 -13.239294 -4.667938 -2.860155 3.602942 -3.757272 -1.288184 6.096082
-8.101275 8.405979 8.473186 0.347035 -1.335864 -1.635108 -1.715090 6.140288
-1.901496 -10.510573 -6.782254 0.637890 3.162193 2.639554 -0.052197 4.784977
4.658380 4.086924 0.560512 -0.525887 1.731253 -4.450668 -1.184317 6.283385
0.128509 -0.876982 15.387602 -4.777071 3.530440 -3.534428 -1.414124 6.281698
-20.103655 -0.225798 10.146676 -3.743607 3.500917 -3.498167 -1.431724 6.227017
7.650327 -4.036346 2.164054 -4.249824 3.752586 -3.424060 -1.349911 6.244481
6.582477 -8.176655 0.562798 -2.835438 1.690681 -3.207130 0.321306 5.890888
