-22.984033 -6.287695 6.439523 2.402085 7.955613 -2.690547 0.206270 4.741851
-23.091107 -7.938173 6.317798 2.129000 7.846698 -2.577317 0.121735 4.719499
-15.678301 5.190111 5.173802 2.771967 7.720238 -2.457143 0.073552 4.729631
-23.067187 -7.510123 6.570954 2.252577 7.366310 -2.471774 0.289555 4.325492
6.924598 -10.726199 6.580526 -3.699111 7.195866 -3.137530 0.490288 4.444307
0.879396 -21.523494 6.617220 1.812377 7.887349 -2.740978 -0.052671 5.057289
-15.991613 -15.251851 17.077887 4.128983 6.969198 -1.812574 1.076567 4.567676
-10.680913 4.637536 -2.303509 2.457824 7.474567 -3.269670 0.291615 4.421562
-21.595756 -2.358155 7.361087 0.650500 5.182050 -3.307995 0.295868 4.151037
-19.741047 -1.718277 -0.971319 2.337407 6.768778 -2.608442 0.231568 4.655491
-17.857581 -2.647565 0.219395 -4.298192 7.767586 2.524299 0.637309 3.816584
-8.958697 -1.446045 3.186747 12.266865 7.345223 -10.382925 5.525588 6.230498
-15.676384 -21.338778 6.741925 1.124000 8.964994 -1.939301 0.596787 4.375124
-21.712041 -3.691712 6.451962 -0.033585 4.463162 -3.243079 1.055638 2.722131
0.401651 4.692915 8.665153 -1.053316 8.836899 -4.871259 0.080060 4.811124
-20.680387 -1.644531 7.809262 5.768334 5.906843 -2.478641 -2.593276 6.497134
0.255513 -18.459928 6.970986 -6.355353 6.038271 -2.218220 -1.686978 3.901786
-19.122032 -16.314901 10.346588 -2.698589 8.047782 -2.495522 0.140998 4.704828
8.015424 -10.120806 3.543690 3.043522 7.831221 -2.520840 0.036625 4.580909
-23.093764 -8.101142 6.276054 2.326006 7.785325 -2.565575 0.123536 4.713373
5.004535 1.642669 6.460695 2.478973 7.775233 -2.571251 0.120309 4.714117
-5.896953 3.852152 -1.005583 -3.182216 12.141550 -2.166438 0.266904 4.486323
-2.595213 0.259174 -4.799035 7.140879 5.245199 -4.174933 0.805326 5.211459
-22.427685 -12.641225 6.004652 2.490505 7.759300 -2.563013 0.120418 4.714442
-3.351807 -22.427451 11.134610 1.595266 6.310051 -2.062925 -0.603499 4.634843
-23.040765 -8.299200 5.374855 1.647324 7.786251 -3.146014 0.088568 4.887540
-13.807640 4.134741 -1.182175 3.064734 7.468444 -2.556130 0.142721 4.720326
-18.918871 0.334922 -0.014551 2.011470 6.040546 -2.594779 0.117792 4.561059
-21.877815 -2.090693 6.498707 2.001983 7.647599 -2.309115 0.416109 5.067279
-10.737130 4.894356 13.403441 2.838396 9.227495 -4.734902 0.263031 7.716954
6.420301 -14.286371 2.580272 0.862370 7.508683 -3.764972 -0.928783 6.126711
-22.338857 -11.382633 6.421336 3.211066 10.165619 -0.639483 -1.156913 3.840946
