12.265462 0.783245 -7.681123 6.087771 -4.346160 5.474275 2.371386 -7.530417
-4.393894 -1.162549 -3.222747 -3.014591 -2.092559 4.521551 4.510412 -5.379455
12.005744 3.128745 -5.369412 6.840001 -11.486528 3.852375 0.233175 -7.875829
-7.555397 -2.338075 -3.325315 11.220742 -5.472433 3.617387 2.284979 -5.509426
15.944381 9.307643 -2.440396 6.300737 -4.113872 5.193177 2.153400 -6.043144
8.244040 16.123014 -13.341259 4.626625 -3.169488 6.495229 1.565258 -6.381512
10.619984 17.566150 -8.528935 9.240693 -2.378872 8.521931 1.815131 -6.115973
-9.659479 -1.578376 -4.055712 4.346495 -3.725104 5.551276 2.022764 -6.175041
-13.359697 10.149348 -5.460650 5.434794 -1.072002 5.048473 3.379883 -3.623699
-1.162480 5.958759 -17.130553 7.266450 -4.634551 5.331823 2.157258 -6.226610
4.438967 23.421492 -5.364711 5.076101 -4.831899 5.061192 2.014211 -6.205080
10.184745 -2.000982 -4.028622 6.442916 -6.849354 1.990355 2.249231 -6.052696
-5.904047 14.841828 -3.524125 18.259984 -6.259896 4.141416 2.936793 -6.472069
0.999919 9.386819 -17.154876 8.581123 -1.511959 5.447076 2.671221 -6.339505
-14.237966 9.138156 -2.010878 7.839814 -4.496936 5.657922 2.181769 -6.369292
3.590982 -3.454337 1.143823 -0.945304 -4.434977 5.326477 2.225910 -5.968413
13.225838 0.896460 -0.034956 5.988672 -5.077672 6.444532 2.316188 -5.720439
-1.916813 -0.645876 2.317704 5.700263 2.129551 0.762108 4.680868 0.011694
13.623510 5.546911 -0.501535 5.534400 -10.205745 8.833475 1.562383 -6.102819
9.453078 -2.420638 -5.129635 8.514765 -6.332632 2.718796 2.543167 -6.596538
14.492519 14.986946 0.130212 6.364257 -4.489449 5.375188 2.177585 -6.044629
15.247766 13.504446 -3.229100 6.904614 -4.408552 5.147268 2.149021 -6.044921
13.765879 15.547114 -4.365593 3.129244 -4.929530 4.733449 3.668424 -7.833213
6.410101 23.132013 -2.377035 6.191399 -4.335978 5.178903 2.152341 -6.050860
6.828862 -3.402208 -2.386472 7.565608 0.864510 2.552437 0.787458 -6.436838
15.875687 8.228423 -2.572629 5.259211 -4.868120 5.423602 2.342622 -6.400743
-5.415785 19.189299 -4.328977 15.373249 -5.462420 5.345148 1.870455 -5.812352
12.441036 7.136522 -5.515241 -1.520042 -6.022210 1.847891 0.971923 -3.736109
-14.262570 8.693262 -3.507559 6.836451 -4.477132 5.743300 2.652707 -5.552695
-3.840250 -5.220466 -0.571663 6.383019 -4.639911 5.245004 2.119261 -5.968209
14.304625 15.362019 -3.586791 3.896892 -3.980479 5.542594 2.502557 -5.520065
13.627403 1.122924 -1.234371 6.158586 -4.012563 5.595485 2.238638 -6.132783
