-22.515512 3.350691 -3.678711 8.120532 -2.997550 -8.578273 7.808543 0.339875
-22.689385 1.090345 -3.340841 8.922172 -2.776017 -8.546136 7.847691 0.324141
1.078177 7.989893 -7.953116 15.421399 -3.153362 -8.952409 7.734238 0.481985
-19.967503 -2.024348 3.701223 4.662376 -3.016662 -8.704704 7.799396 0.062817
5.077220 6.644361 -4.724521 7.927010 -3.285661 -8.680824 7.795682 0.373903
-22.492409 -0.137779 -5.840080 8.032689 -2.807636 -8.948485 7.705651 0.330188
3.556076 3.581301 -10.554953 11.535684 -4.595032 -8.282794 6.825885 0.563819
-15.021919 -10.789225 -0.102779 6.372674 -2.682085 -5.083557 7.424960 0.835002
-1.806553 9.234837 2.839959 12.927077 0.035759 -4.345709 5.481698 2.161382
-11.517748 12.547603 -8.013993 1.899932 -0.340833 -8.559495 7.817381 0.354806
-3.484754 -10.020412 -11.759190 8.786346 -3.380164 -9.195590 8.021374 0.303642
-20.338461 -4.861059 -4.626679 3.339734 -5.039730 -7.357719 7.846841 -0.841060
-22.092477 4.033764 -3.837338 10.847488 -2.898925 -8.387991 7.905645 0.425064
2.809322 10.355140 -3.555592 7.602313 -2.917997 -8.972292 7.847893 0.476140
-10.469280 -5.683834 1.632086 10.570894 -13.290375 -8.350718 7.030933 -4.369657
-21.546502 6.590654 -3.153926 8.188070 -3.622811 -8.548797 7.810116 0.340247
-1.853815 3.049313 -12.012362 13.310021 -10.066372 -10.819094 11.105697 0.002446
-6.954813 15.191018 -4.463183 9.673519 -3.630204 -7.701175 8.424541 0.889077
1.116777 0.749224 -14.644980 7.692835 -3.398169 -8.812457 7.582026 0.199036
3.618854 -7.448225 -4.442606 7.837412 -2.955046 -8.474971 7.974325 0.191650
-15.816400 12.567617 -6.659480 6.507124 -4.150746 -10.510503 7.822024 0.360054
-21.827974 -3.379732 -0.952861 8.066363 -2.958651 -8.556649 7.800466 0.349204
-22.150330 -1.210056 -0.998956 9.026530 -1.444053 -7.214805 7.752541 0.309722
4.919344 2.150438 -8.706882 11.211770 -2.964420 -8.626202 7.797166 0.342178
-9.487939 10.591440 -9.382409 -0.959903 -3.273690 -8.074172 7.609282 0.970982
-19.520303 8.964310 -0.381339 9.281732 -1.755379 -7.276201 8.410112 -1.335923
4.016298 -6.655082 -2.051581 6.684378 -2.970729 -8.664195 7.917568 0.275250
-3.675343 11.666986 -11.316698 6.572581 -0.102950 -10.214076 7.101809 1.046667
-1.680210 6.666467 -15.151753 7.583416 -2.992750 -8.570321 7.828735 0.327918
-7.554746 -1.952687 10.320666 11.168365 -3.247909 -8.729141 7.850051 0.503135
-11.467835 14.365597 -5.899902 6.946924 -6.274370 -9.764175 8.420980 0.433594
-6.466959 0.215877 4.023705 -2.655696 -1.915886 -11.619407 4.191840 3.900083
