16.473880 16.491471 1.042697 -2.421055 1.134396 -3.072494 -4.402156 -2.655359
6.457358 6.632207 11.809535 -8.753487 0.413463 3.477025 0.771754 -0.564777
-1.124932 7.360840 -4.702478 4.003018 2.437506 -3.139538 -4.387663 -2.618370
7.696207 -0.512155 6.442063 -8.101912 1.564863 2.953269 -3.052685 1.048882
-4.427632 13.183802 4.656829 -4.776650 2.671284 -3.073817 -4.286528 -2.714458
21.516965 8.953619 6.468202 1.067020 2.358930 -3.051756 -4.402788 -2.596905
-6.254741 6.762742 2.825758 0.386935 2.528651 -5.095783 -4.150237 -4.038968
8.093955 19.661304 2.134966 5.349988 3.897743 -0.020204 -5.079616 -6.108184
6.178880 -5.781433 10.241070 3.460203 2.092272 -2.964216 -4.486057 -2.423109
9.088847 -4.847308 8.528825 6.109226 5.447557 -4.198805 -4.265888 -1.234381
-1.595763 5.282762 12.563433 -5.739610 -3.121455 -0.722320 -4.523146 -1.935132
16.608776 16.113996 -0.064116 2.752401 1.115147 -3.014582 -4.388879 -2.654693
-0.436480 17.965173 4.030849 -1.456912 -1.925148 -0.705848 -3.349182 -0.895189
9.567767 -6.177309 8.569198 0.382528 1.812373 -3.037378 -4.344812 -2.629736
20.468465 2.304905 6.720301 1.834699 2.353863 -3.054654 -4.403194 -2.596666
5.791819 -4.724679 4.153104 -5.350586 2.329748 -2.996417 -4.374672 -2.602723
-5.149187 0.885104 4.822275 1.085109 2.313196 -3.052203 -4.400273 -2.600450
14.787678 6.303309 6.470010 -4.634573 7.032331 -9.616651 -10.902747 -5.057544
7.957198 13.100072 -2.759371 -8.413493 2.254368 -3.055466 -4.400363 -2.593712
-0.017026 8.010746 -4.918912 5.504311 2.167740 -4.080428 -5.015529 -2.350987
21.127307 10.926013 6.669100 2.340049 1.593915 -2.883816 -4.446505 -2.615724
14.265670 18.346775 12.795741 0.384768 2.181164 -1.633510 -4.981647 -2.369585
-2.134770 -0.889583 5.000688 -0.834678 -3.415239 -2.127853 -4.128170 -1.583952
20.049450 3.669090 1.621529 0.661335 1.706288 -2.473958 -4.431396 -2.896727
5.708015 8.593196 10.308511 0.493048 15.987732 -3.021022 -4.814916 -2.567958
21.562762 7.416747 6.290595 1.096755 2.448505 -3.069400 -4.390142 -2.708610
8.015010 19.492620 4.196304 -4.210135 6.499235 -0.999128 -7.010179 -0.492619
-6.893924 9.075681 6.631566 2.300735 2.339667 -3.040310 -4.366524 -2.569667
15.353687 8.685304 16.863070 -0.871189 6.400002 -6.199619 -4.544656 -2.402103
9.551272 -6.361753 6.377262 1.243879 2.134749 -3.027431 -4.403529 -2.597852
21.268033 5.152874 7.417104 2.006967 2.335131 -3.056384 -4.401025 -2.594613
