17.025977 -12.674460 -9.558115 -2.110947 -5.343722 3.298795 -0.910384 2.853733
22.172596 -4.003641 2.623745 -2.090119 -1.123596 6.078593 -0.410664 2.535231
22.898562 -7.226262 -0.625529 -1.458654 -0.908544 6.177651 -0.429692 2.707208
1.305075 2.122695 5.234471 5.675383 -0.472551 6.484053 -0.842225 2.682660
8.119341 4.403143 -9.563572 -2.797086 -2.097112 5.971095 -1.544885 2.701975
-4.417398 -12.626466 2.882538 2.417863 0.941706 6.548754 -0.046961 2.536176
19.137232 -16.721268 -2.147098 -0.113809 -1.384957 6.351465 -1.171874 3.468355
-4.178710 0.526792 0.576634 -0.429818 -3.193791 5.905831 -0.433629 2.744139
22.660623 -7.371109 -1.229049 -2.919415 -2.690452 7.147617 -0.124513 3.175941
8.357342 -1.248341 2.925779 11.588288 -0.374961 6.482856 -0.488073 3.025212
2.591594 -20.775833 -1.253311 -1.260325 -2.129664 6.627019 -0.639189 2.724335
-1.835805 0.215621 -7.967410 -4.561388 -1.112267 5.619836 -0.958589 3.261616
17.812847 -3.700754 -9.581173 -6.883867 -1.251111 4.606279 -0.455866 2.892150
22.811561 -8.703369 -0.567758 -1.337343 -1.034601 6.418082 -0.412099 2.405910
2.559250 -2.362977 -12.512928 -4.418423 -4.564803 6.320936 -0.851964 3.321321
-5.706465 -2.189694 -2.059993 -1.775828 -0.754022 6.166489 -0.429412 2.716236
8.623013 -11.500848 10.500123 1.602252 6.456894 5.215612 -3.748689 2.762769
-0.823681 -5.052045 0.123723 10.047291 -1.784842 6.192961 -0.428784 2.709352
6.188095 -16.365690 5.168866 -8.637127 4.323585 2.064457 0.201507 2.857926
19.147387 -3.186614 3.473488 6.460775 -1.292785 7.349103 -0.294459 2.815562
-5.858050 -3.436639 1.884474 -3.052285 -0.884243 6.040326 -0.398065 2.541847
-2.911540 1.450018 -0.569218 2.601755 -1.277838 7.517848 -1.795605 4.126860
22.773088 -8.736362 -1.655647 -1.686348 -0.775004 6.401110 -0.387773 2.752612
2.423537 -20.758976 -1.007434 -1.207467 -1.137080 5.918437 -0.926400 3.116783
2.415219 -7.024583 2.855063 7.772962 -10.285905 6.698271 -0.426459 3.112739
22.822453 -6.649280 -1.845035 -0.793942 -0.730198 6.196811 -0.428992 2.704275
15.055009 2.541557 7.880481 -0.785739 -2.499694 6.315827 0.246425 1.998270
12.144381 -21.315534 -1.127805 -1.989225 -0.315068 6.572470 -0.962846 3.282929
14.651746 -18.795022 5.526649 -2.285176 -0.822755 5.396969 -1.171309 1.885449
-6.609621 -7.516265 -0.953577 -0.784996 -0.776294 5.573597 -0.552562 2.792899
10.666227 -21.497030 -3.103499 -1.453120 -0.919710 6.169309 -0.430968 2.723113
-6.125104 -4.174343 -1.141371 0.523126 -1.654841 5.095394 -0.240121 3.229812
