-8.889253 1.830325 -5.166268 9.052438 -6.825467 -12.172818 1.375766 0.485427
-8.910839 -1.344034 -6.304928 8.738465 -1.755329 -6.590464 -0.287970 2.055725
-10.456714 3.139476 2.565005 7.999133 -2.849449 -6.020509 -0.636876 2.115235
11.274937 17.854070 -4.106949 11.141145 -2.614073 -7.937894 0.149614 0.967687
14.193402 4.280930 -0.304117 6.968291 -1.491118 -5.077827 0.831597 0.996741
-4.653607 -1.413902 3.637986 13.392431 0.194262 -5.517805 -0.791520 1.475867
-3.798420 1.932147 1.958833 18.761694 1.452538 -6.096813 0.753211 -0.160724
13.816823 13.270481 -7.237977 7.996066 -0.737318 -6.951187 -0.170679 1.418773
14.185274 13.965513 -3.639822 9.110951 -1.992016 -6.582702 -0.042926 1.463152
11.188956 -1.002065 -0.639463 12.166140 -1.423838 -7.558041 0.533831 1.776535
-12.679291 7.849821 -2.767152 8.622746 -0.580308 -4.475600 -0.506391 1.756568
2.508126 -5.519142 -3.564886 8.455270 -5.041599 -5.879250 1.251639 2.466035
0.772959 -4.416916 -0.514890 13.402802 -3.324572 -10.171876 -1.535665 0.833287
13.418041 11.174850 -8.426615 8.382159 0.872563 -3.659306 0.026224 2.727253
1.283595 -2.351988 -3.078252 7.226206 -10.977134 -5.854709 -1.955045 2.987591
8.760861 6.191760 -15.360369 9.371506 -1.832971 -6.670123 -0.052026 1.463905
14.673773 10.064676 -4.024483 8.846219 0.190301 -10.172984 -0.205332 1.236934
2.931223 20.965853 0.471914 4.956443 -2.263040 -5.986867 0.140321 2.311683
6.625474 16.413720 -7.810885 7.490174 -6.762765 -14.359731 0.972998 1.001144
-7.279200 4.205752 -2.215590 18.746446 0.547326 -10.003192 1.489394 1.586730
8.499517 20.246167 -3.215324 10.600911 -1.442921 -6.700503 -0.010901 1.460035
13.097326 14.381490 -6.751022 6.410959 -2.612693 -4.930353 -0.101895 2.092033
10.610271 13.387353 3.415946 8.801931 -0.761251 -0.613855 0.025974 1.680938
-2.424394 -0.609882 6.543871 10.593602 -4.656735 -8.001937 -0.014557 1.421529
7.104958 19.586485 1.634226 5.990332 -2.455674 -6.722804 -0.009434 1.479362
-7.539377 14.672383 2.367558 16.046135 -1.568116 -6.806985 0.032581 1.565136
14.549624 3.662858 -4.566669 7.760310 -2.789472 -6.255413 -0.190087 1.929548
11.576713 11.429846 4.621342 4.927656 -2.452500 -7.112523 0.083307 1.370925
1.683636 19.802562 3.256667 11.128070 -5.967887 -7.226619 -0.353809 1.617586
11.828205 15.478771 -8.771994 8.020963 0.481431 -7.177525 0.253437 1.320964
9.345005 0.861949 -11.684932 13.035089 -1.788038 -7.131675 0.191278 1.427837
