-11.262275 -0.939585 1.964328 -7.688635 -6.532920 -7.838178 3.608971 -3.546427
-8.441962 -5.942251 -11.248965 -17.587422 -7.625830 -1.825121 2.241813 3.996546
-17.790727 -1.657237 -6.502171 -9.850711 -4.752649 -7.576319 4.044092 -4.016329
1.418382 1.785609 -7.637492 -9.173837 -8.516739 -8.397852 4.018939 -3.545330
-20.057549 -8.328856 -10.021566 -9.422287 -4.877810 -7.889485 4.070733 -3.576879
-5.143841 4.457251 -6.545075 -9.090167 -5.232847 -7.607476 4.058432 -3.723041
-19.057490 -8.690732 -9.014561 -7.067186 -10.105079 -7.371805 4.177859 -3.778630
7.155611 -8.292419 -12.253545 -9.380136 -5.027038 -7.610313 4.091921 -3.618340
7.772579 -9.888678 -6.685003 -7.470411 -4.219157 -7.603360 4.108086 -3.618846
7.665625 -12.489440 -7.692250 -9.332858 -4.966349 -7.676119 3.990872 -3.667202
-15.531339 -1.596844 -12.492173 -7.742762 -9.723199 -7.449894 3.251482 -3.503791
1.496863 -10.798691 -1.453352 0.208285 -7.917515 -7.616044 4.089168 -3.616248
-11.426300 -8.049285 -15.339201 -13.086110 -2.807258 -1.221536 10.826361 -0.981941
-15.742008 -1.913359 -10.395758 -15.807184 -4.073670 -7.667246 4.097593 -3.589421
-18.763155 -7.372696 -2.134520 -11.331866 -5.733504 -8.289615 3.475780 -3.951223
-7.296985 -7.978223 -1.658319 -20.314935 -6.368394 -12.705157 7.566601 -3.703233
2.744066 -10.882234 -12.225514 -14.599890 2.586230 -5.375687 1.214805 -3.815304
2.955051 0.716236 -7.120483 -10.044365 -7.516795 -5.848279 3.696285 -3.257324
-20.044283 -11.892642 -8.915296 -8.589841 -4.984531 -7.570350 4.092830 -3.619516
-11.790887 1.522982 -14.207958 -10.525183 -4.848337 -6.972353 3.392163 -2.981141
-6.125297 -23.695493 -6.839651 -9.491000 -4.805084 -7.523072 3.999021 -3.826446
-10.772063 -10.012437 5.124024 -13.085890 -5.010481 -7.614564 4.099442 -3.614848
-12.221459 -14.625061 -11.679920 -7.757584 -15.902502 -7.860941 3.428964 -2.813362
7.962819 -9.318315 -7.842764 -9.210161 -5.009926 -7.633605 4.089624 -3.635126
7.496042 -12.852578 -9.247246 -9.378999 -5.293100 -7.636183 4.240207 -3.570093
-18.802680 -14.398925 -4.991768 -7.258957 -3.478769 -6.206820 3.231531 -3.994663
-12.458301 -1.538919 1.543206 -8.554243 -3.576737 -5.439771 2.688220 -4.228052
7.427926 -12.283862 -8.724683 -10.917634 -6.233185 -9.196676 3.983367 -3.046566
-0.465776 -19.822185 -7.674173 -13.432578 -0.988571 -3.857162 0.545668 -5.442139
7.351223 -13.463471 -7.408702 -7.998518 -5.027816 -7.521876 4.098756 -3.653380
-15.751110 -8.992687 2.309653 -10.563651 -7.153752 -6.508244 4.018012 -3.933726
