1.979184 -19.691737 -1.923133 8.755602 -2.864166 2.585768 9.054077 1.258308
1.382796 -18.933054 1.693289 8.200714 -4.297859 2.465163 9.085985 0.667845
6.578449 -10.399998 -3.623024 8.634151 -4.487222 1.958459 9.126448 1.107791
3.058771 -18.776962 -2.295134 7.358162 -3.880670 2.147712 8.607708 1.455511
0.286930 -21.124414 -5.347829 6.809253 -4.459275 1.576439 9.170217 1.261955
5.004663 -5.229811 -5.661301 5.361832 -5.101114 4.277921 8.598148 1.325392
-16.458725 -4.021781 0.440999 3.946596 -1.840472 -1.500748 9.261083 1.033920
-20.319638 -10.115623 -3.991565 8.086045 -4.885052 1.811894 9.050616 1.263683
6.488860 -10.882001 -2.709468 7.610065 -4.676648 1.435294 9.058629 1.287771
2.484608 -19.141392 -1.587908 8.797406 -3.558185 2.234749 9.842117 -0.065940
-15.318155 -2.385884 1.229805 9.901410 -0.694522 2.535888 11.088982 -1.266517
-19.983694 -8.988773 -3.600173 9.872978 -6.564809 1.580251 9.850104 0.391296
-15.058600 -16.510614 -12.258034 8.708943 -4.309040 1.937065 8.980001 1.361528
-20.288902 -8.985012 -4.172118 8.585788 -4.595333 1.819954 8.919269 1.234346
-19.967211 -10.489132 -6.076444 6.160034 -4.118394 1.899689 9.182650 1.226347
6.590193 -10.227739 -4.164852 8.252884 -4.417289 1.775590 9.085143 1.120481
-13.381365 1.513377 -1.588278 8.772775 -4.321554 0.162519 8.988983 0.598029
4.716518 -16.467802 -2.155229 7.362764 -5.018916 1.768022 9.081116 1.122241
1.953105 0.260844 -3.596321 8.183378 -4.560918 1.753148 9.070606 1.139760
-2.781236 -22.235505 -0.663651 8.912602 -5.435337 1.019199 8.998258 0.597128
-6.220263 -19.421511 -2.898300 -0.803021 -7.203337 1.766996 9.074204 1.080002
-20.184461 -11.847861 -4.182906 8.364794 -4.416754 1.757036 9.181919 1.281754
5.744205 -13.488610 -1.522835 9.862396 -5.172498 1.613869 8.278671 0.902723
-19.280720 -7.388411 -7.969333 9.443086 -4.772199 0.182257 9.008011 1.013120
-20.321567 -9.768721 -4.300324 8.434865 -4.389277 1.771483 9.118439 1.107096
1.493422 -11.290592 -9.913588 14.595797 -6.734799 -2.501449 6.600942 -0.625127
-1.574920 -1.779422 -8.853640 16.105695 -3.827636 1.348687 9.260110 1.091948
2.075107 -18.578606 1.155767 7.398560 -4.509186 1.834409 9.203094 1.358826
-7.596375 2.894423 -4.339706 12.094809 -4.892666 0.542984 9.101263 0.812860
3.031566 -4.325727 2.872676 7.302738 -3.662401 0.579706 9.736883 2.920192
-14.777885 -14.536560 -1.593711 5.378937 -6.855491 10.442251 10.008467 -0.278413
-9.453713 -12.335680 -11.747462 0.471663 -11.233284 1.414505 9.275513 0.657963
