20.136769 -7.552755 0.416596 -8.184747 5.806245 -4.250913 -0.235406 -0.053760
21.366675 0.709614 1.782415 -6.317603 6.332657 -1.922606 -0.702582 0.179112
-4.489862 -7.299532 8.071067 -0.585193 5.222462 -1.243425 -2.495989 -0.739863
7.115875 12.515299 2.542757 -6.353155 6.641088 -1.909968 -0.818275 0.128966
13.710214 -1.558987 -9.009075 -1.089023 5.289604 -0.298555 -2.350419 0.783291
-5.182419 5.694588 -0.265656 -6.181225 6.403063 -1.838693 -0.750773 0.416699
8.745995 -14.875082 0.644760 1.090822 6.473836 -1.703947 -0.992776 0.268921
-2.446750 -13.702489 1.843664 -6.482360 5.960138 -1.904814 -0.768641 -0.486390
14.018935 -11.243124 8.570712 1.045735 7.328129 -2.567375 -2.199211 -0.294726
-3.963008 5.780801 0.790153 -11.797698 7.139340 -1.557740 -0.962255 0.059905
9.909778 0.477718 -11.114368 -9.089653 6.435734 -1.837161 -0.800521 0.158855
18.393793 7.053641 2.785718 -6.152215 6.481835 -1.832997 -0.799344 0.185606
8.814069 -5.380730 -10.076663 -12.478397 6.160280 -1.777760 -0.794081 0.234527
21.711795 -2.075924 2.761905 -6.177295 6.525369 -1.832950 -0.797210 0.155873
19.826410 -7.760378 4.023715 -9.707642 3.606201 -1.750378 -0.909533 0.260280
21.286070 -2.200940 5.857615 -4.642129 5.587692 -1.900069 -0.843921 0.292405
11.331409 -13.921441 -0.944702 -1.394754 9.568213 -3.659886 0.622612 3.732401
12.804104 1.447975 -10.145019 -7.730241 6.739839 -1.848031 -0.796830 0.154382
-6.827356 -1.646282 1.931768 -3.020859 10.726292 -0.408239 -0.891382 0.267570
-6.559926 -5.615574 -0.931981 -3.035900 5.944765 -0.913917 0.221797 1.140518
-7.519480 -1.386458 0.573510 -5.469465 8.424137 -1.712245 -1.872514 -0.359733
-3.998342 -11.974977 0.448965 -6.404295 7.428615 -1.293694 -0.776725 0.266923
21.660186 -2.380393 3.884752 -6.771836 6.247165 -1.754250 -0.848406 0.161520
2.652510 -0.966517 -3.446496 -16.627883 3.904811 3.698668 -2.006796 3.651571
-7.227686 1.942544 4.121164 -6.177368 6.704474 -2.173162 -0.771438 0.177615
21.651080 -2.075979 4.145176 -6.025618 6.485905 -1.688452 -0.791311 0.162597
-7.264945 -4.332803 6.018280 -5.964236 8.585722 -1.825265 -0.797576 0.160650
13.107307 -11.854943 -6.504097 -5.041908 6.672385 -0.812680 -0.919026 -0.141871
21.320084 -4.275025 4.755401 -4.528570 7.266427 -2.173678 -1.447108 0.228497
18.272056 -9.135323 8.974643 -7.887298 8.084112 -1.798529 -0.695712 0.095268
-6.374096 1.926181 5.422250 -6.005195 6.127703 -2.401613 1.865092 -3.160702
