18.709143 6.384265 4.740074 -5.583673 -0.268171 2.267965 7.905251 6.709165
-5.665101 -11.559580 4.043061 -8.074218 -2.064199 2.079173 7.946313 5.898898
21.813187 -3.255153 6.788777 -5.539071 -0.300265 2.245407 7.892439 6.705832
-9.167933 -4.071640 6.647651 -5.635358 -0.660379 1.739530 7.955424 6.663664
-9.183344 -4.051151 6.931020 -5.236485 -0.062877 2.200414 7.939442 6.823983
0.285653 -3.447796 18.520553 -14.127777 -0.519626 2.513150 7.945118 6.599142
-0.677693 -5.781817 -6.461941 -5.388628 -0.211157 2.104799 7.925020 6.662823
-9.020972 -1.491427 7.203538 -7.937900 -0.149555 2.243831 7.823298 6.803716
-3.591479 -1.545190 -4.872618 -5.544657 -0.293437 2.272075 7.907403 6.710114
18.845714 6.453688 6.264015 -5.844503 -0.158694 2.303190 7.873807 6.659398
18.321959 -11.097643 11.733841 -3.929641 -1.096693 1.923747 7.560207 6.288163
10.435917 12.234888 7.273808 -4.602497 -0.960205 2.487383 7.135033 7.404578
-7.030979 -10.352630 5.404360 -4.248919 -0.923956 2.446523 7.946733 6.720953
-4.327424 6.744680 12.492368 -8.842734 -0.586742 2.119288 7.730192 6.587553
-7.825848 -6.169037 3.809351 -1.313927 0.399717 3.136780 8.156155 7.050724
11.838843 -6.186149 7.179509 -19.364050 2.188224 3.321926 7.830389 6.816758
-9.064068 -3.123635 8.760215 -7.115569 -0.546368 1.825057 7.846615 6.815332
11.234278 -9.532039 -1.823962 -6.174781 4.067484 3.509474 7.499606 -1.624497
18.878237 1.940737 10.967350 -3.701366 -6.846651 2.034076 7.358152 6.690735
17.943578 -11.809195 11.730268 -5.938400 -0.237226 2.272352 7.903504 6.708603
6.046885 -16.626874 0.305928 -5.680956 -0.987096 2.170681 7.815066 6.757705
-9.163425 -3.629400 6.124564 -6.291847 -0.708182 2.192458 8.315519 6.585926
21.786704 -2.353787 7.277032 -4.643429 0.145807 2.517026 7.871914 6.484445
21.321440 1.264832 6.929110 -5.737626 -0.355215 2.180496 7.898374 6.597418
-5.314925 0.705347 11.883624 -5.393930 -8.453357 -0.149360 7.910464 6.710887
9.224544 -9.698712 18.965377 -11.182093 -3.295633 3.155302 7.982912 6.165603
-3.642258 -4.633740 18.692276 -3.615618 0.063466 2.152904 7.994787 6.903217
6.607594 -13.321005 -3.333465 -4.014265 -4.429175 2.177116 7.944588 6.732694
-7.666126 -5.130551 7.853987 -6.784408 5.002667 -0.940736 8.018926 6.522430
-0.515227 11.174961 8.796720 -6.476843 -0.184708 2.400009 7.890435 6.709196
-8.697307 -5.849517 7.274757 -3.036254 -0.221084 1.864307 8.006633 6.247722
-1.723521 0.949317 19.719941 -6.262094 -0.728177 1.561278 9.241472 7.859490
