-8.372518 6.204455 1.376510 -19.565905 0.513570 -10.924705 -8.499892 3.885125
-16.414045 5.403689 -0.249240 -8.489421 7.928871 -4.344717 -7.077691 3.314490
-13.726249 1.478505 -6.068534 -5.988249 8.055834 -5.322761 -8.603959 3.216145
-14.807693 9.935450 2.137571 -12.292294 9.878240 -5.097848 -6.889173 3.293139
-16.763483 6.118925 -0.222792 -6.801836 3.775413 -7.273768 -7.064773 3.350520
-13.089113 4.618934 -2.472410 -2.737327 4.572996 -14.903440 -6.358695 2.854611
7.198684 -5.147796 -0.058635 -9.830285 5.782853 -7.277093 -6.807370 3.200273
-12.218804 10.414021 -8.459001 -10.316521 4.557423 -7.491218 -8.720465 3.257397
7.780854 15.351072 0.218561 -2.197878 5.626467 -7.282890 -7.069720 3.353042
-0.947162 -8.059756 -2.519245 -6.084978 6.197499 -7.739943 -8.095783 2.111630
-16.118248 1.102886 1.105429 -7.857906 5.670786 -7.268132 -7.076869 3.354358
12.452722 4.227216 0.654613 -7.352963 5.358022 -7.803914 -7.199811 3.286752
5.556878 -6.146693 -1.403338 -7.098613 7.070351 -6.368023 -6.842389 4.357727
4.516182 6.774901 6.504571 -9.950448 -4.947558 -9.682038 -7.310819 7.716797
-16.140680 9.557738 1.979086 -8.564180 5.316050 -8.830597 -7.799913 5.939146
11.872485 8.713552 -0.790764 -4.603285 5.425689 -7.313945 -7.045224 3.417120
-3.412628 7.383103 -13.714048 -7.529239 5.560701 -7.221622 -7.200904 3.610427
-1.488203 19.941459 -3.993690 -7.482033 5.821746 -7.206026 -7.043207 3.339967
-16.957321 6.571969 0.971839 -7.880008 5.637222 -7.255013 -7.092887 3.364567
3.911743 -5.197717 -4.441860 -9.529654 6.959731 -4.790840 -9.922625 0.711788
8.061279 -3.872955 4.187202 -5.971591 4.675753 -7.028714 -6.895976 3.602769
10.515533 -1.103153 -0.250661 -6.430906 6.280115 -5.914463 -7.646232 3.288793
-11.708738 -5.174587 -0.404042 -8.185172 5.707623 -7.059161 -6.817822 3.300824
-13.699344 -2.192727 -3.219356 -8.653522 5.394131 -7.567994 -7.086283 3.337225
-16.920232 5.463210 0.129079 -7.637426 6.203914 -7.374114 -6.837595 3.392869
-12.250599 -2.422137 -5.806597 -7.949869 5.640834 -7.301758 -7.104449 3.304722
-1.185820 20.474767 0.148612 -10.520768 5.047074 -7.111634 -7.521229 2.723310
-1.121618 5.473781 15.388460 -8.321314 7.471158 -8.188822 -9.058647 3.385102
-3.131215 20.747520 1.779250 -8.214092 5.192184 -7.190456 -7.078783 3.366307
-16.877096 7.610970 0.534211 -7.913913 5.681708 -7.299787 -7.085184 3.349473
3.740462 -0.787920 4.003590 -3.644655 10.744516 1.766890 -6.305014 2.144228
-16.389614 2.494380 -0.909607 -7.672591 6.199105 -7.052701 -7.039865 2.732685
