-12.599212 -3.417705 13.216527 -11.271982 5.747953 -7.945962 5.838629 -1.851535
5.632560 0.027862 0.859615 -3.262527 6.263084 -7.467548 8.398071 -3.081538
-22.893181 0.097313 0.435176 -7.417298 6.778912 -9.337820 9.072393 -5.037038
3.253351 -6.419101 3.152678 -6.682248 6.413254 -8.598173 8.990412 -4.452927
-19.015421 -6.533601 5.419028 -7.188039 6.911801 -10.832554 10.104588 -2.594715
4.703075 -3.067882 -1.137537 -5.057536 7.882395 -7.519550 8.576648 -5.425106
-3.971068 13.672326 -3.474834 -7.215996 3.566035 -2.923088 7.658206 -7.954988
-13.223420 -7.731704 0.377883 -15.828690 6.644080 -7.909591 9.400602 -4.715857
2.042201 2.633040 11.391735 -5.713513 5.119931 -3.423087 10.347683 -5.815198
-22.044295 -2.037742 5.553284 -6.635899 5.640698 -8.230660 9.160630 -3.622624
5.443057 5.424739 6.511715 -5.200998 6.454981 -7.939218 9.348537 -4.744480
-22.746834 5.374303 -0.382476 -6.588427 8.080642 -8.759888 8.663370 -4.587670
-13.872436 -10.587181 -1.089929 -6.191149 6.295360 -10.233817 9.460926 -4.626825
-9.140020 -8.373063 3.185938 -4.543020 -2.976391 -7.484755 9.398766 -4.659107
-0.846862 -9.946586 0.151084 -6.693201 7.243158 -7.878142 9.345848 -4.757610
-17.547372 4.946953 -2.628083 -4.557983 14.641250 -4.641317 11.630872 -9.977106
6.085120 2.802970 0.709087 -5.368648 9.187089 -7.873202 8.732422 -4.201218
-5.377269 -8.774024 -5.767099 -8.133361 9.641279 -9.274467 9.970406 -6.920043
-20.062807 11.290830 2.551539 -4.657901 5.633128 -9.572448 9.303079 -2.565143
-22.125528 1.732667 1.244792 -1.897932 9.979902 -7.266967 9.375648 -4.947358
-11.491285 17.137935 1.076959 -7.760649 6.734350 -7.859745 9.238625 -4.910679
6.428707 2.475881 2.324811 -6.512806 6.715479 -7.952727 9.329422 -4.733387
4.336369 10.240350 2.661186 -5.998103 6.506065 -7.786531 9.130766 -4.504513
-15.052057 -10.425719 1.391278 -5.806086 8.934643 -7.950067 9.331195 -4.724374
5.115440 4.128078 1.821578 -7.528268 1.097538 -9.438065 9.957454 -4.379201
-5.725827 0.696905 6.215042 3.954144 8.295784 -16.681044 9.698030 -6.980834
-23.316594 2.427931 2.332099 -6.527414 6.684937 -7.945203 9.339454 -4.727822
0.247444 5.945731 -8.861621 -6.937654 7.285666 -4.296802 9.478744 -4.344491
3.544745 -2.650113 6.972297 -8.614180 3.406077 -11.063755 8.724671 -4.099466
-14.782048 4.480026 11.613370 -2.159384 -1.233857 -6.194207 10.998179 -3.995343
-12.396727 16.184394 5.957039 -5.750979 5.119985 -6.009685 9.546766 -6.038679
-21.421858 6.863354 -2.813206 -9.454465 8.089244 -7.898057 9.075930 -4.548627
