-5.034568 7.766045 9.958632 3.809465 8.400815 -7.924572 7.720346 2.701697
11.884611 -11.555624 0.513282 4.226131 1.280022 -10.601885 11.704613 1.580805
6.643118 12.175780 4.510551 7.846467 5.467212 -7.515688 7.643310 2.450759
17.322192 -0.151874 5.900914 6.777738 6.808477 -7.950397 7.820726 2.677812
-3.801952 -2.213302 2.944296 6.126708 20.500869 -5.670739 7.587396 1.109502
8.714470 -15.510646 -2.464201 5.064379 6.667127 -7.370028 7.052797 2.894053
-12.036976 -1.489171 0.244447 7.182598 4.047169 -6.977105 5.927850 2.763903
-7.199647 -0.039322 0.470940 16.285849 4.818479 -5.090183 11.007453 5.683530
10.834091 -11.926640 -2.361395 2.966512 2.804102 -12.856732 8.335667 1.208361
-8.173523 7.651690 -2.217749 6.878966 7.890356 -8.743981 7.706632 2.710060
-7.487215 7.335425 4.126936 0.942634 5.614703 -9.251087 7.649661 2.406221
17.014258 -6.539195 -1.176412 5.681681 8.028626 -7.564960 7.661276 2.536218
-12.099388 1.623982 2.057202 6.464165 6.951340 -7.939610 7.731239 2.733341
3.944017 13.026265 1.311966 6.262835 6.903184 -8.026539 7.825103 2.678924
-11.305563 -1.211285 -3.861631 6.949481 7.155516 -9.180876 8.533838 3.945102
15.623139 0.344441 -5.558256 5.775742 6.020697 -7.855389 5.654973 3.094302
-11.214417 3.865720 0.532689 5.771016 7.277674 -7.047313 8.216343 2.803697
15.697061 -0.771932 9.392271 3.871570 7.356841 -7.717438 7.585665 2.725744
9.862186 -15.286074 2.301435 7.153540 3.956632 -8.116876 7.112583 4.097283
-9.360227 -9.851444 4.073553 2.808119 4.432167 -8.191927 9.104052 0.731598
15.101063 5.598046 3.362322 3.573166 9.507813 -9.309073 8.624426 3.221868
-12.568897 -1.535092 1.865194 6.390567 7.396858 -7.780007 7.688528 2.680734
-12.156225 -0.325215 4.873927 7.071161 6.982856 -7.895436 7.765214 2.713033
13.964573 -9.834928 -2.660347 1.445980 9.083122 -7.873700 7.799951 2.719079
16.167401 4.950636 2.245106 7.705233 7.137657 -7.920173 7.787609 2.716227
18.002663 -1.951003 1.897139 6.209190 7.363898 -7.626505 7.491583 2.630574
13.207527 6.451623 -2.879091 11.175961 6.748738 -9.880489 7.965273 2.870680
-1.856439 4.306962 -5.773808 11.549633 2.375732 -15.541587 5.351028 3.791837
10.640870 6.459605 10.004559 11.780290 6.468804 -8.224998 8.333315 3.259710
12.596874 7.531786 2.326514 0.011582 7.019785 -7.713557 7.948330 2.988891
7.800712 7.552698 9.108904 4.660990 10.723453 -6.793131 4.826365 -3.054694
11.393243 7.978625 -0.081722 11.721581 5.212564 -11.471948 10.488221 2.407716
