-19.932869 7.724815 6.793819 0.750503 -0.998330 -5.062999 -3.641052 2.183098
1.904584 3.893954 14.748010 -4.777882 0.412940 -4.688733 -3.313212 2.443856
0.901857 -9.206153 8.353445 10.237742 -0.573799 -5.081069 -3.510134 2.175627
-19.568308 -10.435280 8.308674 -1.213527 -2.883571 -4.948202 -3.545485 2.072360
-23.034135 -2.127387 7.064131 1.198444 -1.025823 -5.033638 -3.599181 2.202981
-19.213014 -1.572400 1.622340 -3.637530 -7.851159 -5.908387 -3.688798 2.073164
-18.441306 8.727163 4.212341 2.860083 -0.442011 -6.613114 -3.108425 2.673163
2.572340 -11.766806 4.964883 1.189873 -1.085710 -5.039380 -3.480232 2.243268
-3.265801 -15.156357 4.041140 -0.699509 -1.299769 -5.039820 -3.685637 2.083801
-1.711151 -14.650980 8.962488 3.392234 -0.293936 -4.702415 -3.576883 2.297199
5.005057 5.783296 5.755913 1.056481 -1.698247 -5.093881 -3.564664 2.266077
6.111615 -2.566524 10.661833 -1.786743 -1.688123 -5.344018 -3.654282 2.360464
-11.211741 -7.355799 16.763903 10.424053 -1.247037 -5.181523 -3.573744 2.052345
4.763915 -9.130096 6.331710 1.088678 -1.318294 -5.027471 -3.687767 2.200982
-1.972944 7.550453 2.763241 -7.456083 -1.881029 -6.701952 -6.170573 4.156878
5.670274 0.167394 10.286233 2.061631 0.096476 -8.370833 -6.536724 1.004276
-5.938935 6.377403 -5.354218 0.020144 -0.237941 -6.857353 -3.220711 2.308631
-22.723677 0.752121 8.468387 1.261792 -2.604984 -5.263677 -4.168359 2.593142
-9.585420 -10.935329 11.261763 0.221782 -6.002393 -0.917655 -11.614045 -0.454322
-22.809251 -3.961002 6.279878 1.398312 -0.953154 -4.963002 -3.416492 2.317129
-11.981315 11.524288 2.390488 4.614899 1.891690 -4.885403 -3.626923 2.222963
-9.114997 11.361637 13.090620 5.700706 -1.209459 -6.939245 -3.574010 2.449065
1.683196 -8.444334 0.624091 -5.032405 -1.305966 -5.063935 -3.600556 2.189659
-20.254218 -8.404505 12.264232 1.253037 -1.122303 -5.031491 -3.647038 2.221438
-10.334287 -4.249007 12.358840 -6.386628 -4.550113 4.810966 -4.862578 -1.651874
6.513720 -0.508985 8.664549 3.797190 -0.138970 -5.396520 -3.258564 3.233157
-11.534519 13.146227 7.174438 1.425900 -1.525171 -4.790755 -4.144696 2.180323
6.718250 0.917339 6.732090 1.897380 -0.560712 -5.128718 -3.599740 2.221552
-18.262442 7.075278 13.741344 -0.266314 -1.988300 -4.299152 -3.124176 2.445599
-11.425610 -0.493818 -7.353930 -0.660256 -0.623504 -3.920372 -3.707886 2.260789
-6.763362 13.455319 7.385207 1.126366 -1.608142 -3.975180 -3.238666 2.700316
