14.851921 -1.858221 7.273807 -0.470024 8.921984 -6.391810 -5.454020 -1.972719
-4.333232 5.867196 2.054358 -1.981154 19.171099 -7.321427 -4.360640 -2.680017
-13.223004 2.514369 6.987924 -0.174917 8.937532 -6.427844 -5.482475 -1.957869
-13.984691 -2.846335 5.887755 -0.198606 8.939831 -6.427372 -5.485414 -1.956058
-10.532369 -0.643428 10.120372 -5.972286 12.932946 -2.655406 -5.720084 -0.059619
-13.611382 -2.621785 7.957405 -2.612198 9.159997 -6.341516 -5.726820 -1.794562
-5.470831 -10.181737 0.625862 8.853791 8.908551 -6.450916 -5.468640 -1.951552
-2.407591 -15.809811 6.248911 -3.323581 8.959965 -6.926196 -5.670815 -1.138631
7.003354 -3.257759 12.522661 -7.307477 16.919903 -7.683405 -7.099383 -2.626172
-4.881663 -6.389259 -6.941487 0.153733 8.132023 -6.182943 -5.346976 -1.940772
-13.423131 -4.164832 7.653102 -1.281069 11.413175 -6.412265 -6.393932 -2.407971
-10.365155 -9.008500 10.079704 -2.777570 6.087479 -7.713616 -7.026034 0.423309
-3.687498 -12.021571 2.171897 1.645581 0.347863 -6.262602 -5.981563 -3.408773
14.590038 -5.068692 5.016847 -0.494045 9.014200 -6.439000 -5.490945 -1.943620
14.928730 -2.507966 5.742969 -0.162677 8.932185 -6.428541 -5.483500 -1.959674
-10.329953 -4.421059 12.487503 4.061954 4.952146 -9.243720 -5.653872 -2.014480
5.519109 4.837817 13.361266 -5.719064 2.020088 -6.460968 -5.934537 -2.059836
3.088378 -15.279412 9.484337 0.166662 12.295731 -6.476841 -6.057431 -3.033165
7.488589 -11.729697 1.454277 -6.979899 9.234265 -6.927634 -5.088336 -2.750178
14.750158 -4.061873 6.233879 -0.801579 8.705570 -6.021623 -6.067817 -1.833472
14.899946 -2.999558 6.076147 -0.238395 8.959588 -6.431259 -5.487266 -1.964784
11.732285 6.764145 7.106810 -1.472728 9.658627 -7.516338 -5.578681 -1.811807
0.598204 -11.642333 16.540180 0.459482 8.957655 -6.439743 -5.358373 -1.960874
13.771710 1.634699 1.867954 -1.732105 8.814360 -5.700214 -4.682396 -2.524846
13.355078 0.820939 3.381886 3.228310 11.354511 -9.923336 -5.480189 -1.944938
-13.691289 0.969445 5.946408 0.019235 8.795193 -6.622553 -5.525347 -1.953451
-13.565774 -2.522623 7.799663 1.349398 11.095536 -5.397777 -5.117665 -1.938679
-12.423506 -0.696279 1.261694 -0.898181 12.362723 -8.420885 -3.625527 -3.310576
-12.491964 -7.313179 3.152129 -2.657025 8.663159 -7.058314 -5.016902 -2.107057
14.933572 -2.213160 5.806130 -0.000991 8.879412 -6.562769 -5.501667 -2.027604
-9.296281 0.482511 -3.550528 1.203104 7.026652 -5.653904 -4.216506 1.748325
14.379131 1.576760 5.925997 -1.797815 9.279239 -6.176818 -5.574871 -2.048325
