-14.023966 -1.190119 5.559450 10.046419 13.689771 1.645991 -10.118794 0.855410
2.215856 1.542618 -2.582626 -1.312079 10.815405 1.697930 -9.207503 -0.033937
-17.647271 6.093518 15.309931 -3.586749 6.431936 1.469276 -8.804348 0.530754
-11.992372 -12.196828 9.388480 2.083475 5.989071 0.289149 -8.935022 0.482356
-5.001984 16.533315 7.305147 1.471798 6.043095 0.014185 -8.851709 0.251544
-19.299231 8.162636 8.777163 1.236980 6.127087 0.159106 -8.795359 0.454756
-17.193374 -4.323269 7.409788 -2.131710 9.845663 5.968168 -8.493012 0.384210
-18.529878 -0.064347 4.032259 7.170984 6.068858 -0.997283 -7.959849 -0.041866
-20.794159 0.731794 8.650002 1.109209 5.468442 -0.113922 -9.133574 0.233008
-19.643567 -0.134401 13.578485 2.903440 5.820964 1.752039 -9.394632 2.634353
7.124936 6.214526 2.551701 0.472710 6.041460 0.132996 -8.796985 0.438209
-5.091253 12.019275 -1.226991 4.840140 6.550061 0.868077 -9.042060 0.002296
-14.174054 -10.695826 11.027381 0.487756 5.130105 1.578340 -8.864849 0.447101
-15.750774 -7.115117 1.675028 1.404367 5.966350 0.116407 -8.831680 0.472693
-10.166228 -12.428534 8.407354 3.546605 5.844093 3.012675 -8.885742 0.465003
-15.030100 -0.008365 17.425006 9.455122 5.491766 -0.227471 -8.874779 0.494066
-19.823366 -1.457482 8.362926 -0.670799 2.100112 -1.007599 -8.750052 0.394852
-20.818108 1.795252 9.384963 1.370048 5.649246 -0.024353 -8.717073 0.131625
7.306237 -4.118774 8.930454 6.229128 7.516145 -0.088992 -8.893492 0.458581
7.622594 -2.157921 3.669007 4.125726 6.799048 0.275019 -8.885265 0.177854
-3.476545 -4.591878 0.832797 -7.820095 0.776432 -2.296971 -8.213586 2.513365
9.329158 0.465028 9.418612 0.782654 6.360379 0.941530 -8.816021 0.441946
-18.750379 9.162511 8.832867 1.690990 6.390180 0.245196 -8.858198 0.358726
-11.592136 -10.629080 12.317022 0.804058 11.935111 0.334865 -9.101193 0.316288
-20.566499 -0.425040 8.119457 0.158583 7.326991 0.234857 -9.096127 1.233877
-1.008270 -10.540488 6.208327 8.510419 6.423098 0.058860 -9.163374 0.532417
-6.120197 16.459952 8.159576 0.219290 6.859578 0.259060 -10.518297 0.824664
-16.423803 -8.638187 6.404443 1.067046 6.415334 1.582836 -10.044518 0.940345
9.402969 1.499112 9.248889 1.348014 6.004906 0.126488 -8.820434 0.441496
-15.529996 -9.951940 8.661593 0.755169 6.127340 0.606533 -8.810516 0.559256
-19.456190 6.676924 9.240910 -2.365081 6.551432 0.043052 -8.825098 0.443661
