5.874117 5.044350 0.023430 2.166974 -9.076423 1.807740 -2.818878 7.547930
-23.399652 5.223470 0.112342 1.589897 -9.936495 0.340190 -3.681181 7.682405
-22.975131 2.800688 1.091888 1.193973 -9.734171 0.347307 -3.789304 7.451950
-6.080846 20.214121 -0.964975 0.103758 -10.053575 -0.134585 -4.410573 7.112178
-23.338128 5.843561 -1.572573 2.085078 -11.749419 0.512326 -3.931341 7.624556
2.603492 7.704740 -10.307696 2.220410 -8.637072 1.014922 -3.872757 6.467833
0.004325 -1.183599 -0.345025 -7.227037 -13.199316 2.687610 -2.853778 8.096544
5.714247 4.642997 -1.284560 3.115375 -11.836145 0.522916 -2.004991 8.334093
-10.690799 -8.678444 0.950608 2.322903 -9.936519 0.347665 -3.676499 7.678584
-4.799225 18.730620 4.731815 1.895838 -9.754629 0.346754 -3.649811 7.557236
-5.145750 -8.157617 -4.533181 2.109307 -10.166842 0.314131 -3.738110 7.705787
4.393608 -1.045780 -1.871501 1.358303 -9.947527 0.354207 -3.680073 7.673445
-4.869291 0.923342 -12.361793 6.855900 -7.486095 -3.858753 -5.515357 7.357399
-20.371038 -1.985275 0.466681 5.587809 -10.989645 0.463142 -2.851894 6.996463
6.082487 5.779808 -1.204596 1.516803 -9.933611 0.343569 -3.681087 7.679463
-8.453918 -8.965580 -1.544529 1.392865 -10.608342 0.083541 -3.256237 7.785755
-22.953092 3.304969 -4.180995 1.549346 -9.957770 0.342647 -3.680846 7.679903
3.137065 -2.537302 1.269532 1.787303 -9.300577 -0.216656 -2.177220 7.526549
-16.905842 8.191162 -11.329588 -3.929353 -6.503146 -0.587410 -3.385728 7.251146
-1.839474 -1.076493 -1.694606 -4.655269 -18.140011 0.053650 -7.539972 5.755068
-18.748741 -4.994404 -1.532674 0.528463 -9.793942 0.238808 -3.758490 7.558924
-23.454125 5.376720 -1.728796 1.492582 -9.852034 0.344737 -3.680971 7.682775
-23.064410 2.552583 -2.376900 1.513445 -9.840483 0.346500 -3.686536 7.663052
-18.575621 1.496889 8.893448 2.050683 -10.123883 0.288859 -3.583465 7.807057
-23.195753 7.315902 0.812473 2.648389 -9.566781 0.028948 -3.507270 7.851048
5.017697 0.987304 0.662696 1.898226 -9.091634 0.966396 -4.801194 8.854219
-22.769336 1.344303 -0.647605 1.072905 -10.029618 0.286059 -3.690917 7.681857
-3.468551 12.984222 -12.913539 1.363841 -10.299724 0.137236 -4.761958 6.870174
-4.165616 14.517345 8.738482 0.208018 -11.335507 2.109201 -1.812781 4.168663
-20.526235 4.764442 -7.195066 5.810016 -14.709231 0.045958 -3.450959 7.718978
-22.977076 7.361755 -1.502190 4.936890 -9.951535 0.375749 -3.687210 7.702771
