2.084167 7.741426 -0.903138 -3.261952 -3.202739 5.873071 3.147012 -0.147233
-22.565223 0.117111 -3.026455 -3.279960 -3.237767 5.887857 3.151584 -0.142575
0.407526 -12.605676 1.010689 -7.137264 -3.294234 5.750846 3.147160 -0.076530
-22.608011 -1.905445 -4.972530 -3.114742 -3.187121 6.136394 2.982990 -0.307697
5.549711 2.036367 -3.392674 -3.799172 -3.525496 5.423789 3.217240 -1.406953
-7.133672 7.818095 7.246153 -3.841790 -2.547378 6.162822 4.463034 -1.625527
-18.087237 -0.780491 -3.753171 7.169385 -2.681262 5.681833 4.163389 0.446367
-10.071009 -10.693043 4.327570 5.740393 -2.193983 4.368119 3.445377 -0.122043
-11.012030 -8.147870 -12.551774 -11.213257 -4.874187 3.285893 3.695160 1.728763
-13.325381 -2.690876 -10.655273 -7.160848 1.616132 4.966330 12.397745 0.129839
5.592661 1.366368 -1.790396 -1.877885 -2.721600 4.152585 2.905541 -0.261658
6.258340 -3.037243 -2.302039 -2.845356 -3.232637 5.927362 3.158134 -0.142189
-9.702230 11.091157 -6.209266 -7.342964 -4.812567 6.011107 3.136263 -0.146932
1.227000 6.081437 -9.911718 -4.780866 -3.066734 5.994807 2.886272 -0.182216
-22.609079 -3.926126 -3.927306 -2.432704 -3.015962 5.751150 3.358361 -0.182878
-20.731888 -7.473235 -6.924009 -5.164851 -4.977078 3.836928 3.305305 0.961193
-21.343255 -5.893222 -2.575296 0.955203 -0.758009 6.363814 4.462385 0.280206
-12.123514 3.553367 8.826905 -1.797228 -7.508347 7.854011 3.218229 0.007695
-11.853121 10.016486 -0.744286 -8.988396 -4.147817 6.268709 4.016373 2.633626
6.212810 -1.759886 -3.052998 -4.083267 -3.392344 6.635624 3.876811 -0.757074
-18.465089 -4.677224 6.313047 -5.623219 -0.747633 4.638165 2.524504 1.392497
-17.752724 1.295216 7.322592 -1.495922 -3.237511 5.885981 3.152312 -0.140038
-6.950144 1.680711 -4.251101 0.493727 -13.293737 12.789539 0.204995 4.346814
-13.221939 4.218429 -13.319024 1.666707 -1.870102 6.657919 6.033570 -0.283710
-15.462180 -13.790397 -8.005154 -3.698685 -3.957990 5.986187 3.168804 -0.174769
-22.043714 1.524595 -4.730736 -3.593932 -4.791278 5.858792 3.191615 0.116219
-22.113144 0.311431 -5.116985 -2.637382 -0.888366 6.354162 3.622043 0.558176
-18.524707 -6.472953 -8.686910 3.798940 -1.867300 5.825972 2.770650 -1.582645
4.924879 -3.641603 -8.713969 -4.489713 -2.929260 6.085695 3.674690 0.574094
-21.735068 -4.448407 -7.754590 -3.915327 -3.039634 5.370248 3.227772 -0.031900
3.196025 -10.260412 -6.346362 -1.098023 -2.665606 5.891000 3.262108 -0.214684
