23.226591 -5.196162 -4.285828 -6.048387 0.592357 8.770980 -0.457215 -8.446586
22.151715 -8.040801 -10.244922 -7.055427 0.552929 9.799998 0.786061 -8.753341
-0.769489 -2.027683 -0.557860 2.380260 2.343477 7.948889 1.038648 -9.092851
0.482773 -6.918468 -6.376892 -8.791643 6.778437 10.861693 5.966908 -0.233162
1.721268 -5.666890 3.782900 -5.552721 -8.781559 7.846741 1.250061 -9.103960
22.318687 -7.804323 -6.660415 -3.413540 -1.223692 6.794944 1.229956 -8.283651
3.581885 -0.797167 -17.214083 -6.637682 0.736938 9.633553 0.693990 -8.804959
16.604022 -3.814251 -4.128852 5.137993 1.362654 11.989754 0.981637 -7.923726
1.796823 6.611652 -5.026512 -6.414037 0.644388 9.798855 0.655360 -8.795750
-2.150023 3.141985 -6.862299 -7.511785 1.856534 9.896856 1.117721 -8.746343
8.812069 2.040392 -7.258595 2.824294 2.715386 6.345192 -0.140791 -3.248988
21.819731 -0.974084 -1.914608 -8.455726 -1.330170 9.291667 -0.013787 -8.806248
5.291100 5.955787 -11.202684 -4.703297 1.450340 11.141991 2.726563 -9.014432
-1.290084 -2.726484 -14.331844 -5.443904 -1.465713 10.955480 0.842002 -8.151309
6.233772 2.832551 -5.279761 -12.773824 6.549702 14.994353 -3.765871 -6.600899
23.328563 -7.332709 -4.495829 -6.097553 0.590825 9.663887 0.972416 -8.847245
10.530725 -20.674295 -2.898333 -7.067365 0.808195 9.409806 0.434944 -8.966927
22.502893 -4.379237 -4.380364 -7.306845 4.861323 10.750225 0.790514 -10.157352
3.224755 -11.772251 7.664468 -5.955651 1.594778 10.271755 1.130281 -8.920111
5.279296 -18.250595 2.793782 -6.808193 2.045129 10.424594 1.679318 -9.101464
7.802566 -9.861565 -14.498773 -9.604211 -8.723977 12.528687 1.501575 -8.116009
18.260567 -15.453846 -4.138428 -0.668309 -0.072518 9.971738 -0.416125 -7.945621
7.298976 -6.538421 4.330679 4.632147 2.225037 10.189317 0.361739 -8.874204
1.051571 -18.028580 -8.501723 -6.199732 1.666849 9.413254 0.376466 -8.153029
10.038581 5.073289 2.700099 -8.014246 4.879162 6.817979 1.412819 -9.568997
14.626738 0.753296 -14.583183 -9.328023 -3.268511 10.627268 3.353040 -10.470782
15.092896 6.895196 -5.053642 -7.158308 0.979308 9.360181 0.691224 -8.911302
23.288679 -5.379647 -5.404308 -6.532758 1.574419 10.032898 1.135899 -9.277645
-5.738274 -4.474458 -5.807637 -6.649895 0.208362 9.822800 0.824266 -8.761718
-4.142277 -12.083794 -7.610827 -4.410073 -0.142827 9.823965 0.844820 -8.805657
21.230812 -12.441975 -1.484947 -7.406136 3.248444 8.684733 2.027727 -8.784414
