21.243304 0.647398 14.620107 8.060577 0.146784 1.723328 -5.028214 -6.320481
20.515276 -11.519363 7.299684 5.597066 -0.729110 2.338995 -5.322424 -6.207433
6.621325 6.461832 -2.682157 6.749773 -4.730603 1.222716 -4.308922 -4.363416
17.373527 -8.927942 3.586663 13.441870 -4.039501 3.725769 -5.946512 -6.845460
22.400061 0.140673 12.340579 2.696986 -1.625554 2.452291 -5.228425 -6.232137
21.364077 0.932553 4.669963 -0.311651 -2.266382 2.344123 -5.595267 -6.284439
-2.492605 1.759587 -0.377209 0.513379 -2.690818 3.459676 -4.447870 -5.961247
0.883781 5.954181 18.758011 6.148408 -0.598666 1.906573 -5.863448 -6.240468
-0.580129 -15.344240 8.113867 4.268005 -1.049690 2.688333 -5.547938 -6.008322
5.296680 -17.684204 9.019634 6.015553 -1.005655 1.495452 -4.273379 -6.224341
10.217483 12.356456 9.551384 5.633050 -0.472366 2.961840 -5.257657 -6.205902
6.177792 -2.683504 9.249982 6.525052 -14.277447 2.009963 -11.913451 -3.892834
15.363737 10.351299 8.454528 6.851824 -3.094919 2.017954 -5.007328 -5.034293
11.984908 -0.783291 -5.805043 3.987146 1.135369 4.790827 -5.230851 -6.136910
-6.966930 -2.313615 10.607916 4.535767 -2.384751 0.963626 -5.451833 -6.310122
6.878168 10.625602 8.882640 9.009502 -4.758259 -1.793031 -7.659674 -5.391704
23.159993 -5.153360 8.723130 5.300887 -1.150594 2.488526 -5.470198 -5.947225
11.372780 2.343100 -5.510392 5.133176 0.437854 2.179881 -4.966351 -6.038243
19.044793 -9.172956 14.338502 1.271679 -5.698149 1.677429 -6.234168 -6.639963
-7.249774 -3.036159 8.627384 5.382202 -0.880781 2.222145 -5.259629 -6.188548
23.087870 -5.139249 9.398329 3.601282 -0.964620 2.232928 -5.366769 -6.202619
5.360162 9.201571 0.741769 3.813781 3.968187 2.467148 -5.311275 -6.110117
7.722450 -4.022573 15.509301 2.692966 -11.095570 9.386525 -4.115738 -10.984491
20.876087 2.483819 8.799336 11.301120 0.367958 2.632796 -4.726432 -6.412030
5.586002 12.327786 7.176110 4.799083 -0.861836 2.379656 -5.308985 -6.169890
15.591661 -16.010287 8.274859 4.337392 -1.828697 2.307940 -5.258920 -6.198022
-3.064672 7.786019 7.897316 4.931491 -0.817999 2.288606 -5.301498 -6.233868
22.879452 0.828086 7.171334 5.200158 -1.340998 2.462291 -5.287573 -6.168530
17.377138 7.965946 3.673899 5.010849 1.484784 2.112137 -3.352774 -5.446625
-2.527605 4.377706 15.270307 6.551598 -0.617558 -0.770682 -8.991279 -6.037582
-6.496670 1.613499 7.721106 6.563595 -1.542918 1.853321 -5.047001 -6.311334
