-11.909000 -3.943719 4.958848 -10.881070 9.552842 -6.953556 -0.259785 -3.863978
14.852958 -5.163717 7.627049 -14.009157 2.089940 -9.973363 -1.827220 -3.948232
16.756597 -2.145415 6.687275 -7.710042 4.964055 -7.691660 -0.004356 -5.633123
0.603356 10.633151 3.494492 -11.961458 0.719665 -14.750825 0.761029 -5.126873
4.429599 -15.955729 2.651102 -7.975740 4.839426 -8.397200 0.685854 -5.708498
1.506547 8.919855 6.663778 -19.396477 2.296676 -9.144216 1.153620 -6.103554
-4.512804 1.508550 -5.508149 -3.253176 7.288013 -8.359568 -0.308175 -6.169689
-8.353592 -12.645693 5.640870 -7.201549 3.860533 -8.284239 -0.554275 -4.635461
-9.547967 4.782420 11.506204 -6.446636 5.740594 -11.817115 -0.107464 -8.766193
16.831314 -1.813136 6.254820 -8.774682 4.429170 -7.917685 -0.058868 -5.475286
15.952499 -1.962230 2.345423 -12.079082 4.330645 -8.367968 -0.061645 -5.639748
16.727401 -3.389025 6.173075 -8.840466 4.335539 -7.926932 -0.012822 -5.599625
10.814661 -12.228305 2.114624 -10.918578 4.772279 -9.791606 -1.381827 -3.197675
0.248245 -1.396820 8.249668 -2.379310 5.239912 -2.718911 -10.400566 -12.232806
-13.334815 -1.960641 7.316128 -8.307906 4.010860 -7.939860 -0.043521 -5.676933
12.415306 4.549427 13.678185 -9.060952 8.476764 -5.921966 0.003259 -5.605444
12.916276 4.287304 13.747281 -5.363237 4.478430 -7.948127 -0.004970 -5.603301
14.833373 -9.064542 5.683713 -9.448704 4.059392 -8.003383 -0.003320 -5.593890
9.167039 0.524546 -3.525194 -0.910323 2.093061 -6.740752 1.040451 -4.411891
16.267018 -2.889786 5.252919 -12.606570 4.888386 -7.942512 -0.029343 -5.607482
16.108861 -1.182941 4.451222 -11.069483 7.878751 -8.578359 -0.259084 -5.746765
6.029050 -7.319294 -2.368308 1.228385 4.663052 -7.858561 -0.027353 -5.620535
12.195799 8.634407 9.973184 -8.657844 3.997827 -7.877363 -0.284032 -5.684793
16.069046 -6.272919 7.096205 -8.916905 4.322759 -7.943012 -0.015987 -5.605612
5.525414 8.925509 4.801637 0.525982 3.770208 -10.039839 -2.679112 -4.942415
-4.828290 -15.213312 5.955002 -8.895485 4.262674 -7.923294 -0.012328 -5.596264
-13.253058 -1.090199 5.882139 -9.803752 3.213510 -8.220210 -1.015098 -6.358295
-9.602237 7.990224 3.403280 -8.939829 4.400570 -7.908284 -0.042670 -5.598468
-1.085089 2.817887 19.342243 -12.781024 3.748431 -5.292532 -2.255394 -3.976642
-2.352266 -2.417585 20.754496 -9.072296 3.266552 -7.675760 -0.106888 -5.514358
-9.151307 -9.209520 -0.950929 -9.222734 4.227087 -7.845036 -0.011324 -5.609454
16.034761 -6.132913 5.859748 -9.931889 4.859081 -7.778086 -0.506690 -4.525177
