-2.176490 -6.893316 -6.900510 10.915367 0.466321 13.040102 -8.652450 -8.230877
12.783857 13.757087 -6.826115 6.011518 -6.261057 7.344504 -7.381713 -6.692724
-10.777975 -1.370101 -9.069039 6.632887 -6.796538 9.747226 -9.506126 -7.716722
-8.103526 -1.255678 -1.054273 6.260549 -6.926749 11.299636 -11.282554 -8.120364
13.148516 11.576430 -7.844098 2.556624 -9.450394 9.527218 -11.240804 -9.252983
-5.228142 -5.703271 -14.428449 6.662241 -8.766323 11.977581 -9.805838 -5.321560
-9.739013 12.572646 -10.179815 9.333637 -6.748512 9.386850 -9.825233 -7.662368
9.903704 15.266218 -15.761232 9.320921 -6.388003 9.817756 -10.020212 -7.899004
-0.037805 -6.245295 -1.818755 4.836940 -10.632778 12.018356 -9.588256 -5.204522
11.703301 0.901613 1.086861 12.856469 -9.474948 9.883427 -9.880419 -8.054727
-0.160132 6.055689 0.386909 -1.944616 -6.286807 8.239452 -9.494117 -8.112047
17.259068 5.815883 -9.256423 9.192436 -6.346209 9.858516 -10.058077 -7.917328
-12.094016 3.184695 -7.268455 9.087857 -6.414201 9.850923 -10.009824 -7.846607
15.434434 2.872021 -9.257339 4.805585 -2.541592 13.850535 -10.066694 -8.725473
6.717847 14.914471 -11.196870 8.863031 -5.012489 11.440094 -9.598982 -16.963280
-11.884985 6.719600 -6.681035 8.686196 -5.765447 10.348340 -10.002131 -7.866520
11.753994 14.943252 -12.908878 9.093238 -8.321532 10.741385 -9.592239 -9.717807
-11.957212 6.105844 -6.613691 8.531049 -6.174181 9.846507 -9.521535 -7.475787
17.109283 2.384649 -10.153341 8.959134 -6.326189 9.891702 -9.920282 -7.930229
11.552094 9.433746 1.179375 9.358288 -9.509421 10.066708 -8.230641 -8.672970
-8.605487 -0.087268 -9.634610 12.814341 -12.974379 12.964602 -7.600718 -7.414148
-11.846418 5.726124 -8.951160 12.073606 -7.124392 9.859225 -9.884744 -8.335967
15.988191 10.635537 -8.866126 9.249104 -6.515970 10.199261 -9.888498 -7.828842
-11.082129 1.099752 -4.599145 7.748875 -5.632717 8.893387 -10.070803 -8.132600
-12.140121 4.306559 -7.857100 8.385256 -7.114934 10.775981 -9.712354 -8.094324
13.993876 10.500035 -2.404457 9.290588 -3.197811 9.871607 -9.830195 -7.788421
-12.212826 5.202358 -9.086672 8.886794 -6.438911 9.808360 -9.945994 -7.945756
17.271592 3.759027 -8.111754 9.651344 -6.872219 9.924204 -9.977016 -7.903737
17.137850 2.205374 -9.253009 8.943448 -6.488730 9.937784 -10.002539 -7.874512
-12.039109 3.841719 -9.857578 8.498621 -7.808516 9.271337 -11.200956 -7.681012
16.193207 9.731484 -10.694517 9.878452 -5.828612 9.611727 -10.060769 -8.309016
0.099117 3.029693 -19.943626 1.349033 -10.963793 10.229228 -8.709647 -9.963084
