-9.748775 17.826367 -3.074519 -5.568640 6.472798 2.488918 -3.139715 2.219953
3.420028 10.034984 1.104903 2.611921 -2.828714 -0.811559 -2.058096 -1.284192
6.099896 19.171426 1.719676 -5.923983 6.932720 -0.586334 -5.770382 1.206251
-14.063447 7.375006 -8.357803 -5.956133 4.306342 -1.110838 -4.145676 2.300496
-3.864658 19.843316 -6.362929 -6.819350 -5.081812 -0.241989 -4.063048 2.201263
-5.182370 16.761286 -9.875575 1.629875 12.606546 -2.745725 -4.926937 0.938869
2.257234 22.729930 -10.951764 -5.367047 5.399850 -5.183928 -6.025807 -1.184185
-6.819716 21.152330 -7.378596 -7.904080 2.536204 0.227505 -5.070802 -1.735906
5.515188 6.964693 -3.298410 4.738875 7.903503 5.781825 -6.534987 2.788069
-9.624111 -1.501380 -7.816377 -6.287967 3.955561 -1.445519 -4.274287 2.514841
-13.543795 11.613279 -4.087494 -5.594882 3.940043 -1.159425 -4.147646 2.286274
-4.939958 -3.013231 -1.483358 -5.593584 4.862863 -2.467956 -4.456219 1.913066
9.322507 4.018470 -6.742885 5.082163 1.899816 -1.209910 -4.163370 2.278271
-8.623232 20.927949 -7.180199 -5.735002 4.736858 -1.057479 -4.679806 2.545607
9.018385 -0.343151 -8.810598 -8.497357 -2.386509 2.212610 -2.611780 2.129671
14.492805 11.156157 -12.964571 -6.397874 1.821870 -0.732616 -2.553673 1.858899
15.789285 7.551528 -7.549368 -5.886699 4.353749 -1.155419 -4.174505 2.289784
-11.018566 18.247043 -9.892223 -6.401045 4.736213 -1.421722 -4.058250 2.282494
-12.106154 2.437826 -7.694679 -2.541763 4.026759 -1.457235 -3.535571 2.657315
-13.145886 13.892015 -5.575409 -6.568294 5.368356 0.407552 -3.592569 2.609886
-14.188012 8.955311 -8.069969 -6.052492 4.475734 -1.170179 -4.131878 2.289680
-0.339755 15.305300 -20.322897 -0.666123 4.287404 -0.822101 -5.317580 3.816432
-0.580202 13.869792 -4.981315 -1.311081 -7.698234 1.367806 -7.960448 -0.699923
-14.053477 11.131278 -8.110356 -6.454977 3.774379 -0.962951 -4.261069 2.358200
-7.164994 -3.353904 -9.359437 -5.756823 4.349426 -1.128335 -4.230522 2.334497
-13.009703 13.693493 -6.127285 -9.343393 4.286999 -1.160801 -4.153312 2.240020
-10.799435 2.473544 -8.668181 -10.535209 2.079429 0.722014 -2.279732 5.388606
1.143858 -1.548970 -2.661814 2.664513 1.388190 -1.421771 -3.706062 1.161443
-13.880961 12.284673 -7.947356 -5.970747 4.882857 -1.218081 -4.153879 2.286493
-10.171358 18.209548 -4.773335 -2.039968 4.215179 -1.958502 -4.158630 1.347909
1.946653 3.768002 -13.192108 6.946812 4.604240 -0.567042 -3.376408 1.897739
6.750209 -3.227228 -7.853895 -11.677196 4.774486 -2.169044 -4.145109 2.017775
