13.192279 -12.594359 7.926348 1.121196 -0.419288 -5.394598 -1.117238 -5.702751
8.506867 -6.105949 -12.232411 -0.119899 -0.710804 -6.099806 -1.336307 -4.853596
0.778979 -16.765849 -11.211394 -0.092082 -0.104621 -6.930779 -0.625979 -5.332459
14.037168 -16.806222 -1.133421 2.567212 -0.279653 -6.131312 -1.344405 -4.937604
-7.876704 -13.155044 -0.591349 -3.132200 -4.911314 -2.663162 0.038598 -5.285549
5.361138 3.863550 -5.067781 2.697408 -2.026905 -6.407663 -0.896876 -4.247098
4.054520 -2.443074 12.035630 1.502789 -2.080829 -5.983580 -1.229580 -4.932923
12.099614 -14.167712 4.036679 0.330597 -6.721342 -6.499449 -1.792873 -1.935868
7.627304 -14.403640 4.245900 -8.207886 0.528474 -5.999539 -1.245559 -4.936818
13.724537 -12.625262 6.489973 2.325675 -1.275018 -8.033418 0.391089 -7.082469
-9.782141 -11.675730 1.143492 4.165841 -0.060161 -5.285996 -5.798151 -1.279760
16.422463 -10.383918 -0.856777 3.508691 -0.766231 -6.384415 -1.291255 -4.917683
0.747599 -11.416692 8.719314 -3.150492 6.929407 -3.918000 -5.287034 -6.867202
6.105614 4.450713 -0.240288 3.221404 1.739106 -4.167398 -0.323521 -4.042151
16.555332 -8.370791 -0.192301 2.567683 -0.186541 -5.959620 -1.206444 -4.597638
15.043832 -10.655794 5.168762 2.538738 -0.097543 -6.334928 0.332451 -2.465058
12.144904 -5.045251 -7.772517 0.652229 -2.748444 -10.474670 -1.483668 -3.968889
11.235485 2.154946 -1.103886 2.752321 0.178492 -5.953845 -1.281400 -4.933232
-6.486669 1.131043 1.627231 6.516866 -0.081914 -5.491028 -1.208335 -4.934060
-11.307504 -10.098480 -2.405318 2.691306 -0.215598 -5.953379 -1.241740 -4.966466
16.038609 -5.147986 -1.199927 2.770240 -0.154432 -6.029106 -1.077392 -5.003616
12.596007 -6.692712 1.734781 -4.813563 -1.277575 -7.571613 -6.269201 -3.948303
13.258544 -13.030738 7.295826 4.900408 1.542859 -6.538912 -2.190121 -4.463009
-3.035909 0.490233 -8.408775 1.755545 2.118199 -5.899823 -2.736690 -6.929548
-10.825088 -11.170384 1.244587 5.996122 1.082153 -6.038193 -0.858676 -5.467393
0.948060 0.559730 -7.962068 7.614288 4.532300 -6.719735 -1.775178 -4.128925
-11.367031 -7.636661 1.698799 2.448436 -0.107822 -5.976553 -1.229665 -4.929449
0.849165 -19.616338 1.053892 7.358452 -3.734703 0.527236 -1.341387 -5.300038
15.688674 -7.240366 4.049318 1.404508 -1.237957 -5.748189 -1.131606 -4.277851
7.238633 -9.973067 -7.327927 -8.148666 1.725740 -5.929938 -1.696212 -4.736812
-11.328927 -11.160877 -0.279273 2.808618 -0.622269 -6.450681 -1.132667 -5.193123
