11.967868 -13.818266 -7.500569 -0.333961 4.907583 -5.595279 2.536727 3.696175
-12.688888 -20.814215 -7.828703 -0.902172 5.569701 -5.904669 2.697298 3.442970
2.623436 4.598169 -10.821388 -1.523775 5.564252 -5.852707 2.660945 3.453241
-6.577184 -11.636722 -13.541638 -14.407359 4.149259 -5.927329 2.640518 3.468454
-7.861368 -8.688928 -22.024612 -1.115348 5.555270 -5.948197 2.694626 3.413441
-13.969779 -18.789105 -3.988981 -1.267337 4.947129 -5.421453 2.673002 3.538227
11.969226 -5.388151 -6.172610 -2.089679 4.785452 -5.644941 1.815512 3.698944
-17.145437 -8.619806 -7.213453 -1.086105 5.147132 -9.172563 5.655242 3.166069
-14.385631 -2.478956 -9.792138 -4.662897 9.505118 -8.681906 2.471280 5.817817
-8.840614 2.171473 -15.271535 -1.335278 7.192724 -6.056401 2.365959 3.341436
1.834626 -11.896443 2.787602 2.640937 4.425294 -11.744165 -2.455855 -1.107105
10.983976 -5.019761 -6.117173 3.392468 5.844297 -6.939368 2.884780 1.179526
10.766173 -6.979921 -7.794962 2.720010 3.622526 -10.541900 5.335514 2.174845
11.957389 -12.373074 -5.057756 -3.414572 5.625170 -5.822842 2.616259 3.458536
9.537348 -13.698700 -6.616557 -9.240583 5.745993 -6.298025 2.883339 3.871186
7.604188 -20.619529 -7.299759 -0.561227 4.511026 -4.849091 2.480821 3.556060
6.430742 -10.561208 -18.827374 -1.720699 1.008886 -7.765135 4.102913 2.712946
11.884515 -6.116357 -10.961397 -2.606249 5.467911 -5.936813 2.663407 3.435840
-1.698594 -14.529238 5.152019 -7.379476 6.140115 -5.654586 2.869543 3.138458
-14.248118 0.427940 -7.819586 -1.119619 5.496158 -5.898897 2.717266 3.452803
-8.694623 2.693729 -2.851631 3.865543 5.480993 -5.745896 2.342569 3.575395
3.859708 -11.776539 -4.636007 -13.690780 1.285030 -5.546422 2.787703 3.559166
0.920290 -19.712199 -11.807579 6.330195 7.805375 -4.049730 7.375163 0.178483
-17.628751 -11.497558 -8.703794 -0.391217 5.283483 -5.873179 2.639378 3.883615
-10.311026 -10.484344 -17.339544 -5.947168 5.838260 -2.173621 9.015315 2.115411
-5.077357 5.159392 -5.441408 0.851996 3.908144 -6.164060 1.112527 3.791055
-16.017064 -10.946470 -14.205524 -3.009566 7.343634 -6.229664 3.524845 3.999899
8.107519 1.021023 -10.237928 0.185396 5.823102 -4.887838 2.522424 4.206162
12.598986 -9.054437 -8.973936 -0.781001 5.534430 -5.828954 3.240407 3.460342
0.269402 -24.338503 -8.707239 -1.054705 5.614733 -6.378379 2.809241 3.437345
-11.774620 -15.012298 -17.235601 3.256605 2.989309 -6.150804 2.508629 3.924503
