3.139486 -16.725034 9.429697 3.291712 -3.135981 5.549039 7.482366 -9.275618
5.171573 4.011704 3.079277 2.450101 -2.572034 4.603007 8.191575 -6.469482
-18.628966 -12.744765 1.165630 1.242653 -3.055809 4.576768 8.196124 -6.438792
-10.159943 -14.093348 1.672975 -7.313438 4.957750 1.953063 9.737576 -4.421632
5.243284 -18.436778 3.543084 1.635806 -3.926010 3.197254 8.206653 -6.440882
-9.492413 -12.919587 -7.833063 2.967211 -11.458967 8.041906 9.529372 -6.926060
9.903199 -8.410498 2.121607 -2.645146 -1.837888 4.362140 7.799071 -6.462292
-19.418988 -5.737113 -0.748201 1.204144 -3.083329 4.527907 8.210690 -6.445040
-16.180979 -16.085496 -2.299466 2.341234 -2.175008 4.781702 7.752941 -6.015375
-19.471774 -7.199419 -0.524745 2.266688 -3.033602 4.269530 8.846155 -5.984255
7.436119 -1.700503 1.258502 6.427466 -5.130113 1.912187 6.245657 -3.255972
-3.350527 -4.087158 8.336699 3.013678 -14.842222 6.916290 11.625521 -3.885088
9.037844 -1.432580 0.745977 1.645178 -4.673333 2.364438 8.723992 -6.130486
9.911116 -11.011307 3.435538 0.933018 -3.015858 4.562894 8.219328 -6.450835
-8.884069 -21.753634 1.590666 1.609082 -2.944776 4.466020 8.195085 -6.442621
-19.574869 -6.731454 2.221709 0.628885 -3.349646 4.736092 8.370422 -7.048372
-3.931337 7.762403 1.239293 1.323549 -3.288724 4.593417 8.195139 -6.461006
0.257121 -18.926652 -6.770585 2.753452 -3.117412 5.706241 7.720697 -6.960878
-6.261512 -4.740916 -8.692280 -2.107103 -2.295234 -3.793597 4.238165 -1.857677
-1.447123 5.057287 -5.514179 -1.519070 -4.842352 7.295503 8.000741 -6.527390
-17.261205 -13.206767 -4.151389 1.871568 -3.118863 4.132399 9.209694 -6.408901
8.327757 -5.977396 4.979038 7.557699 -1.643458 5.839090 6.548945 -6.484383
-19.071882 -9.877767 0.965299 2.760336 -5.467720 5.705214 7.528690 -6.798272
-5.692703 -4.441172 -6.608388 3.289230 8.487619 1.335128 6.280884 -8.533262
10.530385 -7.395383 1.257001 1.282273 -3.019133 4.547028 8.211869 -6.444827
-16.496294 0.111454 3.450450 0.637151 -7.022449 5.302182 10.195069 -4.289464
-12.290863 -15.083734 11.215567 1.606927 -5.488322 4.984235 6.815099 -5.483550
-17.331254 -1.744970 -1.793486 -3.505723 -4.199811 4.668637 8.212241 -6.444295
-8.165697 7.217880 0.457028 0.993208 -1.430194 4.142482 8.242927 -6.256976
8.829986 -0.443899 1.765828 1.109012 -2.155974 4.534485 8.282931 -6.991354
-16.922288 -15.342406 -1.303360 1.486573 -2.611672 6.007054 7.400025 -6.978951
