16.209183 8.916821 -5.887739 -8.598905 8.982364 -10.000776 -2.797748 9.497751
12.295044 4.438074 -7.190403 -9.629694 -0.596751 -7.138497 -0.745157 10.017765
-5.179158 -2.053282 5.857795 -4.707127 3.007945 -11.299714 -3.054096 7.944096
20.656411 -1.549490 0.708967 -8.579734 8.931206 -9.293986 -2.652772 8.999589
-5.735917 7.437243 -3.293457 -11.272199 8.426421 -7.303991 -2.603626 9.095068
-6.418992 -6.933477 2.079626 -7.583653 9.294765 -9.411015 -4.050821 8.653047
15.071058 2.230549 10.704936 -7.684379 8.293559 -14.237981 -4.409914 8.089488
4.471334 -3.661675 -8.975400 -7.885290 -0.838608 -12.626924 -2.572463 8.865944
-5.245001 3.596809 3.074793 -9.068408 0.913362 -7.381472 -1.949914 10.352920
18.933357 -1.099853 3.422257 -9.227538 14.439076 -6.403890 -2.505619 8.240113
11.766900 11.894836 5.413673 -3.655574 9.259723 -11.266335 -3.880988 8.607402
7.614019 -3.679911 -6.372354 -9.732467 2.512845 -18.737837 -2.566468 13.467490
19.006707 1.030406 1.056949 -13.657398 5.002962 -10.571994 -0.748570 10.148384
20.291812 4.228948 0.525888 -8.474233 8.946447 -9.396681 -2.660461 9.092493
-2.498470 10.557379 -1.906859 -13.981387 10.769370 -9.224804 -2.818140 9.120123
-6.138237 1.665235 -7.068595 -5.906662 9.801233 -9.454373 -2.377945 9.301770
1.419093 -6.540465 0.415074 -9.139955 11.729514 -14.674233 7.364804 12.123213
-3.834699 -8.664197 6.049663 -9.962048 8.681532 -9.453725 -3.932198 9.785159
15.623152 1.634792 11.601250 -8.988511 9.806296 -9.183295 -2.645444 9.102685
-7.251174 -3.210681 -2.939055 -5.311766 7.229536 -9.397828 -2.663422 9.091733
-6.935508 6.806365 -1.735397 -8.029536 8.523055 -9.405797 -2.449549 8.631335
-0.697797 -0.937429 6.077648 3.149106 7.746177 -9.973773 -2.796004 9.877394
5.378782 -5.081919 12.870996 -4.603397 13.094092 -9.956142 -3.251203 9.060704
-0.264883 -5.184712 -8.740031 -12.988647 7.940124 -4.676903 -3.072987 5.280890
-8.467906 1.345023 -0.658336 -8.423939 7.718767 -9.633692 -2.343122 9.595051
11.454797 -4.667226 10.829463 -15.799781 10.082273 -9.685506 -2.583728 9.129007
-3.534180 10.326546 2.148147 -13.235204 8.779006 -9.197725 -2.612521 9.101536
15.875783 10.961950 -0.239570 -11.111486 9.493624 -9.131017 -2.938988 7.929194
-5.798090 -1.424442 -7.357385 -11.370830 9.508933 -8.929715 -2.643351 8.566695
18.442582 -6.320750 4.035737 -6.496483 8.529359 -10.268811 -3.309487 9.770591
20.328734 -0.163945 -3.084739 -8.431340 8.969360 -9.565192 -2.526189 9.054889
