5.284900 13.006460 -15.169735 -4.472787 -10.390748 -1.625909 -8.853266 -2.514531
-14.730774 14.591133 -18.754784 -1.181471 -6.539607 -0.179060 -9.270327 -3.106244
-3.937767 22.085518 -7.303420 -6.152807 -4.322296 -2.283367 -9.186925 -4.348044
-17.751231 5.837281 -5.627436 -7.321660 -4.104662 3.482402 -10.711241 -5.558283
-5.258616 6.829991 -5.106223 10.190097 -13.029995 -3.458778 -8.708727 -2.052738
-21.776631 8.969946 -8.274279 -3.193861 -9.615573 -1.796027 -8.939847 -2.762426
-19.933580 12.089088 -14.183971 -5.464143 -10.044356 -0.310126 -8.903045 -2.651495
-14.522217 10.799157 0.578541 -12.380038 -9.724450 -1.771789 -8.938993 -2.701260
7.657309 9.975985 -8.056531 -3.821056 -9.463217 -1.773997 -8.713871 -2.803917
2.509074 1.467092 -1.249489 -6.628446 -6.853549 -1.406410 -8.817476 -2.612527
-21.591484 11.392372 -7.982892 -3.945209 -9.594254 -1.827071 -8.927667 -2.686409
-10.804095 10.832509 -20.211684 3.338748 -12.974031 -2.051490 -8.991040 -2.717756
-12.441602 5.321399 -6.832846 -4.807830 -20.210905 5.641366 -7.383110 -3.401500
-21.680690 10.339475 -8.441034 -2.240066 -9.738566 -2.006418 -8.851150 -2.862001
-1.346524 -3.982558 -10.379481 -1.454215 -11.690154 -1.837642 -9.165880 -2.563665
-18.889278 17.822171 -8.424500 -2.251876 -9.742841 -1.791246 -8.947730 -2.755360
-1.834817 17.955653 -18.552359 -4.289319 -9.699199 -1.114564 -8.733929 -0.727213
-12.966623 19.686843 -13.722572 0.036624 -14.606118 -2.947601 -10.394118 -3.558780
-20.577338 10.511568 -10.769044 -7.757654 -8.123884 -3.756201 -9.250482 -2.994468
5.199817 4.836026 -1.443403 -4.705299 -10.555615 -1.761976 -9.437840 -2.908963
3.701533 18.488671 -11.547047 -4.806882 -8.631799 -1.771889 -8.804058 -2.814327
-5.326645 -4.474281 -3.945995 -1.775697 -8.048435 -4.143333 -8.922742 -2.635397
7.139694 6.909883 -9.879477 -0.568162 -9.386126 -2.040831 -8.625708 -3.107492
-21.739356 9.820156 -8.954795 -3.690963 -9.845329 -1.848895 -8.894848 -2.822411
7.692001 9.148592 -8.215240 -3.380885 -9.642971 -1.774635 -8.946349 -2.749427
-4.988131 23.243182 -11.934390 -3.560014 -9.659221 -1.779167 -8.946261 -2.749905
2.615443 0.163701 -1.774368 -2.757170 -10.367349 -1.275084 -8.649329 -3.521032
0.421238 6.022410 -3.622997 -11.446312 -13.846689 3.440202 -5.397281 0.092651
-21.613425 11.188998 -7.711168 -2.793385 -9.524514 -1.684287 -8.955804 -2.724782
-0.973620 10.925461 -0.490185 -14.032325 -8.751881 -0.435595 -9.286410 -3.817874
-8.657377 22.538745 -2.753749 -2.769773 -7.516599 -1.859650 -9.151612 -2.864126
