10.947661 -4.652157 -2.523878 -15.224897 -7.601741 -5.947888 -0.332124 5.035263
-7.769616 -0.351723 2.786808 -5.240939 -0.528444 -7.587593 -0.993154 7.965950
9.826199 10.644287 1.017266 -2.567127 -2.935445 -8.534489 -0.432677 7.584815
20.921404 -6.211021 -1.322427 -6.061289 -2.038664 -7.066266 -0.508145 7.591229
2.965335 2.890404 -2.413288 8.560627 0.780658 -7.548286 2.827130 11.031742
-7.552565 -7.076311 -1.429032 -0.413420 -3.011416 -4.856407 -0.559385 10.270747
-4.173672 -6.418525 11.489411 -1.527167 -2.058660 -6.997111 -0.324551 8.173399
7.207333 -13.554240 -1.810103 -3.000326 8.896152 -9.331549 -2.362208 8.006745
10.289486 3.384861 2.557918 5.220979 7.365320 -5.405265 -0.780789 8.063622
-3.512406 -13.548119 -2.373852 -7.544837 -3.958521 -6.838821 -1.141437 7.893253
20.728580 -1.249243 -3.083967 -2.155376 -0.886081 -7.261008 -0.474265 8.287839
-2.353733 -8.912445 -9.376353 -5.438903 0.612759 -5.937484 0.549064 8.123949
21.655151 -4.276595 1.066690 -2.793087 -2.152866 -7.210149 -0.522566 8.205614
11.881388 9.249864 -1.188666 -0.025632 0.959947 -8.415896 -0.595386 8.358924
3.359932 -4.468521 -5.160434 8.129435 -7.768342 -3.579140 3.514523 8.606745
11.899113 9.612054 1.960844 -4.925544 -1.194960 -4.462156 -0.709281 8.625954
14.861615 8.321792 3.215941 -2.340669 -0.672421 -7.210465 -0.515383 8.188396
-6.271480 -2.268675 8.778183 -3.971562 -3.687475 -6.921347 -0.674659 8.484100
13.637260 8.248960 5.200833 -2.586405 -4.924767 -8.814121 -0.642669 8.877147
-8.617315 -3.236243 1.102429 -2.734212 -2.111548 -7.207467 -0.548352 8.206778
20.794312 -6.683983 1.874667 -6.263690 0.221064 -7.123570 -0.659015 8.193971
9.120789 8.462919 -6.818118 -4.386480 -2.977979 -7.810304 -0.529261 8.406682
-7.157706 -3.312696 7.575524 -3.186078 -2.157981 -7.201020 -0.528549 8.204296
21.656712 -4.001121 1.173874 -2.806941 -2.158320 -7.175777 -0.539253 8.194341
10.313513 9.567779 -0.188969 0.754084 0.633508 -8.091266 -3.036162 7.283804
-8.483746 -5.315385 2.621489 -2.017669 -1.776745 -7.232882 -0.527232 8.175863
19.546126 0.920781 -2.821192 -7.196279 -2.245436 -7.224334 -0.596757 8.105807
19.942702 -10.714800 2.395419 -4.036570 -2.057754 -6.723817 -1.364612 7.717388
-6.383326 1.879524 2.284680 0.003287 -5.766652 -7.195095 -0.772770 5.771698
9.117878 -18.066134 6.048476 -1.632117 -2.020035 -7.228052 -0.410823 7.962507
-8.626366 -4.631328 0.967557 -2.797484 -2.049266 -7.201473 -0.528160 8.204241
