-7.072299 12.832157 -1.871472 3.474587 8.949532 6.307784 -3.383123 8.944035
3.906400 22.174590 -4.521543 5.736949 6.674670 5.661810 -3.359396 9.762299
1.381962 -4.844182 -2.570993 2.516723 6.960306 6.724091 -3.252429 9.087948
21.367299 4.958759 0.214067 2.281930 6.308039 6.963420 -3.439243 8.985795
4.631753 3.189792 7.217341 -7.608622 12.023757 6.597466 -2.644199 9.171730
-4.422427 13.955959 0.714511 4.538640 0.659440 7.772697 -2.426247 7.913601
-7.618588 8.569974 -0.798517 1.378213 9.478830 7.505244 -3.354490 8.769705
2.420702 4.297762 9.054535 11.901262 6.211482 5.203159 -4.650039 6.789226
-7.440889 5.554498 -0.974338 3.193488 8.520059 6.564870 -3.484152 9.174754
-6.755308 11.073379 3.048516 5.938210 8.757009 7.584519 -1.665756 8.334909
14.886493 17.684362 -8.653181 6.011992 7.177630 6.769888 -3.644420 8.637132
21.965257 8.307529 -0.614354 3.184529 8.048991 6.918815 -3.256436 9.053371
21.530409 6.751676 1.002137 5.051550 8.593429 8.161954 -4.429643 9.241838
-4.601494 -0.479837 -0.982871 3.150811 7.226116 7.010476 -3.217982 9.385861
21.422989 6.999801 1.522226 1.064236 10.034033 8.183761 -3.284255 8.294743
-4.684200 0.899325 2.031460 1.942341 10.119831 10.293008 -3.058706 9.271995
-5.546082 5.911365 4.228761 -0.465860 8.769355 10.606584 -5.915480 8.587071
16.625518 9.471126 8.265237 -4.492804 8.016552 6.939170 -3.246268 9.068960
13.799419 20.386385 -2.108278 -0.502663 11.393698 8.226963 -6.562250 8.759722
10.952795 20.477430 3.880020 9.326263 7.131775 9.270709 -2.883479 7.448038
9.317361 18.376248 2.028578 13.365908 6.420716 4.709797 -3.702427 10.304833
4.856590 1.564959 12.458517 2.000930 9.317579 6.844047 -3.228445 9.013642
16.340846 5.179523 -10.348107 7.563206 9.125555 6.189945 -3.412349 10.044369
20.962030 12.922066 2.268138 0.945372 8.111693 6.857589 -3.355255 9.177930
-1.551492 -1.603752 -5.958574 5.179295 5.821176 6.864167 -3.271961 9.051299
-7.270898 7.091098 2.182644 2.661177 9.315226 8.312405 -1.925347 8.014111
18.137576 16.604746 -5.759415 1.784602 5.706907 6.888208 -3.334071 8.994100
9.100299 14.609014 11.883289 -1.977024 5.762509 5.919737 -3.682310 7.667141
12.508476 -2.173979 5.783144 -2.886202 9.534222 6.650854 -2.758326 9.534479
0.492704 14.989993 -7.450020 -0.106502 16.074708 9.187699 -4.912026 11.426556
1.316927 22.335148 -1.422749 2.603854 8.062815 6.749630 -2.955642 8.964682
2.147115 -4.951336 -3.162003 3.557771 9.730804 7.498595 -2.789217 9.135698
