-4.690367 1.932545 -17.741561 4.930647 -5.417624 -4.366072 -0.409824 9.183601
3.019366 14.100501 -11.421968 4.521681 -4.045498 -5.539007 -5.081921 7.449151
-10.486103 -1.018437 4.673457 9.792677 -3.152867 3.592184 -6.133990 5.605089
6.079856 8.115712 1.478600 7.414913 -4.122839 -6.070906 -4.903962 6.613472
-20.176506 4.205939 5.377033 8.605520 -4.301339 -6.001058 -4.935791 7.429024
-13.603787 2.527417 9.191297 -0.496002 -2.024064 -5.240352 -4.895267 7.462017
1.282768 -6.305613 -3.318095 5.153954 -4.944797 -5.639987 -4.832589 7.471329
-10.909800 4.384932 9.185924 10.842508 0.102000 -5.576386 -2.344106 5.513179
2.802744 7.861698 3.802069 2.395405 -10.302465 -1.922223 -5.613547 9.023196
-5.893925 6.108761 -14.174224 -4.978587 -6.146112 -6.140251 -0.454284 3.340424
2.267403 -5.104939 -3.789499 7.020866 -5.755547 -4.203874 -5.089514 7.225716
-16.911315 -3.609065 1.323817 -1.002591 -3.691514 -8.613081 -7.163356 8.821180
3.460449 -3.752962 -6.584773 6.941128 -4.119356 -5.370818 -4.551987 7.855800
-8.360819 21.833235 -4.097092 5.144409 -3.938214 -5.452179 -4.819336 7.300765
-7.853737 -9.584734 -3.971225 4.779059 -4.195464 -5.667885 -4.910460 7.462971
-16.361826 0.396370 -13.061873 11.932836 -8.002483 -5.726517 -4.808589 7.413928
-12.387807 -4.260495 0.294434 3.486693 -1.023347 -3.401946 -3.782059 16.746698
-16.813520 -0.062820 -15.537735 5.696164 -4.954442 -5.653117 -4.733872 7.520644
-14.649851 0.826496 -14.997254 0.269683 1.393264 -3.512530 -5.411431 7.007346
-10.342872 -3.252641 -7.964969 14.382126 1.702200 -3.990275 -8.116319 7.591244
-2.783735 15.694526 -11.158948 -0.731052 -9.759703 -8.462812 -4.646370 9.178858
5.276861 9.699254 -3.149807 11.735849 -2.970595 -6.380834 -4.474638 6.990979
6.271028 5.580248 -6.017949 7.588987 -1.400698 -5.645111 -3.314073 11.120109
-16.452515 10.557611 1.625124 16.178489 -4.425394 -5.343810 -4.893238 7.454924
-8.703565 -2.108378 -11.740437 -3.512965 -0.978141 -8.459692 0.471490 9.081568
5.095919 7.151674 -12.151257 4.971342 -4.109806 -5.848347 -4.893194 7.612536
4.403927 14.597498 -2.869192 1.297903 -3.281688 -5.575254 -5.316689 7.801672
-23.556995 9.337092 -4.077585 6.512070 -4.236412 -5.532317 -4.649204 7.471590
2.775474 -4.836713 -5.873872 4.289452 -4.180292 -6.287659 -4.771883 6.772373
-23.202194 4.164602 -3.598762 7.049304 -0.572523 -6.495521 -4.543820 6.145581
-12.302811 -8.736499 -0.899249 4.749871 -4.727620 -6.038708 -4.823758 7.577270
-23.708762 8.656551 -5.407150 5.011903 -4.220506 -5.627030 -4.819782 7.220420
