-8.810490 0.572922 10.314187 -13.178067 1.009737 10.664745 -5.236692 7.624797
4.070927 -7.312167 -1.563497 -3.229046 -2.605206 6.646531 -3.738772 7.442936
4.485635 3.089091 1.755079 -3.022139 -2.507485 5.004160 -4.410985 7.390737
0.039819 4.863238 6.606872 -9.804207 -6.012887 4.467842 -4.520337 7.793743
-22.633321 2.273488 6.087393 -6.581440 -4.108728 6.123473 -4.508854 7.228028
3.922309 -5.512403 -2.015002 0.417630 -1.374955 3.351082 -3.674639 8.816656
5.439781 -1.519319 1.755636 -2.329040 -2.414837 5.119084 -4.321707 7.451619
4.346231 0.822695 1.252429 -7.182988 -2.427639 5.839374 -3.187433 9.110100
-5.067439 -11.845159 -2.097000 -4.182659 7.282806 6.950217 -4.288440 7.255772
-19.758509 -11.319547 6.684689 -4.755153 -4.316931 2.586820 -5.409234 8.856742
-23.422731 -6.274926 1.779096 1.255534 -2.671465 5.201189 -4.384673 7.412396
-18.599769 8.565446 -3.171449 -3.899327 -2.263750 4.680743 -3.955125 7.645376
-22.592499 4.398076 5.043806 -4.322290 -2.682090 5.095563 -4.207105 7.377409
-0.800374 -13.448113 -2.892874 -3.130439 -1.680561 5.597531 -4.452926 6.803027
2.340681 -4.140280 -7.083897 -2.888306 -2.458146 5.440732 -4.382879 7.359099
-18.822706 -11.551819 -5.364868 -3.411119 -2.464977 4.888146 -5.051787 6.859872
-19.291320 4.602603 10.931640 -1.971443 -2.343624 5.142043 -5.580665 8.014839
-13.653799 11.172642 3.905291 -4.415585 1.590226 6.098556 -6.340705 8.954548
1.463441 5.257900 2.243194 1.139375 -7.893335 4.362864 -4.334390 7.536015
-22.016241 5.445841 2.292060 -0.023833 -2.295251 5.413580 -3.029421 8.396610
-22.418676 -8.695931 -1.434307 -5.789782 -2.413350 5.053548 -4.526054 7.504638
4.386058 -7.668919 3.039832 -2.526347 -2.032954 5.433961 -4.046462 8.073302
-0.008447 -8.915696 2.259319 -11.941100 0.521547 4.794290 -4.771923 8.220717
0.099627 -5.135485 4.770573 -6.477114 -11.884169 4.824625 -1.178110 5.725013
-20.381366 -10.108948 1.679376 -9.738050 -3.438047 5.271526 -4.433625 7.452582
-22.762396 4.856267 0.842671 -2.909344 -2.357348 5.141128 -4.260247 7.420225
1.789028 -7.184267 2.831856 -9.384455 3.040859 4.270653 -4.115606 6.910598
-3.213450 -3.750148 -11.373230 -2.757426 -1.273600 7.157036 -5.633395 8.244058
-24.536101 -3.200755 1.141005 -3.138515 -1.849745 5.210789 -4.360900 7.396537
3.008835 -1.388617 10.099524 -2.946992 -2.275228 5.195658 -4.281727 7.458701
-10.815334 -2.027722 -12.545446 -1.453802 -3.914857 3.880672 -4.470800 4.364118
