14.205364 -4.334768 -6.827521 3.348698 8.311319 -5.911719 3.962125 -3.701342
-1.159855 9.405650 -8.710883 9.263127 15.897348 0.874193 6.010603 -2.629443
-3.784047 -12.126669 -5.314480 5.172658 8.484458 -7.144912 3.720772 -3.819520
14.463306 1.714572 -9.016913 10.557750 8.559382 -6.453557 3.948799 -3.641182
13.913076 -1.039660 -10.781078 0.516196 8.793524 -6.327044 3.940585 -3.627439
-3.899588 -9.106974 -11.050465 -0.280570 13.900458 -6.403849 3.886322 -3.269233
1.921833 -9.396620 -16.894260 7.318186 6.754167 -6.533977 4.344507 -3.844452
14.870795 -0.366033 -5.692780 3.555515 10.380422 -5.291744 5.289466 -4.605436
-9.739343 -2.178290 0.058315 6.514317 11.582963 -8.267959 4.041835 -3.372609
6.636951 -0.128801 -6.205619 -3.147233 11.129689 -11.281461 -0.799504 2.586786
-11.259539 0.779346 -12.453657 7.061462 11.411049 -9.547247 3.831366 -3.778777
12.819071 0.130054 -13.511001 2.174859 6.273415 -7.798848 1.957971 -1.114679
0.016841 -3.229120 1.542762 -1.269137 15.964819 -6.443375 3.868220 -3.761140
13.888381 7.053738 -6.215688 5.563216 9.644412 -5.395760 3.970321 -3.633280
10.062135 -6.115405 -1.055472 11.034878 7.170150 -5.148337 3.718418 -3.597766
4.742762 11.614487 -8.728234 4.300628 6.068964 1.512311 3.029353 -3.990908
12.058605 -4.006127 -5.361280 11.195528 6.288608 -10.607351 4.537999 -2.880025
9.896077 8.404107 -7.415526 0.325778 9.632743 -11.031223 -0.296494 -3.814280
5.739986 -8.715442 -13.063411 0.273862 13.640792 -8.617750 3.973346 -3.298316
-11.768666 4.744460 -11.401892 5.062878 8.777906 -6.297022 4.000365 -3.550908
-12.017093 4.970947 -8.253283 6.192999 6.355411 -5.959525 3.612164 -3.908204
-0.619055 -12.935189 -9.897082 5.867999 9.540452 -5.947240 3.749251 -3.650307
-12.131496 -3.466804 -6.257352 5.203162 9.089669 -6.188095 3.877807 -3.582394
-12.812355 1.179663 -7.650036 4.605804 8.585642 -6.477631 4.491314 -4.275256
-4.538604 5.885630 -16.583960 4.194919 5.940730 -8.686000 5.545782 -10.042743
-10.954629 -1.112154 -14.321797 5.911055 7.889865 -6.536311 3.983871 -3.642229
-12.866081 0.842205 -7.649512 6.228157 8.338342 -6.259488 4.038857 -3.761813
-2.521367 12.074402 -14.474295 8.860986 7.326471 -6.619058 3.594270 -3.624376
13.096562 4.424375 -9.292919 0.960490 13.571269 -6.310814 3.982260 -3.636538
15.199916 2.434386 -8.499572 4.700739 7.821265 -5.191189 3.785023 -4.023098
-12.111015 5.489900 -7.516930 5.679325 8.770449 -6.364715 3.935211 -3.673382
