-6.414965 -1.819523 -3.900984 1.882940 -3.244341 -2.874880 2.582589 -7.976834
22.911043 1.266039 -5.658710 -0.408198 -0.095321 -2.684814 2.493465 -8.448888
14.117970 -0.625825 9.617993 2.429841 1.216377 -2.275870 1.844591 -8.454380
0.618245 4.682887 -3.024572 -5.574704 8.597811 -0.777242 2.255975 -8.527038
22.653213 1.441154 -4.085164 3.222913 -0.185580 -3.683962 2.490124 -9.402295
3.561749 0.998324 6.809398 -7.987938 0.387553 -6.407630 2.982408 -7.176092
12.102045 9.120083 -11.262229 6.626101 -0.853183 -3.078577 2.401991 -8.489743
23.122702 -3.918442 -4.082686 1.305112 -0.881968 -2.844515 2.679105 -8.329455
2.045236 11.673669 -6.892009 0.460074 -0.572919 -3.079392 2.444565 -8.497548
21.524161 0.834958 -7.853213 -5.117031 -0.100134 -3.056204 2.351568 -8.478943
16.604138 8.858924 1.871911 -3.258159 -1.603853 -2.567054 2.030548 -7.746683
17.725568 -12.430352 -8.433865 0.329684 -0.938164 -3.147383 2.502731 -8.478088
7.092793 12.641701 0.367922 -1.282429 -0.462297 -2.923374 2.334405 -8.450000
3.950932 -13.363440 2.138813 -4.684178 1.044434 -4.747763 0.695515 -8.874843
12.650116 7.698236 6.771859 2.782087 -0.357994 -2.768556 2.209531 -8.367858
22.323075 -0.495163 0.913593 -1.341878 -1.130737 -1.405224 1.976288 -8.462081
22.715228 -3.119717 -7.100144 -1.557123 -1.943910 -2.719855 2.620864 -9.433543
-5.169696 -1.030770 -2.863608 -4.749597 -2.119113 -5.979141 0.259275 -10.048809
-4.753877 -7.305450 0.854084 1.285554 -1.048755 -3.022255 2.455858 -8.465850
22.848143 -3.531485 -0.908797 -0.524804 -0.941110 -1.714482 2.485249 -8.425756
22.187714 3.967621 -4.280555 -0.006567 -0.254334 -2.737189 1.368338 -8.621781
18.559005 3.202698 1.537696 4.361948 -0.167923 3.633865 4.992890 -9.195334
-4.630988 -0.264285 -2.984845 -0.005632 -0.253488 -8.572496 3.440716 -3.629900
17.663778 7.586587 -11.147449 0.235303 -0.752477 -2.987317 2.450945 -8.478365
23.267536 -2.885781 -4.543135 0.367172 -0.398184 -2.991498 2.453085 -8.479602
-5.587739 0.292548 -8.972166 0.586078 0.026698 -2.401998 3.809743 -8.165392
4.444668 -16.172946 -4.101891 0.244253 -0.568006 -2.916308 2.449758 -8.487207
-6.725512 -1.651663 -3.951621 0.232859 -0.757860 -2.995635 2.458201 -8.481456
17.978808 9.657486 -3.797553 1.712286 0.522039 -3.252726 3.278952 -8.721721
23.294300 -1.182154 -3.782038 -0.381764 -1.465329 -2.573988 2.627024 -8.462146
1.046612 4.147810 3.674303 1.278602 7.323019 0.712159 3.657426 -7.230167
