3.791451 -7.046993 3.389350 -16.706680 8.229787 -8.081977 1.156003 7.881636
2.461651 19.383691 3.775928 -10.658794 10.005748 -9.381690 0.847897 7.788188
-12.848658 8.021260 4.482450 -9.925291 7.803323 -7.069293 0.695855 7.947473
-12.068590 1.335963 3.950835 -5.807985 6.999079 -7.439169 1.028527 7.908348
-8.817970 2.610157 -1.316126 -7.679326 6.031589 -14.279357 3.831071 7.769294
12.530350 9.991507 12.311912 -7.001277 8.113844 -7.717807 1.140141 7.817618
-6.534483 15.952458 10.482994 -8.865048 8.569290 -7.471640 1.042454 7.624847
-8.700970 7.560749 14.515911 -10.390815 9.321898 -10.258560 0.589710 8.272920
-4.528298 13.216164 -4.335920 -4.262467 8.675121 -7.562275 2.056875 8.863221
9.521966 16.899541 7.256979 -8.981582 9.278742 -7.083609 1.062600 7.856700
3.500716 4.372920 -2.723200 -1.890304 8.225042 -13.271706 -0.388836 0.034073
15.829701 5.104423 3.586893 -9.062553 8.619518 -7.471963 1.124096 7.617926
-0.914833 6.348441 -7.338262 -6.834791 2.466332 -5.570873 3.573518 9.140151
11.147292 -1.095583 13.238937 -11.359037 9.453358 -7.460027 0.955170 7.667050
-11.807894 3.931606 -1.067460 -8.730431 9.895170 -6.974044 0.416016 7.797736
-12.934849 3.349638 6.030801 -8.352727 7.650582 -7.054274 1.017198 7.633774
-6.917841 14.328139 -2.717590 -8.343185 7.620108 -8.215780 1.139998 7.520919
-8.770519 9.843149 8.434714 -17.156057 5.541349 -8.592508 -0.364956 7.952035
-8.476677 -3.012755 0.625789 -10.193759 12.464190 -9.661032 0.218798 10.850089
12.819665 -1.856572 9.857509 -9.116555 8.977402 -6.382813 0.890049 5.843593
-8.950187 -5.076219 4.962309 -9.091331 8.822581 -7.648779 1.024024 7.301776
15.247983 1.039818 5.175830 -9.685419 8.414462 -6.834090 1.518609 7.416560
15.882987 5.122160 4.780002 -9.386832 8.725473 -7.472490 1.039349 7.620905
-8.369893 1.699740 -5.078083 -9.191682 6.796433 -9.324052 1.085868 8.338929
15.364133 8.799829 5.900955 -8.788976 8.744989 -7.485695 1.079562 7.627108
-10.750241 13.150613 4.058138 -10.217783 8.780865 -7.475749 1.043409 7.619148
4.875529 2.987793 4.257911 -18.451181 9.903007 -16.310087 3.692445 2.589297
12.074890 0.978413 -3.805272 -7.831988 7.145613 -7.257440 0.945969 7.716957
14.960649 6.400957 4.174148 -4.841425 9.654340 -7.835274 0.843605 9.135746
8.154648 -6.912223 7.425793 -12.833574 8.390275 -7.276771 0.962154 7.567575
-6.797035 -5.467135 0.041543 -6.609424 7.933204 -8.251186 0.458719 7.358366
10.228482 4.627354 3.865450 -19.780048 8.219115 -10.655640 4.617016 8.157323
