-4.029568 -0.271898 -5.252304 -2.363028 7.275924 -2.397748 4.260897 1.525792
-7.232742 -7.866113 -9.166370 -3.554177 8.821748 -2.513582 3.237572 1.889172
-4.807633 -0.893853 -7.074682 -2.106432 8.347486 -3.297409 3.249811 1.524393
20.691222 -4.559516 -3.530344 -1.482381 8.014102 0.060243 3.558744 2.999152
7.923406 -7.708093 -9.364600 -17.362906 8.413272 -3.496029 2.608761 2.504784
15.815667 -16.495401 -15.265660 -7.278149 4.176992 -2.944645 2.946845 1.320646
-5.674933 -14.804192 -11.590799 -1.667252 8.189927 -2.450117 3.248169 1.806917
4.274278 -6.281839 -18.649202 -6.119278 14.087953 -4.422617 -0.207500 -3.399032
-3.917584 -13.658783 -15.051322 0.539832 9.362356 -3.611654 1.750395 0.101856
8.853465 -16.668316 -11.097684 7.745349 14.204574 -1.269549 6.438906 0.296630
0.981904 3.899258 -5.455283 -4.136339 8.535956 -1.401790 3.356991 1.746828
9.096196 -2.577214 -11.153543 7.823511 5.811304 3.985329 4.272018 3.181063
22.201456 -10.292053 -5.715837 -3.737056 8.141658 -2.609242 3.255958 1.854313
-5.393869 -2.117178 -8.612232 -4.593153 7.707856 -2.353806 3.056613 1.845378
9.168837 -20.536665 -14.530939 -2.122644 14.862116 -4.492035 1.666978 2.123145
-6.915108 -11.353543 -10.727517 -2.637297 8.762689 -2.449381 3.230682 1.897998
19.918993 -1.897229 -6.780323 -3.265612 7.494515 0.549271 1.630045 1.041747
16.316799 -4.172813 -15.728695 -8.863806 4.918649 -2.784461 4.057225 0.574925
6.474345 -18.750729 -18.694420 -1.449382 8.220679 -0.888286 1.873708 3.433839
-4.847323 -14.438944 -1.287684 -2.193991 8.740307 -2.392563 3.117145 2.325515
-1.337855 2.636300 -9.463344 -1.882807 9.146120 -2.717125 2.740010 2.061945
6.563364 -19.904045 2.305905 -3.458488 8.317941 -3.324570 1.117367 2.316713
18.329902 -19.428287 -8.189563 -2.590817 8.548541 -2.464780 3.163484 1.748557
16.162898 -2.772756 -0.858299 2.967901 11.136655 -6.005246 2.971049 5.016586
12.684623 -23.152300 -7.626373 -2.216088 8.542939 -2.424615 3.250303 1.809428
20.998636 -6.627617 -9.076623 2.232188 11.428834 -1.741654 3.478318 1.452943
-4.974836 -14.743175 -2.918288 -1.342711 6.866818 -0.590645 3.234106 3.659863
22.406370 -9.741021 -7.159822 -2.719122 8.868624 -2.578269 3.251944 1.858002
-6.093004 -3.101395 -7.597469 -2.665450 8.756719 -2.541565 3.233504 1.885561
-0.251525 -12.905213 4.113834 -3.895006 6.262194 -2.350579 3.054258 2.620464
7.240091 5.548679 -5.471180 -3.231411 8.692982 -2.523197 3.229636 1.886438
20.401869 -2.262279 -10.490875 -1.867501 8.890705 -2.515740 3.233705 1.886177
