-4.795396 10.871440 -0.963443 0.951587 13.493223 7.342768 4.629911 -4.292066
5.966795 3.081583 6.216296 5.482842 4.591388 4.480600 3.009813 -3.866385
-15.632706 12.990687 -3.232118 4.520139 2.522993 4.340850 3.039577 -3.882847
-1.077453 13.525099 5.800936 11.158964 -2.099786 2.241342 3.441287 -6.389549
-19.331463 -3.561365 6.805664 5.097635 4.325513 4.309449 3.093944 -3.830218
-8.833640 15.907171 -0.279276 10.053892 -0.346846 6.894952 3.020397 -3.947679
-22.148212 4.220437 5.917342 4.653040 7.044525 4.859577 2.407251 -4.007167
4.354612 7.377982 0.169967 7.873678 3.930745 3.668760 3.155355 -3.404063
3.901166 -1.221644 6.199963 4.532975 6.372718 1.074121 3.834242 -4.047420
-16.195204 3.481836 16.451875 4.785834 9.542207 3.767064 3.670005 -1.958584
-20.551872 4.431243 11.021953 2.123089 3.813828 0.031270 2.896636 -3.872732
5.701866 7.395643 8.512808 3.565857 4.925690 3.794185 2.280371 -4.051014
-4.657250 0.100538 17.640943 10.841471 4.568492 4.718938 2.940978 -3.392393
-7.228595 7.116799 2.955387 4.271017 17.661535 6.228344 3.081365 -6.756003
-4.008813 14.061924 14.810635 0.742742 -0.116172 4.560359 2.545783 -3.885519
-6.166083 -8.626121 4.125431 4.925603 4.884076 4.388289 3.044045 -3.729454
1.431576 13.133824 -1.034772 3.959120 3.887842 4.453263 3.205522 -3.844350
5.467113 9.344100 4.312193 5.003495 3.662461 4.543595 3.310206 -3.847468
5.301753 7.061311 9.918814 3.650084 5.924336 5.586930 2.449399 -4.660926
-2.237072 18.351477 7.611062 5.283529 3.605933 4.359278 3.074753 -3.805378
5.157809 5.216484 1.249265 3.634165 5.493380 4.357350 3.186747 -3.776003
4.152569 -0.698729 10.102236 4.807995 5.188946 4.667497 2.911165 -4.065132
-21.852299 6.423220 3.220657 5.434202 3.622879 3.373708 0.638049 -4.732915
-13.653434 -3.700556 -0.666576 4.754707 9.087658 -0.267043 2.245708 -4.593411
5.824299 4.397893 8.984661 5.371659 3.627971 4.633019 3.489104 -3.893947
-17.002772 7.175845 15.715499 9.470452 1.784273 7.090588 3.218786 -4.116286
-21.983924 2.126893 8.116498 5.093482 4.306284 4.364460 3.101153 -3.863565
-5.946583 -5.645779 11.551782 4.239849 7.273397 -1.350233 5.041593 -5.770917
-17.987566 15.840132 6.105533 5.060034 4.317053 4.350888 3.071381 -3.827287
-17.809172 15.108055 4.543340 2.724108 5.996245 1.685808 2.885978 -3.694377
-22.221107 6.681145 4.538473 3.476137 5.286501 4.332794 3.042378 -3.850728
