-2.844703 5.640760 -4.770968 -5.291236 8.887933 10.158285 -5.392487 5.597760
3.362583 -5.153252 -16.132891 -0.497762 8.168283 10.261173 -6.021508 5.968794
4.959995 -9.672156 -9.797670 -4.018021 8.739248 9.808981 -5.323980 5.720891
4.555046 -1.104746 -8.684763 -3.417096 9.220221 9.618286 -5.200535 5.882549
-20.497750 -9.272991 -4.689093 -3.124999 6.311077 6.150053 -5.116342 5.715025
-20.913547 -1.723453 -13.082656 -3.020793 11.124048 10.639530 -4.973885 6.181430
-3.152640 -14.778400 -17.951898 -0.267783 9.645268 7.260998 -5.701129 4.745624
-16.386271 -5.219348 -15.646726 -12.331541 9.364047 9.610637 -5.313690 5.910208
2.544722 -7.309290 -0.874997 -3.302040 7.539273 9.489188 -5.167483 6.491113
-0.510806 5.346999 -8.101649 -2.546971 8.697199 9.934333 -5.268221 5.972463
5.494143 -6.128069 -9.523911 -2.631024 8.783584 9.705568 -5.244961 5.940707
-16.260166 4.885076 -9.764499 -6.220210 8.195758 8.958838 -5.831940 4.802556
-13.487558 -18.427063 -9.701780 -0.920493 6.115379 7.606943 -4.670556 6.934227
5.441700 -6.329532 -8.175094 -2.227833 8.726156 9.670779 -5.249085 5.889218
-5.387676 -3.967210 -7.477287 -15.204560 12.144288 12.441906 -5.356233 8.447962
-14.784146 6.118539 -11.270346 -1.577934 7.873770 9.612166 -5.153721 5.885225
5.432280 -4.706983 -9.293073 -2.835180 8.800059 9.739659 -5.225202 5.901357
5.237450 -5.209777 -11.697517 -3.518464 8.812717 9.747545 -5.271390 5.911831
3.049692 -12.990393 -5.664335 -2.703986 8.800539 9.267560 -6.205803 5.233845
4.375633 -10.693579 -10.842804 -0.364338 8.798268 9.891243 -5.217121 5.874370
-17.720396 -5.057066 -1.976265 4.136281 11.373090 9.366473 -5.226033 5.581172
4.593437 -9.926963 -6.531672 -1.877330 8.794845 9.436866 -5.231679 6.998859
-21.996776 -6.601343 -11.418148 -4.149083 8.797382 10.384382 -3.053244 6.005140
1.622108 -7.102017 -17.257017 0.962047 8.444431 8.869094 -2.368986 8.022602
5.171453 -4.495170 -11.518091 -3.253163 7.999830 9.349263 -5.757885 5.531228
-22.418879 -5.579106 -9.297912 -2.893387 8.906580 9.630827 -5.219728 5.906037
4.338945 -6.001573 -9.492013 -4.893462 8.109802 7.180947 -2.224514 9.183163
4.253335 -11.408587 -11.095989 -1.922606 9.015230 9.268433 -4.830083 5.967355
-21.614575 -9.918211 -11.727090 -3.720195 9.325934 9.738707 -5.221715 5.907002
-14.792987 -14.099647 -17.884334 -2.786738 12.163987 10.523581 -5.249921 7.844744
3.698637 -11.177489 -13.691129 -3.858181 8.900890 9.687569 -5.360667 6.117543
5.103043 -9.181177 -10.335235 -2.812176 8.789392 9.740521 -5.220827 5.902263
