14.559211 -7.365102 9.369398 -3.551652 4.157884 -9.689537 -3.207743 -7.866745
-5.966754 -5.851062 1.844908 2.551834 6.961670 -3.255409 -2.527443 -6.490959
20.808246 -5.151027 -2.934835 2.255611 8.784807 -2.198844 -2.406254 -6.618636
-6.557986 -3.995928 3.185150 2.616167 7.318498 -2.414785 -2.648034 -7.173251
0.411249 10.679545 7.660738 2.963376 7.849117 -2.182129 -2.542416 -6.668451
-6.328141 -4.713428 1.814574 2.817320 6.902277 -2.387730 -2.609486 -7.095070
-6.818122 -1.182498 3.365504 2.602320 7.249549 -2.376242 -2.628157 -7.120610
-4.095998 -2.233131 11.734094 2.611871 7.427398 -2.388735 -2.626703 -7.122073
11.392721 13.206918 3.031249 2.448033 7.060345 -2.498778 -2.483007 -7.089143
-2.433859 7.690082 8.519672 3.976840 7.556474 -1.775236 -1.903410 -7.782224
22.737219 -2.994116 3.305858 2.518926 7.261156 -2.383380 -2.639598 -7.112699
-6.337579 2.510620 3.025361 2.571953 7.122221 -2.379707 -2.626746 -7.126725
7.645799 -4.082347 17.662192 2.490774 6.837716 -0.631287 -2.201357 -7.201607
1.667632 11.720031 2.994516 2.144915 5.978620 -4.745884 -0.664815 -6.290490
17.483668 -12.580388 2.326987 3.247271 7.198214 -2.737780 -2.778375 -7.106376
21.903095 0.885847 0.355404 0.732495 6.728373 -0.758548 -4.567022 -5.089647
2.559395 -13.813233 1.752488 -1.499940 4.212774 -3.842896 -1.402360 -7.010160
21.668533 2.387818 3.700073 5.804525 4.262096 -1.385131 -2.582163 -7.169238
16.338238 -10.810986 3.947012 -4.890381 8.668487 -2.310523 -2.881547 -7.445439
4.478771 -4.733941 0.956419 -7.036571 9.126989 3.946662 -8.444339 -2.670834
-3.939258 7.527785 3.166228 1.954423 7.111872 -2.418570 -2.636240 -7.127424
5.525793 8.020320 -0.425400 -6.183283 3.049650 -5.422613 -3.356570 -3.912736
22.407717 2.336494 3.278809 2.574089 7.312494 -2.435980 -2.620036 -7.142955
14.416712 -8.998626 11.084520 -4.530114 9.489517 -1.378132 -2.504809 -7.173852
1.941134 -14.227479 6.974589 2.252841 7.238737 -2.361523 -2.628957 -7.121466
-1.273836 -6.230938 -6.808383 5.414030 7.172290 -2.401656 -2.607177 -7.119284
-4.306177 -3.315036 7.253974 -3.983073 8.924746 -2.512982 -3.823459 -6.849900
14.690973 -14.465026 2.847769 2.696326 7.245494 -2.375493 -2.628048 -7.121008
20.473555 4.692544 0.266677 5.432526 3.859838 -1.467642 -2.253830 -7.726774
-1.523052 8.345161 8.683948 3.221928 8.126858 -0.300867 -3.800457 -6.231745
-6.581786 -2.103045 2.403011 0.382328 8.023147 -2.326344 -2.646330 -7.112541
-5.075639 5.203432 3.459473 2.605831 5.174090 -2.090093 -0.935431 -7.140439
