-8.154540 -4.768185 -7.357062 0.455398 3.883990 8.299003 -2.407735 5.678790
0.125750 -0.793141 -8.150528 -4.533933 3.615636 9.239411 -4.850103 5.582705
-10.181993 -10.809913 15.521717 -5.271100 1.728918 9.425592 -4.977136 6.689895
-18.977920 -4.710163 6.058905 -2.514991 -1.069120 11.451866 -5.615405 5.877921
-13.174244 2.983973 4.844476 -13.201249 -5.876123 9.417450 -5.069741 6.635234
3.028466 -0.612366 6.755076 -7.500476 1.743015 17.891790 -6.451486 13.798632
-8.580404 -9.757082 1.717677 -12.390767 -3.436612 14.711603 -9.167427 5.193092
7.569126 -7.194966 6.044471 -4.055476 2.269417 7.823807 -5.552833 7.666412
4.098017 6.058001 -1.763042 -5.700391 1.115945 11.100158 -5.032517 7.167557
-13.250301 -0.945513 12.621879 -14.979179 1.448132 9.588024 -5.624343 6.292293
-1.047876 4.549450 0.838557 5.978356 2.873031 9.217270 -4.951843 6.580765
8.440919 -0.449106 6.803878 -4.447532 0.954077 10.132825 -5.931385 6.367772
-1.920452 -12.766321 7.896580 2.751977 2.047119 10.636599 -4.668749 4.959618
-19.961849 -1.906257 7.117873 -6.240783 3.224748 10.257720 -5.583071 7.069370
8.790840 -1.628777 4.628614 -5.171753 2.462131 9.465630 -4.975043 6.680193
-4.205480 -0.975139 -6.102222 2.109058 1.631286 11.846735 -9.204811 4.537916
3.484252 -7.231943 0.704876 -12.352946 5.962144 9.083593 -0.955665 8.388184
4.807815 -8.359291 -2.733739 -5.357104 2.433659 9.497618 -4.937467 6.656363
6.051418 -5.236778 12.107091 -8.558538 2.010755 9.548997 -5.135948 6.670796
3.391041 8.438951 5.874193 -1.082221 2.429796 9.440562 -4.978951 6.692152
4.626290 -10.734716 0.372724 -6.963403 1.468565 10.858921 -4.308919 6.684217
-19.387518 1.559186 2.185958 -6.161266 1.564409 8.147514 -5.373596 6.772134
-6.703647 10.202215 0.246051 -8.995584 7.417675 10.540437 -5.226278 6.670404
-17.223900 -7.534863 0.356494 -6.281604 -0.853502 6.581875 -2.598921 6.164559
-19.434880 -5.791134 7.534542 -5.174901 1.622189 9.400921 -5.001378 6.672164
-0.145166 3.341200 -2.733062 -6.275127 3.586486 7.463231 -2.071884 -2.128785
-14.935891 -4.730185 13.335013 -4.981431 7.585535 13.258070 -5.405115 9.113728
-15.093724 -6.913842 -4.862960 -5.230240 3.676263 9.492995 -4.959719 6.699529
-20.179127 -2.709761 5.193228 -5.751799 2.866309 9.215831 -4.951014 6.575258
-17.807216 4.157293 2.970227 -0.759000 3.403153 9.491368 -5.065964 7.176205
-19.013573 1.535823 5.095671 -9.748738 3.128424 8.530660 -4.171341 6.899888
