20.949170 -1.359815 7.691538 6.378829 1.316382 6.605488 7.590439 4.914064
4.663033 -18.914378 4.446919 7.449468 1.040709 6.455234 7.389130 5.753531
-8.505939 -6.568773 4.656769 7.680523 -0.441790 8.323691 7.258044 5.384708
20.392244 -5.820544 6.407907 2.909465 0.079508 7.257189 6.280317 4.851836
-4.253834 -14.017709 11.404012 8.949423 1.689263 7.081489 7.430421 5.154767
16.474393 1.058185 3.134547 5.333487 -6.204961 3.008953 6.646169 7.541826
-6.361599 -12.727295 8.199446 7.460461 2.200785 6.446181 7.264106 5.763880
17.977656 1.662973 1.590810 11.486443 1.638970 4.662649 6.103153 7.664456
-7.079347 3.807542 6.584969 6.749542 2.087857 6.565162 7.277831 5.807667
2.754878 3.124954 12.309719 18.776867 2.414018 6.461275 7.268040 5.759661
9.634729 4.912824 -2.316094 -0.546003 1.808666 6.042110 7.679203 5.528898
6.443108 -18.290785 2.831571 9.591596 1.653719 4.675543 7.306613 5.755095
-7.375273 -8.166049 9.119969 11.939368 0.200193 6.909673 6.941526 4.532777
17.924516 -1.555109 15.266943 7.961875 2.653917 3.014450 7.186211 5.837211
17.463003 1.964848 14.649333 5.258785 0.964112 6.789309 8.110172 6.598738
20.986281 -1.293443 7.330873 6.253143 1.761876 6.472715 7.339038 5.756629
15.415368 -0.311497 -2.854230 3.656573 -2.951914 6.552225 6.669400 4.506269
-8.266583 -7.387259 8.242243 3.183132 2.609298 6.446340 6.869192 5.993231
20.404095 -4.800662 3.727895 4.031904 0.214270 6.715036 8.963452 6.469817
16.618235 3.192034 -1.400730 6.862651 1.909521 6.532515 7.260407 5.667651
20.390820 -0.696898 3.041937 6.914534 1.878171 6.413981 7.300620 5.789572
-8.822927 -7.405993 7.182895 7.014984 1.858213 6.562342 7.273057 5.757243
-4.269436 -9.526336 10.134778 3.743788 8.206798 12.138339 6.670977 4.264096
20.455495 -8.467935 6.153835 8.321109 1.074417 6.550861 7.328588 5.768051
21.009787 -2.651971 8.179569 5.341770 2.532399 6.959678 7.345643 6.499775
-7.084188 -0.900231 12.463355 5.701604 5.966386 5.208805 7.376922 5.599208
12.503011 -17.612071 5.583734 8.361683 1.815789 6.421294 7.252428 5.754521
-9.105583 -2.644132 5.552360 6.842899 1.856071 6.441897 7.277399 5.755553
-4.360973 -9.380652 2.409279 -0.886573 2.690061 3.345834 8.403724 4.000476
-9.097789 -2.118016 7.277084 6.585320 1.938393 6.406016 7.317098 5.727046
-8.332440 -0.750295 10.718849 7.880471 1.960521 6.291642 7.281780 5.771739
20.574654 -1.397725 9.743031 4.740220 2.444910 6.752643 7.269896 5.783701
