-10.479728 -6.151512 9.373408 -0.750408 1.743627 1.108703 6.514969 5.503306
0.487185 5.580255 -2.764022 -0.632215 1.150112 1.357631 6.505210 5.517412
-18.364803 -10.026886 -12.163969 -0.415062 1.550978 1.183969 6.870044 5.386388
-19.878523 -4.708866 -4.756743 -1.068158 1.279944 1.225021 6.526531 5.499227
10.300361 -8.296239 -4.484756 -1.060190 1.203759 1.074851 6.602662 5.426898
5.926985 -17.697071 -4.454597 1.967119 -3.243750 -0.256894 6.422584 5.106390
-3.957262 -9.409848 -19.923098 -1.704016 0.428647 1.668191 7.821963 6.040787
-11.419919 -1.146317 2.017231 -7.416510 8.552255 0.617419 6.671480 5.387643
3.988758 3.571401 -7.184199 -0.642094 1.366299 1.165076 6.531265 5.518992
-19.535997 -13.072498 -4.333820 1.056560 1.771383 1.147919 6.582404 5.574283
5.860176 -9.741817 -1.482653 1.859845 10.220156 -2.352403 6.064957 3.713355
-18.401868 -15.993892 -6.085937 -0.904716 1.388073 1.216808 6.522923 5.495086
-20.360819 -9.122623 -5.129554 -0.845266 1.240632 1.234592 6.526664 5.499422
-1.040102 5.623444 -2.024641 -2.240656 3.526406 0.315598 7.129470 7.074352
-19.432138 -4.291306 -2.103358 -1.294410 0.492604 0.893079 5.713510 4.408499
-17.317664 0.604551 -4.612375 -0.987032 1.294717 1.228906 6.518076 5.499071
9.974580 -7.615841 -7.706904 -1.341238 1.466892 1.573404 6.180708 5.280609
-20.353972 -9.338185 -5.060993 -1.249726 1.324622 1.263223 6.528394 5.496979
-20.343313 -8.450229 -5.344043 -0.711907 2.003255 1.173501 6.530847 5.501081
10.288408 -9.066229 -4.238729 -0.818126 1.280469 1.195339 6.515186 5.439961
-20.285614 -10.126297 -4.753860 -0.830940 1.102050 1.075858 6.674974 4.972257
3.963012 -15.788565 -5.393950 -7.690886 8.677232 -0.668849 6.472431 5.806335
8.472222 -2.332817 -2.377007 1.679010 2.059365 1.216692 6.553177 5.558618
10.306677 -8.559542 -4.764978 -1.081906 1.287127 1.224782 6.526159 5.499430
-17.736004 -0.956878 -5.615828 -4.341859 -0.449556 2.151091 7.218277 5.758431
1.898289 -9.563976 -12.980014 -8.905666 -6.070225 1.021096 5.460836 6.914249
-19.038012 -14.853728 -4.774654 -1.087531 1.343387 1.248855 6.532379 5.498649
-8.390497 -11.979958 -15.033283 4.464994 -5.711279 3.630386 11.082745 6.320136
-20.277469 -7.164187 -4.191508 -1.349580 1.025668 0.593833 6.781221 5.804372
-8.172981 -19.992339 -11.803761 -3.871576 6.285710 -1.060204 4.094840 6.801931
-2.889733 -21.113903 -4.741739 6.090678 4.790112 -1.120964 8.625132 6.047488
