4.500945 1.272607 -10.591167 2.553105 -4.165909 1.371278 0.554117 -2.707128
-11.099437 2.508903 2.945403 10.997379 4.628057 -0.733738 0.323303 -3.503130
12.033838 -7.717076 -0.876436 3.219429 3.474402 0.493074 0.619326 -2.095886
-18.219355 -5.786729 -1.585434 1.958769 2.188944 0.498029 0.401418 -3.190137
-18.262158 -6.639031 -1.765607 3.106903 2.178014 0.468478 0.406176 -3.178077
1.822376 -20.527611 -3.536051 2.743060 2.052107 0.486323 0.419584 -3.092945
11.474015 -5.804510 -5.932582 2.231993 2.194782 -1.481064 0.386997 -3.002830
11.599957 -10.404844 -1.087679 2.396565 2.387595 0.520620 0.400452 -3.130555
-16.763871 0.290388 -3.035783 3.010470 2.165344 0.576051 0.291957 -3.046150
12.189094 -6.508240 -1.911325 2.372378 1.920644 0.249151 0.030005 -3.662465
11.834872 -4.508197 0.674561 1.339655 2.316031 0.471160 0.263809 -3.294186
-4.729307 -8.215611 10.133830 10.178861 7.589446 -1.259172 -0.756989 -2.128997
-11.951332 -5.808068 -13.774758 5.745194 3.098628 0.624924 0.596542 -3.632047
-9.160723 -13.840167 -6.297110 11.767486 7.494371 -2.449717 -1.526193 -2.606014
-7.327085 -8.036200 -8.815265 -7.671300 7.785913 3.976326 0.792016 -2.052537
11.987051 -8.791369 -2.459093 3.220347 2.231866 0.505848 0.382220 -3.185739
-17.279736 -7.979163 -1.853367 7.553904 3.659681 2.487657 0.183540 -2.708970
5.856220 -15.417565 -5.251616 8.061596 -3.228432 0.345066 1.745829 -3.537421
11.926219 -4.217038 -0.429870 3.101991 1.407224 -0.269614 0.307358 -1.685100
-16.062711 -13.550674 -3.229346 0.670994 2.122511 0.478011 0.487847 -3.134092
-6.770895 -14.475339 0.434571 -0.816677 -6.751574 -1.725215 -4.744032 1.008872
8.264022 3.738408 -1.838896 4.859458 0.971061 0.101457 0.033554 -4.513099
11.533110 -6.519537 -5.990647 2.020098 1.828320 0.199209 -0.448650 -3.852754
-11.755083 -7.004074 10.492255 2.355771 0.173937 1.482693 0.549074 -3.307531
4.959020 -13.201349 -12.674338 3.023583 2.307626 0.217302 0.483908 -2.826762
11.196285 -11.511448 -2.867471 2.637124 1.637020 0.974723 0.281568 -3.225675
-14.364885 1.930093 0.910112 5.426502 0.246140 4.703611 -1.623120 -3.186151
-18.181272 -4.861195 -1.374642 3.983004 2.326637 0.539523 0.465672 -3.212807
12.091875 -7.810533 -2.911472 3.158616 1.861857 0.463344 0.509070 -3.090232
12.023108 -4.758489 -0.180038 2.696188 3.094477 -0.103772 -0.090971 -2.746978
12.181285 -5.159178 -1.213519 2.887449 2.287438 0.289701 0.415644 -3.215254
