-9.295606 -10.278693 14.649133 2.295485 -1.577842 -5.696855 0.413102 3.098149
3.223103 -2.554447 14.113626 2.338226 1.432594 -14.916996 3.882058 3.061310
7.403242 -1.227014 15.758889 4.323681 -0.243736 -3.022676 0.505813 2.613238
-10.242970 6.945810 8.794776 1.572702 -1.141521 -5.587243 0.331342 3.021579
4.710277 -9.526284 14.291695 9.393930 1.514537 -5.214987 0.352818 2.986847
1.067996 -0.389029 -10.036289 1.259435 -2.461161 -4.257445 2.182894 4.232794
1.757366 -18.341954 3.425642 3.194743 1.083164 -6.111016 -0.470722 2.508119
10.734973 -1.075927 2.939735 5.609217 6.684549 -1.913297 0.158261 2.503966
2.533077 -4.565074 -0.632310 -9.484438 5.164067 -3.828669 -2.982939 2.312121
10.832230 -3.803917 -5.070471 1.815067 -1.886936 -6.092211 0.614080 3.667049
-15.532231 -2.830725 6.848986 3.233087 -1.616144 -6.907456 0.406297 3.693192
10.795469 5.102929 6.634161 2.211237 -0.339217 -5.178869 0.524957 2.622021
10.974185 0.612416 10.460875 0.553691 -3.407222 -7.848246 -1.488629 4.533387
13.907631 -4.722510 3.351103 1.138434 -0.019896 -5.805675 0.459170 3.004101
-14.451034 0.417831 8.402723 0.782287 -2.035156 -4.197463 0.576885 2.903235
7.189043 -15.861650 2.529799 5.524047 -1.211671 -5.655477 0.350941 2.988405
-8.156965 -15.552405 5.212993 8.136352 -0.664317 -5.376317 0.293106 3.160091
-2.352893 -18.109934 7.323762 -0.270196 -0.822541 -5.607418 0.508638 2.921868
11.519176 -8.191441 8.297942 7.899174 -1.105276 -5.093740 0.825032 3.350661
-11.046194 -8.341886 -4.480586 6.661182 -4.069298 -5.806760 0.793494 2.937432
13.712615 -1.021441 2.813287 2.398872 -0.729607 -5.580822 0.375312 2.984277
-7.601477 -5.718691 17.343203 2.136147 -0.690584 -5.557352 0.355669 2.962170
-10.972569 -4.593936 13.411624 8.384200 -0.740655 -5.581851 0.367871 2.984843
10.378458 4.273393 2.635641 2.029214 -4.407122 -9.398088 1.135051 2.625509
11.838373 1.761786 -0.956725 0.231007 -1.109563 -5.655862 0.487433 3.368027
-11.736667 -13.262250 7.823992 0.193786 -0.850351 -5.562905 0.373632 2.987274
13.949054 -3.946770 3.664933 2.038233 -0.747127 -4.666595 -0.163279 2.101234
-6.028516 -8.425649 -7.896419 2.781574 -0.894801 0.293735 0.563821 3.609802
-15.799127 -5.599368 4.725619 1.420212 -0.546306 -5.501470 0.187597 3.204684
8.386890 -12.919252 7.527066 0.185371 -0.035552 -11.596681 0.879784 2.857542
0.189278 -18.613763 4.922262 1.621325 -0.076571 -4.222410 0.616732 3.076914
3.282067 -18.163482 3.787167 2.463548 -0.614265 -5.566440 0.389007 2.941305
