4.782836 2.484908 -6.330091 -0.793048 -8.218755 -7.449240 1.628706 -1.893207
-12.909785 9.733071 -4.228821 4.243629 -5.265894 -6.700996 1.688505 -1.973707
-17.766859 -11.854571 -6.013929 1.905920 -4.933095 -6.960328 1.769972 -2.335572
-11.844663 -15.316407 -0.495302 5.663965 -2.745303 -6.871162 0.650516 -3.279362
-20.336512 1.430910 -5.602536 4.979303 -4.901523 -7.025869 1.697342 -2.278451
-1.424688 7.776301 -7.233542 11.406612 -7.400889 -4.171637 2.304251 -2.737652
-12.822399 3.358091 3.793246 6.203586 -5.903260 -3.564239 1.288310 2.812023
-6.814442 1.863792 -13.463034 -2.384116 3.042779 -5.834705 2.088840 -3.549461
6.872352 -7.981596 -5.233148 5.204515 -4.913660 -7.238968 1.491249 -2.151352
7.705492 -3.311504 -5.225595 4.961471 -5.042843 -7.294471 1.660171 -2.267441
-6.746288 -15.596416 1.295368 5.867657 -2.757869 -6.784035 1.259037 -2.173497
1.051002 -4.071163 -14.207540 8.590785 -8.190669 -1.188337 -2.048821 -2.666750
6.037492 0.257912 -11.269749 4.904124 -4.080960 -6.417529 1.621355 -1.960179
-13.052506 -14.905992 -0.919206 2.143537 -4.926362 -7.000250 1.635420 -2.222667
7.242913 -2.415532 -3.415083 7.044792 -6.676813 -7.548589 1.817399 -1.863590
-15.179210 4.221749 -4.876331 2.456153 3.311668 -5.167980 -0.150995 -2.342969
1.133492 -9.363926 -6.937382 6.570426 5.100596 -5.843600 1.092671 -3.130047
-16.418127 -7.195155 -14.788009 5.908414 -5.755583 -4.166494 2.857188 -1.960417
-0.678439 -6.856114 -18.036103 4.475470 -5.344242 -7.249093 0.937235 -3.179355
-16.930067 -12.381066 -1.451368 4.451603 -5.177592 -7.090252 2.005347 -2.772841
3.319192 -3.985496 0.846945 11.635071 -9.286559 -7.926894 2.001542 -2.140099
-7.990166 7.874975 -2.940304 2.903127 -3.997588 -3.231906 -3.380708 3.508704
-18.951871 3.044688 -8.492815 4.235189 -7.395599 -8.129492 2.744217 -1.332254
-2.077754 9.756264 -4.707113 7.202747 -8.152156 -5.618649 2.160983 -1.402467
-20.088977 -3.193597 -0.296907 5.073927 -5.135381 -7.051760 1.538127 -1.943483
-19.058104 0.750373 -9.508357 1.309366 -8.163436 -6.572899 1.487153 -2.367599
-5.393228 5.435719 -7.357500 -5.431733 -9.328884 -8.197445 1.865630 -1.082888
6.985140 -5.493476 -3.016913 2.377572 -3.402085 -6.953203 1.650176 -2.208286
-19.762219 -7.779764 -9.129201 4.427540 -5.038507 -6.528214 2.993776 -2.579470
2.265716 5.194634 -0.411067 10.198055 -6.573665 -7.041140 1.618777 -2.198336
7.694837 -2.490376 -5.872176 4.888019 -4.860337 -6.974869 1.667737 -2.226249
