-3.604549 16.325057 -2.857425 -0.436905 3.263894 -1.211032 -0.017909 -8.336366
11.485281 0.497564 -3.077013 9.216889 2.480517 -1.178924 0.488640 -10.309090
18.552101 13.939440 -2.884512 -5.559803 3.873159 -10.789897 -0.579825 -7.822560
20.965244 9.611626 0.787247 -2.349592 -1.635076 -2.809512 0.943212 -8.630413
11.983839 23.127479 -4.879223 -5.440894 7.842242 -0.933167 -0.366755 -7.779800
-4.016160 16.438850 -6.098265 -2.117254 4.762196 -1.172997 0.005046 -8.324140
4.689183 22.284470 -1.602748 1.901138 4.866967 -0.354549 0.261913 -7.369578
-5.378616 8.998422 -6.057516 1.233992 5.129730 -2.615193 -1.084996 -8.375614
11.851648 23.524457 -2.529090 -0.510159 4.599329 -1.144677 -0.046367 -8.290245
23.969699 8.538737 -5.279216 -2.625313 4.932451 -0.054828 -1.155999 -7.554627
-5.849659 8.227365 -5.672971 -2.137113 4.554743 -1.176009 0.003883 -8.321289
-4.782663 12.549579 -3.512265 -5.165410 7.037369 -0.743023 -0.117241 -7.804314
-5.231184 11.797392 -8.838725 -2.765581 3.240366 -1.368151 -0.338852 -8.248276
12.390353 -2.741331 -13.809561 -1.845170 2.754046 -2.484335 -0.142238 -8.645856
23.431115 5.737708 -7.441455 -2.912538 2.684651 -1.025573 0.604693 -8.628957
-5.815957 10.227340 -4.720728 -2.080154 4.704392 -1.179588 0.003561 -8.324471
22.947748 5.017490 -6.314434 -5.107803 6.982159 -1.063863 -0.831784 -8.167417
-5.878631 9.078863 -5.565377 -1.936053 4.610326 -1.350480 -0.074780 -8.384989
16.891566 -2.455488 -10.875344 -1.379345 5.344748 -0.687722 0.151974 -8.213294
-3.736878 9.183922 0.512097 -5.860728 7.199932 -0.628694 0.110143 -8.580997
17.941558 -0.591856 1.451664 -2.043897 4.737651 -1.133500 0.000860 -8.326133
-3.938524 3.714554 -0.800912 -2.514588 4.777507 -0.811038 -0.092285 -7.932044
10.027895 -2.700032 2.145268 -1.175391 6.331332 -2.537999 -3.311033 -6.268940
20.381548 9.571032 4.149368 -2.943346 4.884324 -1.670964 0.294707 -8.190113
8.710891 -5.776477 -5.453919 -2.333299 4.749142 -1.314041 -0.017888 -8.369436
9.881130 8.956999 -16.244011 -12.667396 4.795670 -1.920264 0.456241 -8.021196
12.108642 18.203944 -12.341254 4.607393 1.311070 2.841943 3.146586 -5.323242
7.597113 24.113745 -5.041190 -2.127583 4.529155 -1.254685 -0.072015 -8.357071
24.077416 10.185270 -5.560970 -2.107787 4.599485 -1.234557 -0.100025 -8.355470
16.064543 3.894597 -11.628455 8.248557 3.479485 1.002269 -0.042702 -8.357518
10.293167 23.898353 -3.789532 -0.416961 4.715202 -0.900026 0.416503 -9.351365
-1.405579 16.207145 -0.730960 -2.198723 -1.695973 -1.902431 0.853701 -8.296357
