19.865824 4.827788 -0.141251 10.996172 2.557347 -0.637072 0.438595 1.643033
-4.362348 -2.701955 -1.333178 9.970717 2.720081 -0.898391 -1.280270 2.272177
20.613395 0.056023 -1.624855 15.962096 1.757329 -0.888764 -1.117620 2.952539
9.244907 -4.577904 -11.432779 1.278624 3.727800 -0.812463 -0.779629 2.894952
21.884398 0.957518 -0.290813 8.417059 5.703675 -1.156703 -0.810351 2.702572
8.081311 -6.813505 -10.586763 4.127580 -1.404637 -4.538195 -3.953213 1.908690
0.001802 -10.591111 -5.841323 13.935854 3.032150 -0.256467 0.310438 2.896305
20.160878 -10.560416 -2.257080 12.859599 3.129057 -1.490403 -0.803373 2.723247
6.637051 -16.575606 -2.635390 9.252231 3.281220 -0.995027 -0.876993 2.856798
22.674680 -4.918879 -1.515785 9.410204 2.118388 -0.889997 -0.484195 3.389849
21.416316 -9.217368 0.728512 9.280756 2.421319 -0.979174 -0.805225 2.760111
14.894544 -12.671614 -8.108610 6.894301 1.733343 -2.040166 -1.425274 2.411409
22.442763 -6.666918 -0.888647 9.670513 3.250217 -0.995917 -0.870392 2.872773
8.047284 -14.961489 -6.025505 12.871206 0.381436 -1.464400 -1.713464 2.860746
4.525960 -10.704542 -4.722289 14.807671 5.577101 6.471915 -0.144450 4.742794
19.501341 0.897211 6.263504 13.292748 3.748702 -1.136147 -1.441906 2.543881
22.051210 -0.925703 3.148926 8.840118 2.823509 -0.268095 -1.136137 2.565646
21.937821 -6.348325 -4.235977 10.273530 4.106719 -0.012937 -0.964519 2.774494
4.086737 0.791694 9.183079 4.771604 3.867447 -3.810624 -4.832817 2.715817
-0.225853 -13.068518 -1.298242 10.676507 3.740588 -0.542526 -0.835640 2.821304
4.633407 -12.037183 -5.299607 13.771203 2.930845 4.736200 -4.911736 3.372163
7.004384 4.569353 8.716549 13.732557 -0.442053 -1.081165 -0.938632 2.841443
-4.424063 -3.030561 -0.269817 9.469106 3.223755 -1.049525 -0.880129 2.821580
9.469725 -16.949627 -0.262841 9.301551 3.695911 -1.062896 -0.526260 3.173009
-1.236283 -11.508692 1.664121 11.356336 3.614296 -0.622944 -0.262405 1.997930
-1.366942 -1.492520 0.978852 1.318714 2.416043 -1.588779 -0.978687 2.880227
-4.387959 -4.394499 -0.385093 9.625935 3.266351 -0.983149 -0.874885 2.870158
20.045737 -11.534984 -0.655895 10.252079 4.226456 -0.835188 -0.838728 2.663364
0.446084 -13.277937 -3.004560 7.347203 3.261859 -0.953781 -0.984848 2.824104
20.153257 0.989127 0.767976 2.806373 4.169515 -1.208474 -1.112792 2.964132
-0.396871 -12.064618 3.409087 8.469545 3.072141 -0.959621 -0.885963 2.871938
19.528484 -3.555044 5.357665 3.009537 3.064015 -0.023701 -0.272776 2.468064
