-18.506179 2.810606 -12.296241 -4.885558 -8.815658 -0.052596 3.185178 -1.754620
-1.376570 1.659359 -19.035984 -13.170551 -7.241836 6.875489 -0.165110 -1.485587
5.814059 3.047960 -14.550151 0.513347 -6.896236 0.388842 2.801211 -1.405823
-18.542803 3.124133 -4.503451 -9.451834 -6.862578 -0.557648 3.268472 -2.391327
-8.648724 8.154096 -22.373048 -4.828305 -7.514503 -1.662814 4.025805 -1.609248
10.094105 5.866861 -10.983193 -9.412085 -7.005681 -0.894292 3.248462 -1.707101
-1.282752 -8.719742 -7.933846 -6.870926 -8.972968 0.052028 3.296970 -1.593334
8.252210 -0.017470 -4.682886 -7.972121 -12.113218 0.287314 4.635507 -2.522211
4.301154 5.782548 0.390245 -15.646591 -6.516395 1.872141 3.490360 -1.424543
-4.603732 -5.523352 -14.260951 -1.735989 -4.643173 2.036106 4.793223 -2.264143
-2.664123 -9.008200 -8.623717 -7.946813 -8.725342 0.033297 3.228720 -1.571644
10.347043 3.814401 -8.789881 -8.529577 -8.745618 0.309551 2.832716 -1.728399
-8.473728 18.427857 -11.486735 -13.556860 -11.301502 -3.204296 3.550489 -1.656711
-13.105620 -6.417556 -7.606667 -8.414770 -9.286905 -0.165317 3.672373 -1.705615
-19.643394 6.013886 -8.197456 -7.916980 -8.925587 0.059826 3.291496 -1.580830
10.520349 5.545543 -8.547793 -7.908357 -8.944007 0.048653 3.293930 -1.593063
-8.696644 18.905497 -2.133908 -6.704341 -9.283738 0.041497 3.604576 -1.571800
-6.906181 -4.603494 -17.240846 -13.831085 -8.997100 0.003266 3.286614 -1.594316
-1.205635 7.628633 -5.246515 -10.437376 -0.150212 -10.487034 1.850409 0.806016
10.270047 6.963296 -11.084260 -7.475650 -8.795339 -0.057455 3.250034 -1.612760
10.286873 4.005271 -8.071911 -7.394328 -8.131613 1.474005 2.906250 -1.778025
-15.215318 14.587711 -3.455963 -11.194461 -7.810700 -1.108282 3.001202 -1.968040
-19.551219 7.615446 -8.362848 -7.713685 -8.730667 0.205538 3.353685 -1.516108
-18.075880 12.501395 -8.867631 -6.863198 -8.441176 0.477868 3.864849 -2.013019
-4.354367 20.153684 -5.526165 -5.022418 -6.430851 1.443424 3.792699 -1.342728
-8.021663 -4.324320 -6.155617 -18.066883 -9.545265 0.716367 3.011572 -1.969357
7.923649 8.578483 -7.807516 -9.553548 -4.576478 3.972458 2.655128 -6.771477
10.366938 6.888306 -9.340038 -8.919816 -10.267625 0.759316 3.351811 -1.644618
2.824091 -7.076857 -8.063330 -6.240821 -8.548216 0.168599 3.289942 -1.661249
0.999737 9.536804 -4.153721 -1.503007 -18.733135 -2.233914 6.491846 1.892564
10.205849 3.237006 -7.895747 -6.687874 -9.354599 0.180894 3.315064 -1.370696
