-16.009433 1.611678 -3.060782 2.171321 -7.466848 -3.053446 -3.943401 3.672608
-10.584381 -0.955281 8.275864 5.762632 -6.913762 -2.156267 -3.756219 3.537537
-4.304333 5.357691 4.070643 2.531340 1.426262 -3.705870 -4.162569 11.080662
6.508970 8.718379 -7.891128 0.463259 -11.414944 -3.023664 -1.264427 0.149737
10.306340 6.743831 -9.321788 3.020469 -6.241602 -3.166151 -4.005504 3.395142
9.373172 -9.304755 -9.277923 3.733385 -10.819377 -2.543788 -0.470615 1.684627
13.616993 -5.177730 -0.368403 2.129798 -5.812330 -2.965074 -4.006945 3.344981
9.303379 -13.145468 -3.355340 2.690086 -6.316219 -3.171990 -3.979328 3.373740
-10.803234 9.473093 -3.454087 -0.462644 -4.636367 -2.132713 -4.536980 3.597840
-15.100059 3.821820 -2.324444 1.940977 -7.333529 -0.952517 -4.683558 3.117671
-3.272101 -16.751811 -3.938819 5.295559 -7.244984 -3.611175 -3.879850 2.917223
10.134454 -10.684448 -6.659671 7.465026 -5.909396 -3.274854 -4.093762 3.194490
-10.364883 6.196598 4.324430 -2.020193 -8.024800 -4.134454 -4.016766 3.308096
-7.364201 -15.275356 -2.375183 -0.710722 -6.126934 -2.428255 -3.994239 3.475865
13.759270 -5.697205 -2.100400 3.385925 -6.370782 -3.411715 -4.029265 3.257805
10.105757 8.822800 -3.410421 2.943885 -6.139063 -2.768434 -3.914923 3.448138
-10.421986 8.648011 1.644334 6.830264 -6.400222 -3.200321 -4.008798 3.396469
-11.678097 5.064379 5.359735 3.792571 -6.696320 -2.703159 -3.922932 3.309303
-11.229227 3.525455 -5.164296 -0.504769 -8.755151 -9.881667 1.213086 7.015464
5.379112 -6.197901 -10.131849 11.372773 -9.856422 3.244611 -3.055132 1.529962
-3.670347 12.373335 0.015319 5.666803 -5.104181 -0.490177 -3.160311 4.551540
-11.329777 7.630535 -1.221511 8.365515 -3.475742 -3.171523 -4.013185 3.395727
-16.426034 -1.129739 -3.447174 2.645776 -6.331442 -2.758353 -3.930365 3.427306
-15.850521 -5.996903 -3.259883 2.695554 -6.596204 -3.157734 -3.990572 3.407276
12.147708 -9.354781 -2.087456 4.358044 -7.327226 -3.436120 -4.076280 3.751589
-9.295043 5.584097 -14.061521 3.727622 -6.466335 -3.406640 -3.987335 3.317990
-8.330902 -15.273706 -4.576255 2.888708 -6.409856 -3.169447 -3.983172 3.385009
11.425996 -5.324079 4.751481 4.160134 -5.631236 -2.734256 -4.156840 3.485997
14.293761 -1.899851 -3.174388 3.722751 -6.158978 -3.766999 -3.734347 3.119908
10.058739 -11.206466 -4.733590 6.809797 -3.841850 -2.866114 -3.408364 3.196033
-8.614056 11.565763 -4.208836 4.044614 -6.497305 -3.267165 -3.900765 3.263352
2.361247 13.220456 -4.052039 3.275411 -6.541400 -3.380169 -3.980870 3.554268
