-14.895298 -15.098594 7.931637 1.433320 -2.141494 -8.338473 -10.375310 5.239092
-17.599889 -9.737216 9.352513 1.432552 -4.879507 -8.484771 -9.772566 5.914214
3.670935 -20.150239 7.528313 -5.936657 -4.644069 -11.392377 -9.232387 5.873410
-10.363961 2.539085 11.489036 -5.984231 -10.631320 -3.820308 -13.011697 4.303709
5.443504 -19.413803 10.753835 -2.874022 -5.058259 -10.080245 -9.731629 6.171404
-8.566186 -6.159448 13.005504 6.298076 1.304941 -1.923065 -9.784546 5.918916
8.191255 0.352023 16.106921 -4.137596 -5.554356 -8.449923 -9.721337 6.146241
11.519901 -9.260836 11.900012 -1.155157 -6.002486 -9.339181 -9.980756 5.293528
-7.567828 -21.516371 7.851870 -1.882194 -4.923975 -10.193713 -9.719310 6.191037
-8.429167 -7.999555 -5.418265 -2.559271 -2.161749 -9.493211 -8.975694 6.526083
-7.602653 -18.432708 4.792960 -3.789239 -8.043602 -3.127633 -7.152018 4.153376
-2.574429 -7.305089 0.986513 -15.985186 -1.934395 -9.654085 -10.137993 5.991163
-8.748053 7.623861 8.034812 -2.691703 -5.055585 -9.996510 -9.724236 6.159481
-6.567249 -14.076115 16.497447 -12.914841 -2.105767 -8.338205 -9.405743 8.384533
-5.542020 7.816195 7.511189 -2.863692 -5.016462 -12.644174 -12.403517 4.047548
-1.460592 -11.897335 -5.659426 -1.883065 -4.565800 -10.451116 -9.601528 6.154819
-13.501982 4.508314 8.930205 -5.254232 -4.634341 -10.363041 -9.739986 6.142343
-2.123924 -1.706904 4.941774 9.860393 -8.912246 -6.007260 -9.548756 5.934690
6.951942 -15.762920 1.803744 -1.473627 -6.364630 -9.025976 -8.894266 5.435974
-0.616032 8.325209 7.567215 -1.824727 -4.129351 -10.649298 -9.568874 6.276507
-3.221032 -3.241935 23.787761 -2.889067 -4.976419 -9.991639 -9.712072 6.159509
11.652277 -6.171144 8.945559 -6.598896 -7.021030 -10.751811 -9.744180 6.167759
-18.645714 -6.616031 8.551432 -3.190693 -4.892593 -9.981603 -9.689573 6.151847
-12.041538 0.748681 13.826522 5.477175 -7.280279 -10.474229 -9.992695 6.724375
-15.864009 1.625322 7.569883 -3.693852 -3.026908 -8.552101 -9.451247 6.087837
-18.648276 -6.910924 8.737427 -3.040065 -4.948026 -9.968946 -9.711206 6.165334
1.380979 6.648140 3.264302 -0.852882 -6.584697 -10.292996 -9.723102 6.401149
10.320326 -10.703735 4.544493 -0.926470 -9.098157 -11.020064 -10.058812 6.410761
12.213408 -7.761867 8.796453 -3.038080 -4.884504 -9.986698 -9.725373 6.181998
11.829033 -7.027359 11.978539 -4.504262 -4.948235 -9.975068 -9.721353 6.150848
-6.432415 -21.411621 6.816042 -0.590629 -2.972111 -10.112919 -9.742207 6.580475
