16.795851 -4.498899 3.699119 5.490387 -8.356001 -6.992197 8.550779 8.274234
-3.356108 10.581537 -1.253054 -7.148701 -2.434804 -7.295653 8.366176 8.229461
4.886199 1.454061 17.518097 3.046884 -8.236227 -6.830045 8.698595 8.603661
19.259143 1.348127 2.685037 0.955251 -8.404194 -7.590940 8.276622 7.918887
-1.141663 14.594449 -1.694808 6.000034 -4.775399 -8.332248 12.307856 5.912895
12.291354 -8.749553 -2.739637 4.202701 -8.788989 -7.462856 8.123003 8.552611
-11.442870 2.878832 2.361033 1.406625 -8.496118 -7.198203 8.380961 8.099450
1.629898 -6.853492 -9.431739 1.664881 -8.469425 -7.139030 8.351953 8.105636
7.391204 15.874921 -4.714509 2.992273 -9.080410 -5.993775 7.316278 8.115613
5.776866 -1.142928 -7.284783 -8.915501 -12.803832 -7.414074 8.025177 8.590459
2.721915 7.188839 15.252868 1.551599 -1.973274 -8.190281 10.423494 7.069951
-8.313420 12.118604 2.641213 1.421298 -8.466813 -7.197669 8.343073 8.108589
17.696463 -4.116961 2.271689 1.534201 -8.573291 -7.201170 8.386307 8.110036
0.395178 2.331722 2.603250 16.308430 -6.880753 -7.241479 8.375102 7.902819
0.976170 1.450734 -3.133880 0.341622 -15.011517 -17.273938 1.606826 10.529381
-10.621326 7.777284 2.277264 1.224647 -8.481024 -7.285681 8.348876 8.139423
-11.194404 1.075315 0.891762 0.172894 -8.539519 -7.942171 9.010338 8.044654
11.796182 4.167323 7.899821 -9.067046 -5.822851 -2.962606 6.691093 10.155221
8.070261 -10.001054 -4.952712 2.810189 -9.000458 -7.500516 8.890157 7.485080
6.648034 4.548118 3.902180 9.943927 3.094248 -3.173446 8.314145 8.961699
5.906237 14.255101 2.969288 -8.667916 -8.575823 -7.370885 8.370565 8.143281
16.322344 1.003912 11.287503 1.439996 -8.989653 -7.188004 8.386454 8.117941
-9.148714 -3.009466 7.379429 3.188782 -8.927814 -8.097410 8.166120 6.826982
16.925373 -4.506586 5.637444 3.031559 -7.614141 -7.585362 9.082701 7.991383
3.120203 -10.906911 8.082615 2.846005 -6.556157 -9.840178 7.694829 6.943907
14.297504 14.201070 2.001653 1.884721 -8.805643 -6.973817 8.553916 7.965003
18.369709 -1.970953 1.405126 -0.815247 -8.788997 -7.531015 8.404464 8.520478
-2.681625 16.690223 2.190172 1.152975 -7.790768 -7.225314 8.283726 8.172434
3.314155 -11.836814 6.592809 2.578239 -9.995279 -7.199085 8.366167 8.119184
-2.777808 16.537165 3.776849 2.038725 -8.052508 -7.585207 9.218088 7.993703
5.008748 12.799922 13.825436 0.904620 -6.682316 -7.515956 8.083036 8.086758
18.932474 -0.547177 2.152782 2.281097 -8.439231 -6.677017 7.873339 8.167511
