6.492976 22.615792 5.482883 9.884879 1.212344 -1.953894 -9.731371 8.170314
14.545383 13.575988 3.257918 9.296152 1.269195 -1.669889 -9.894372 8.321472
-12.909047 12.471118 5.628995 10.514107 2.546507 -1.689190 -9.843347 8.350191
15.107803 11.189783 4.697938 9.121733 1.750463 -0.777727 -9.860941 8.338714
5.455417 22.524321 5.939497 6.288743 2.955540 -0.935912 -9.772370 8.460056
12.020643 18.514312 4.823469 9.307180 1.314642 -1.680410 -9.862434 8.327375
14.267904 8.761009 10.084014 9.090297 1.285799 -1.402655 -9.896434 8.264395
-7.444981 20.280077 7.941237 11.995872 2.049804 -1.307533 -9.744537 8.568242
-6.458627 21.559949 5.568247 9.899544 2.865269 -1.451875 -9.857449 8.320318
14.940531 8.947473 2.170425 9.160561 0.811744 -0.994951 -9.875356 7.834138
-1.942375 -4.286204 2.771682 8.203566 1.138568 -0.997885 -8.998085 7.870427
8.288701 -2.811838 4.496499 9.412978 1.258900 -1.727216 -9.858134 8.314959
-4.102433 16.048570 16.575194 9.289099 1.286779 -1.689908 -9.868300 8.334854
7.216176 -1.165192 0.232062 9.487749 -1.275536 -5.834888 -10.073127 5.761420
-9.133828 19.559498 4.063143 9.664245 1.111650 -1.840060 -9.923017 8.374475
13.710085 15.691518 3.849687 8.492858 0.275203 -1.542518 -9.911888 8.207489
14.980946 8.423264 4.497199 7.935440 1.748060 -0.018365 -9.090955 9.301956
14.357201 14.432403 4.988937 9.048463 1.374161 -1.686561 -9.865620 8.329679
1.219018 -2.953354 0.689390 5.672032 5.498336 -2.517901 -10.736867 8.049507
-11.631303 16.108035 4.187794 8.517287 0.616817 -1.141443 -9.664728 8.739587
15.239787 8.856147 5.018572 9.347934 1.262930 -1.785600 -9.857146 8.368653
-12.611672 4.970016 5.655657 9.071063 1.358432 -1.716945 -9.888149 8.281113
-8.657116 4.390089 14.208690 8.863018 0.992911 -2.108145 -9.626577 8.322890
11.742399 5.488284 -3.067626 12.053727 2.262755 -1.649536 -9.862909 8.348376
-3.936575 8.928094 13.930620 5.756620 -1.885258 -2.182036 -3.737878 14.567272
1.421504 7.056286 -9.030270 7.463566 1.106555 -2.273944 -9.867135 8.326332
-7.987543 5.347818 0.419229 17.797646 -1.817609 0.364837 -9.072498 9.409242
11.908220 5.410027 7.540537 3.986185 6.604264 -1.959764 -11.673983 9.457422
4.706344 19.233608 -4.707168 9.584832 1.501643 -1.175081 -11.010320 8.986752
7.380701 -2.278539 7.083504 9.495375 5.326614 -1.841869 -7.840414 8.946127
-7.645840 15.381327 3.451095 1.966511 7.567502 -1.733417 -9.854224 8.298941
