16.091519 15.004323 11.268417 -7.251144 -4.810269 -7.298340 5.605447 -6.028486
-6.503777 3.173936 13.798798 -2.585508 -7.232469 -7.468246 5.502717 -4.583391
19.313643 10.780729 12.068308 -7.503045 -7.064748 -7.846649 5.446008 -4.153071
-8.043534 4.916750 10.096120 -7.359933 -7.208124 -10.021007 5.402007 -4.130339
8.942945 -8.285732 6.948318 -12.405247 -6.802773 -6.727421 5.741100 -4.583430
20.349971 5.542972 7.433977 -10.259630 -6.576969 -7.638907 5.589544 -5.429976
11.478993 -1.913643 -1.216685 -5.679612 -6.452982 -4.657342 3.717551 -5.601202
-2.786553 16.208424 9.810248 -7.240447 -7.627278 -7.777321 5.397204 -4.746847
-6.177086 2.437790 7.506749 -5.328172 -3.607452 -3.270572 7.431342 -4.807888
18.945026 3.346256 14.953317 -12.218324 -7.631677 -7.300219 5.529094 -4.610356
10.550384 3.565085 22.866521 -10.400885 -4.537102 -8.315101 5.521424 -3.955243
3.056123 19.002865 9.496955 -8.823705 -7.356137 -7.972746 5.528482 -4.606411
-6.967305 7.442683 14.875761 -8.607361 -7.784140 -7.050875 5.510758 -4.724055
15.416148 8.278763 -0.518879 -4.449020 -8.392495 -8.342930 5.043702 -4.950923
11.442841 -6.940501 12.917573 -12.186859 -11.060510 -7.108962 5.462935 -3.703091
13.581993 -7.628935 10.570092 -7.472290 -7.477543 -7.861836 5.573331 -4.593054
19.669342 3.179283 12.082394 -10.989688 -6.298349 -4.526503 5.938675 -4.075081
-8.215468 4.127073 9.649253 -7.677586 -7.352959 -7.949022 5.643928 -4.689111
20.745152 3.582727 9.698233 -7.817834 -7.441083 -7.801763 5.537967 -4.589845
-7.968155 2.985775 9.149512 -8.005546 -8.986653 -8.595797 5.732981 -5.510411
13.635599 -7.097839 6.077768 -7.252033 -7.537921 -7.840075 5.332632 -4.226177
-7.935588 4.164888 9.131447 -9.420181 -6.011304 -6.132053 5.797800 -5.090183
6.885080 -7.222587 9.989087 -6.715311 -1.738170 -12.520027 7.446733 -2.594719
-6.836645 9.383194 13.898151 -7.153336 -7.550119 -7.796208 5.544471 -4.579352
13.707231 11.422928 19.303464 -12.094702 -6.776087 -8.125371 5.136654 -3.987809
0.483032 16.500637 14.845358 -9.220330 -9.738677 -5.862311 4.010711 -3.212957
20.580067 2.388352 9.940760 -8.110934 -7.500104 -7.767447 5.534477 -4.704499
1.457856 -3.954118 2.879660 -5.547325 -15.115497 -7.735250 5.294661 -4.598213
-2.862957 6.789340 19.335905 -12.748768 -6.933750 -6.591092 3.745003 -4.480123
4.338679 -8.090829 9.069008 -9.696092 -2.606198 -10.317756 7.122374 -6.099742
3.964895 11.028041 22.284516 -4.982978 -7.087913 -7.918722 5.521027 -4.602424
