2.830752 12.898940 0.282300 1.026615 -4.132659 1.222938 1.498538 5.289765
21.281212 5.502419 -3.302058 2.629809 -4.929624 -0.164617 1.014388 5.710795
-1.565050 -7.088284 3.525076 3.254961 -5.786485 -0.770956 1.656689 4.607800
23.025003 1.829594 1.619450 0.953913 -4.866162 -0.124690 0.920295 5.426872
22.191591 -4.162435 1.342843 0.579660 -4.309030 -0.004951 0.948694 5.692597
5.035045 12.869745 -3.432681 1.856121 -2.685565 -1.207247 1.246168 4.942633
-2.522115 1.335476 -2.619016 6.724726 -4.032974 -1.410207 2.463336 6.899614
-2.263736 -5.109443 6.327977 1.691409 -4.204618 -0.049689 0.912404 5.670080
8.316638 13.415285 2.773494 4.808014 -5.666201 -3.266719 1.019166 6.777963
4.406016 13.249670 -2.072050 1.938822 -4.491770 0.081113 0.917913 5.545833
-2.088458 -7.260549 1.307380 1.049298 -4.264592 -0.084872 0.435745 5.223442
14.605648 -3.321250 -5.914770 9.369354 -8.402638 1.873643 1.502525 7.555741
15.373299 11.850056 -4.246878 1.519528 -4.263275 -0.090065 0.931928 5.652890
14.845026 7.213011 12.001880 1.666589 -5.905547 -0.280698 0.903798 5.654590
7.925858 14.198377 -1.730245 0.916309 -4.094204 -0.159730 0.910509 5.551999
3.557871 -10.635128 -3.278158 -2.208017 -4.749601 -0.032327 0.914484 5.651787
1.652943 -8.999896 3.220844 -2.772386 0.313079 1.090836 0.691772 5.472521
5.776214 -12.589571 0.712286 -0.497565 -3.941826 0.078970 0.925886 5.015087
17.660196 9.304611 7.175932 -0.095376 -7.552533 0.055325 0.713476 6.317674
-2.258638 1.196437 -4.938517 4.008592 -4.936328 -3.536290 0.785396 5.863563
-4.362150 -1.359036 2.972785 0.407399 -4.284479 -0.081670 0.930665 5.623408
4.226681 6.447768 -6.797185 -3.738475 -10.529891 -2.605066 1.436103 6.803853
22.928983 2.482295 1.146962 1.664796 -5.067198 0.346127 0.975238 5.651166
9.550269 11.582553 3.668869 -6.367196 -7.969981 -0.063535 0.322908 5.041213
3.494136 -1.889656 -1.813325 -8.271403 -11.776985 -0.829341 0.360397 6.012097
5.574475 11.355073 5.694049 2.598488 0.606675 3.025832 2.057867 8.652341
17.937482 -0.990214 8.380662 6.600327 -9.649798 -1.340699 0.697661 5.011731
14.301812 -6.380156 -8.561963 4.829144 -2.524923 1.166579 0.942140 5.658293
12.478387 5.025765 3.949990 4.159722 0.189545 -6.270251 -5.695247 -0.970141
2.426359 -10.986463 0.319004 -1.804788 -4.659963 -0.179442 0.906892 5.663540
-3.541510 6.129486 1.333165 0.901269 -4.240468 0.030282 0.941052 5.636148
0.866987 -10.293026 2.216820 0.833468 -4.272663 -0.036057 0.943859 5.685421
