10.922702 18.951833 -7.333467 5.907262 9.812924 6.583156 -2.015549 1.640160
-13.903981 7.702663 -8.376184 6.523506 4.160836 3.841419 -0.948741 0.686029
-12.420390 6.291600 -12.774523 2.330236 4.969145 3.869254 -1.102038 0.695763
2.492285 24.030572 -9.801043 6.605654 4.129241 3.806360 -0.957179 0.679256
-6.401867 16.286637 -6.340854 17.291749 4.211704 3.639714 -1.094663 0.851900
1.207349 -2.986084 -3.245294 -1.908762 4.115986 2.570222 -1.138120 0.993626
-12.421063 15.081267 -8.978275 7.887588 2.730881 3.672592 -0.942404 0.718778
14.006998 17.457375 -6.555557 7.485565 3.942660 3.881475 -1.029719 0.668302
-5.973238 20.879142 -9.972371 10.460484 1.076802 1.790504 -2.470420 -0.366681
-7.992579 5.434157 -13.849888 15.892981 0.713446 0.818197 -1.103210 0.857237
16.577002 10.355284 -10.909640 6.514023 4.209276 4.090207 -0.794508 0.744878
-2.002801 -6.154006 -6.619538 7.158158 4.796796 3.498072 -1.430775 0.846666
15.482431 7.251773 -14.598891 6.798452 4.126191 3.809420 -0.958780 0.676840
5.896320 7.686360 -21.840032 1.326317 4.360055 1.254797 -0.816384 1.375375
-13.605945 6.011755 -7.397837 6.980203 5.429588 3.594997 -0.873357 0.698691
16.876194 8.366607 -8.098060 6.630458 4.133259 3.806297 -0.956949 0.679314
14.009164 5.432862 -3.061848 0.222292 4.176718 3.057619 -1.289921 0.725225
0.020339 5.939665 -22.836283 7.965319 7.847384 4.978041 -1.315228 -0.210867
-5.943816 18.628006 -1.503595 6.603034 -0.699592 0.195968 -1.386548 -0.226777
4.806773 21.629403 -15.524199 6.095477 5.236972 2.564640 -0.133253 -1.481106
-8.501993 20.195205 -10.792704 7.214785 3.988295 3.632211 -0.939974 0.704821
13.725162 10.879575 -3.675131 -1.009665 5.038063 4.975507 -0.395968 1.175394
5.026955 -5.519842 -4.691802 4.643288 2.672110 5.411191 -0.914806 0.691550
16.876130 9.035551 -8.050596 6.644014 4.150114 3.753636 -0.956027 0.674136
10.497330 -2.682403 -11.671952 3.200255 2.579792 3.311857 -1.736448 0.437778
2.774820 -1.129729 3.282160 4.832957 3.769990 3.906699 -0.898754 0.676216
-11.888850 5.667216 -11.723334 8.413934 2.188484 -0.764628 -0.137125 3.786791
-13.925362 8.904887 -8.940136 6.615034 4.072290 3.816864 -1.049669 0.627667
7.368786 19.366550 -4.170745 5.838460 -1.501187 -2.330011 -0.123840 -0.409222
-8.747110 -2.483600 -7.620784 9.110276 3.314204 3.828468 -0.953263 0.682515
-10.287468 2.379400 -6.444397 2.764214 -2.227481 3.663525 -0.991754 0.768289
