21.528114 -9.319021 -8.465875 -7.579542 0.312246 8.779077 -0.516522 2.947559
6.858002 5.794743 -11.882378 3.862761 1.837790 5.436865 -7.836126 -3.052261
5.702956 10.593304 -3.670373 -2.121346 -1.322450 3.060302 -0.624393 10.391197
11.262252 -7.754407 -6.373906 -1.941623 -6.433946 6.219690 -4.288999 -5.840327
21.776374 -8.488590 -6.692883 -5.000515 1.819997 6.950626 -0.144403 3.571569
-4.495178 7.628532 -9.358454 -7.571577 0.611826 8.489457 -0.628512 2.941904
-6.120895 1.306632 -8.457755 -6.576040 0.643518 8.837198 -0.506023 2.981031
-0.068692 -11.562428 -7.792270 -6.363536 -0.168780 8.485131 -0.540853 2.982455
25.261279 1.139300 -8.860406 -6.839334 0.446790 9.033506 -0.472227 2.887469
18.865175 6.355550 -18.386178 -8.868673 1.313677 14.391131 -0.558809 2.981643
5.201095 -5.919135 -14.299864 -9.765341 12.319597 7.490646 -0.752770 2.857424
3.519800 -4.844597 -13.697932 -15.110835 -7.813927 11.139900 -1.687326 1.723256
-1.725987 -0.887309 -12.540149 3.655335 2.647139 8.689811 -0.398300 2.976601
12.037141 -9.977353 -18.538995 -11.907033 0.410915 8.219135 -1.094862 2.946068
-2.395173 1.312584 -8.229286 -2.072800 -8.545056 6.871679 -0.851144 3.231269
9.926537 -8.100692 -6.699250 -18.921086 1.329466 9.939257 0.260093 3.549598
4.729260 13.513294 -16.539870 -6.944377 1.201361 7.907258 -0.732735 1.922588
19.165060 5.952002 -11.835761 3.821328 1.702269 5.700235 -0.112659 5.519080
11.327091 6.780084 -7.999621 4.072762 -9.234061 8.354456 1.729437 2.622581
21.307027 9.193442 -11.657418 -11.631393 -0.477264 8.269048 -1.330157 3.018402
-5.356225 2.273662 -7.347974 -10.668528 0.521203 8.832023 -0.467842 2.865184
-4.956289 1.408938 -14.674016 -7.380117 -0.301811 8.974259 -0.057843 3.156286
4.376116 5.330811 0.964260 -16.352981 0.486075 8.742665 -0.504822 2.961392
14.377004 3.967811 5.382965 -9.183310 1.349304 8.913803 -0.388579 2.894359
10.719316 12.942249 -12.546368 0.032012 6.980223 9.686254 -0.778119 1.849555
-4.908450 -2.899562 -13.455741 -5.564311 -0.970061 8.197391 -0.293837 2.737504
3.327517 -10.812865 -16.904308 -6.264650 3.303611 7.765966 -0.881389 2.169917
23.764811 1.298040 -15.302640 -4.677876 1.603319 8.247487 -0.331368 3.145622
11.366352 1.217909 -18.667767 5.844872 0.045360 7.994110 -0.577065 3.664154
13.232496 8.215651 -0.434693 -8.854179 1.585638 9.868996 -9.299426 7.404182
-1.062642 -8.149279 -13.176281 -5.306233 -0.542057 7.234598 -2.781682 8.109046
25.278781 0.737138 -8.922701 -6.279673 0.484669 8.728589 -0.517225 2.973173
