-23.605229 1.887648 1.259108 -7.436719 1.117530 -1.026940 3.182144 -1.706789
-23.535670 0.608043 1.496717 -10.142169 0.444277 -0.590864 2.711099 -1.604241
-17.583053 -10.600312 0.351190 -9.293765 1.543198 -1.405362 2.881330 -1.511589
2.129996 -1.682413 -3.966104 -10.101795 -2.294122 -1.241214 3.436573 -1.121628
3.777844 0.617852 1.332935 -8.079729 1.187255 -3.308930 3.477070 -1.412820
1.224523 2.676119 -6.642578 -5.904160 2.226961 -1.401503 2.924456 -1.479436
-12.332766 -8.971876 6.821899 -15.625587 0.593176 -2.900489 2.482538 -1.907130
2.728630 0.011301 -4.631493 -7.724948 1.034364 -1.414523 3.047776 -1.550865
-1.604208 -9.054674 2.832640 -12.237518 2.511578 -3.710380 3.571527 -1.030803
-18.843650 4.383233 -4.465764 -11.463573 -4.791012 -5.620015 3.970535 -3.159230
-19.304531 10.950439 1.067602 -8.798446 1.374436 -1.371080 2.936213 -1.440214
-16.328676 10.591636 -3.851486 -14.126143 1.248017 -0.631360 2.941126 -1.478612
-11.983018 12.275369 -6.503268 -7.732213 1.939708 -1.706513 2.885457 -1.818260
3.729792 0.770492 -1.473967 -8.078627 1.261847 -1.315050 2.981132 -1.518064
1.413023 8.592581 -0.964841 -8.468278 1.514591 -1.415872 2.931045 -1.465777
-1.594466 -8.730725 6.041046 -10.636691 1.317105 -1.386680 2.991577 -1.487469
2.549141 -5.094052 0.067173 -8.937607 1.138082 -0.685764 2.946970 -1.461562
-11.606330 -7.429403 9.425765 -14.993715 -0.483662 -2.043708 3.979136 -1.770781
-20.185576 -8.359447 0.535173 -8.784401 1.371164 -1.652485 2.945034 -1.516246
-18.417434 10.231372 3.188631 -7.004391 -3.113988 -0.296223 2.212257 -1.194726
-16.577707 12.906992 0.079421 -8.505688 1.442536 -1.370498 2.930932 -1.483503
-23.663753 1.607510 0.217177 -8.363872 1.396643 -1.159112 3.055014 -1.500095
-22.786877 5.790410 0.921664 -8.517849 1.282066 -1.267694 2.872677 -1.385845
-1.254172 7.084668 -7.524839 -9.656872 -0.136757 0.296803 3.239229 -1.814063
-11.778751 10.964389 1.776055 -0.499809 -2.328618 -1.730499 1.193813 -3.026516
-18.080864 -6.023906 -0.867066 -11.282195 2.255607 -9.400499 2.909293 -0.569600
-0.049866 4.533810 7.373685 -14.674158 0.424139 -0.994359 2.764786 -1.679112
-21.456170 -6.385795 -0.069420 -9.853312 -0.017884 -1.075891 2.901145 -1.522815
-21.816644 -1.625514 1.054703 -6.641506 -1.722085 -0.236295 7.154801 -4.624886
2.523315 5.938447 3.398378 -6.522662 0.588033 -1.166808 2.440751 -1.586190
-23.668630 0.801965 1.849446 -8.789883 1.331297 -1.365900 2.809660 -1.611908
