-10.204304 14.266487 -10.131718 4.668428 9.876405 -1.346317 0.995040 -6.203142
-11.819611 8.189703 -8.421559 3.999668 8.020955 -1.322542 0.995168 -6.196038
12.923309 5.430899 1.196841 3.118466 11.650065 2.862005 -2.513396 -3.705879
4.316886 13.776290 -22.542640 4.255489 6.924887 -2.458026 0.769434 -6.095635
14.764412 7.543208 -1.649683 3.568835 2.464830 -7.110633 1.555755 -5.615123
11.039810 -4.166214 -5.177147 8.751651 6.774469 -1.760313 1.020385 -6.206090
-1.052104 19.534050 -14.456466 2.425428 13.893644 -1.015997 2.270695 -8.476107
7.371941 22.325095 -9.803639 0.473645 8.291513 -1.405287 0.993466 -6.306311
-6.437881 -1.509186 -15.045792 2.963440 6.298587 -1.441875 1.150986 -6.059784
-4.072766 -3.415185 -1.360602 4.072188 8.030361 -1.335231 0.969823 -6.196975
8.198617 2.773885 0.802317 11.170654 13.441664 -5.724418 0.508334 -7.959395
-7.579315 11.214545 -1.508068 2.082223 15.050971 -1.872824 0.921462 -5.911482
-9.065763 13.063703 -14.833527 3.565548 5.400024 -0.295542 -0.284856 -6.123277
18.131129 5.340105 -4.585854 3.058339 9.350546 -1.157895 0.717107 -5.819561
-10.126917 6.428924 -15.277480 4.437010 7.947315 -1.286468 0.997234 -6.209551
17.798599 10.709155 -13.544403 4.014964 7.990171 -1.332385 0.981808 -6.201905
15.681810 2.010310 -4.813814 6.684438 12.844545 -0.684328 4.183546 -5.374590
1.252409 -2.846619 -6.430929 -2.889727 15.950780 -1.761656 1.191220 -6.929375
4.345498 22.237383 -11.517440 3.841869 6.685057 -0.760590 5.378282 -5.877403
12.797062 17.949060 -2.409379 1.537355 5.131136 -1.437062 1.085358 -6.371028
-6.393041 3.474932 -13.762783 3.697451 6.186445 5.909629 0.560302 -11.986417
-10.095297 12.648047 -6.256322 3.188243 12.727471 -1.482390 0.813769 -6.225678
-0.922612 19.677787 -0.225840 2.302104 9.076779 -3.865473 0.687453 -5.682192
18.892421 6.792105 -8.965538 4.244417 8.060301 -1.401092 1.004437 -6.274232
-0.460223 15.032817 -1.390920 4.317498 -2.956189 -1.312255 0.975055 -6.198109
7.136404 6.390772 -1.311154 -9.031262 7.175197 -1.410262 0.770611 -6.171542
-11.751716 7.096498 -7.491000 3.878046 7.538849 -1.761339 0.877459 -6.608491
-5.111770 6.110869 3.798389 1.073556 7.996818 -1.327057 0.996094 -6.188512
17.484059 9.251134 -2.589767 2.603794 9.672863 -2.623807 0.447439 -5.783557
-11.527198 10.202048 -9.438617 5.213945 8.480228 -1.525646 0.702285 -5.230242
-11.446467 10.464815 -6.863910 5.546357 7.890813 -1.329380 1.248069 -6.023797
-11.718197 8.055298 -8.060803 5.618909 8.218554 -1.519295 1.553319 -6.432858
