-11.439961 -2.874608 -14.737576 0.575229 -3.258814 -4.774461 -13.376974 12.696608
-23.741491 -3.170313 -1.023157 -7.649953 0.176353 -3.690563 -7.015367 9.186982
3.018130 -11.532056 -6.014236 -4.973718 0.692314 -4.343337 -6.983257 9.157499
-14.016292 -3.652563 -18.455621 -1.737807 -1.097010 -3.547140 -7.125753 8.381194
-22.353228 -4.491022 -8.825824 -9.008318 -3.284834 0.832481 -4.499205 8.090538
-15.306467 6.682379 2.053178 -10.105604 0.865807 -2.820578 -7.031649 9.194693
5.079261 -3.541298 -5.234712 -7.272262 1.092751 -3.719623 -6.890883 9.114667
5.051635 -4.783900 -5.702696 -7.915398 1.126033 -4.275378 -6.530432 8.987588
-9.753532 -18.954936 -7.555032 -6.640457 0.193619 -3.661049 -7.119138 8.928042
2.803083 -11.889497 -7.613470 -6.168393 1.232914 -3.727169 -7.116717 9.272296
-8.078551 -0.648317 -7.125030 -11.460416 14.282669 -3.018768 -7.463380 8.955479
4.170191 -9.485102 -5.361255 -7.071096 0.769778 -3.661728 -7.035492 9.145066
-7.055309 3.653564 -17.092541 -7.970052 -0.220760 -0.173492 -6.177289 8.525411
-24.434937 -5.193495 -5.347519 -5.920306 0.637679 -3.551105 -6.882547 9.384111
3.701695 0.125414 -6.570780 -3.176035 2.601115 -3.653617 -7.347381 8.938825
-15.684385 8.362428 -9.149459 -10.281582 0.981293 -3.668867 -7.053112 9.191423
-23.093305 -3.576596 -1.218979 -3.135105 1.722027 -4.826931 -8.661935 8.648638
-22.525936 -6.602216 -12.514171 -7.414825 1.490746 -3.042982 -7.011403 9.285033
-6.703092 -4.810500 4.600717 -14.730696 6.431640 0.549079 -6.881567 9.211743
3.228374 -2.831147 -9.459724 -1.477513 -0.723623 -3.259080 -6.749094 9.236119
-8.552173 -17.167119 -12.513808 -9.099349 0.781016 -3.720197 -7.057342 9.199661
-6.248800 10.007894 -7.115482 -7.099802 0.827999 -3.650196 -7.035244 9.195748
-20.508399 -3.859213 2.912945 -6.678167 5.483961 -0.672432 -6.910028 9.084878
-24.380994 -2.958035 -5.085326 -6.219182 1.087534 -3.742764 -7.315192 8.209243
4.628727 -7.959034 -5.306554 -6.675617 0.977286 -3.162271 -7.149899 9.093961
-24.116739 -6.953456 -7.447000 -6.778203 0.787784 -2.812112 -6.734986 9.207006
-24.490813 -3.480781 -5.574738 -6.934477 0.830934 -3.764570 -7.011372 9.199674
-3.233284 -14.555183 0.418057 -2.348534 -2.909842 -3.896513 -7.141356 9.741038
1.147219 -1.548597 0.434395 -11.043183 1.754303 2.594122 -5.855282 8.081386
-24.456896 -3.601012 -5.788640 -6.644872 1.670383 -4.104716 -7.086941 9.386494
-18.318346 0.419680 0.590503 1.616026 -2.176140 -3.696766 -7.081559 9.131876
-18.873200 -3.817295 -17.126181 -7.755186 1.244227 -3.444008 -6.990539 9.095587
