-7.002913 9.549154 -3.914511 6.036223 -5.246038 7.468456 -5.551136 -5.732229
5.142991 17.358520 -1.195608 6.948598 -6.584271 6.651518 -5.099320 -4.964455
-8.206783 7.344523 -3.618025 8.845636 -6.012806 6.314742 -5.377728 -5.577511
7.600234 -7.278019 3.684413 11.650830 -4.641828 2.575938 -3.907211 -6.821136
10.723552 3.181739 9.817540 10.609354 -6.061769 6.314236 -5.378568 -5.577621
-2.365991 -8.059904 -2.158960 8.381143 -5.059415 6.231680 -5.380387 -5.576511
-8.203740 2.023004 -5.737107 7.907435 -4.233703 6.060866 -5.665140 -5.544985
3.428160 -6.751448 -5.944023 2.429481 -0.507224 7.579543 -3.302041 -5.858905
6.555298 11.212617 -0.668263 -0.952915 -4.610765 0.547064 -4.246209 -6.825531
7.048631 -7.389952 3.784287 4.834092 -5.222194 8.853995 -5.663687 -3.394012
-3.883533 -5.309666 -1.608537 9.265953 -1.694821 3.310492 -6.416137 -4.381730
13.786353 3.439222 -2.085935 5.069185 -13.115195 6.275457 -10.409548 -11.483939
19.108903 5.489437 -3.926085 8.613922 -6.030905 6.338461 -5.329794 -5.586222
4.678930 6.274691 -4.726976 -4.401238 -3.750317 6.261498 -2.530398 -5.106712
-8.028064 6.773565 0.064390 8.624436 -5.648157 6.198711 -5.487123 -5.381280
8.730400 12.197802 -5.242506 7.058335 0.875252 13.460029 -6.538283 -4.395873
-3.926230 -6.725893 -3.227766 9.699460 -5.095269 7.934424 -5.184067 -5.901669
19.175206 4.634955 -1.723677 8.302223 -5.925400 6.418526 -5.445421 -5.531782
15.743961 5.136620 1.251632 1.444210 -3.047311 8.050622 -6.521480 -6.183318
16.870264 10.318368 -1.102730 7.255536 -4.576523 8.189313 -7.101024 -7.077476
-0.072865 15.294181 -8.405710 7.981760 -6.280760 5.726318 -5.503591 -5.633471
-8.546266 5.889464 -2.955351 8.659420 -6.077049 6.299712 -5.366536 -5.579358
14.324460 -7.077571 -2.972424 8.742723 -6.093725 6.312767 -5.383991 -5.573918
16.474230 0.286565 0.065515 1.763543 -5.287861 6.242646 -4.738207 -4.386877
9.323483 16.435442 -2.753976 11.364931 -6.837293 9.006410 -5.607548 -5.499825
16.261725 11.101821 -7.279193 8.677808 -5.723222 6.280035 -5.386494 -5.590253
3.174597 -4.664357 5.939143 12.440869 -2.786002 10.583766 -5.264697 -4.331183
10.193371 9.209681 7.865702 13.004262 -6.806345 8.506293 -5.374700 -5.600697
14.619228 13.015131 -6.335161 5.843013 -5.507825 6.375834 -5.233319 -5.583066
9.032123 -4.197024 -12.699499 13.178399 -7.731615 6.010610 -4.936481 -7.183651
-1.582769 -2.044432 7.897117 8.694772 -6.065889 6.327643 -5.377428 -5.583425
7.867113 16.282239 -3.560979 3.417005 -6.389075 6.183595 -5.372936 -5.126910
