17.020922 -5.082821 2.822358 12.452753 -11.207081 6.582618 3.060927 -6.944907
14.681952 -17.648310 2.104933 4.288858 -3.439085 9.920765 1.915361 -6.249570
11.532310 -2.394341 2.229475 17.848743 -0.704038 9.093513 1.924297 -6.193941
-5.219423 -4.396872 3.073170 4.269384 -3.349891 9.792652 1.931289 -6.302705
13.963992 -13.563169 -0.563517 12.714322 -0.189452 11.408997 2.642243 -4.785475
-1.826575 3.558712 6.624724 5.679439 -4.008194 11.391346 1.121829 -6.496974
-2.510410 1.669202 8.400383 4.468307 -3.499901 9.950089 1.927009 -6.245675
20.287104 -12.183660 2.845808 6.826641 -2.838860 6.507300 1.809922 -7.446633
18.983243 -11.767090 -0.192479 10.217391 -1.161748 8.267220 1.413903 -5.262706
23.349129 -3.704752 2.744079 4.222115 -3.414593 9.881733 1.932558 -6.295834
3.117723 -17.242992 4.634998 4.725685 -5.127580 10.126627 2.032341 -6.570924
16.808267 2.619698 -6.885304 4.730067 -3.531136 9.269789 2.495503 -6.248574
0.575660 -2.065707 13.811363 2.758240 -3.977159 11.003006 1.741412 -6.043353
22.707053 -3.254013 3.237990 5.260131 -0.672010 12.644434 1.850687 -5.597103
14.049673 1.671540 -8.063029 6.766900 -2.040180 5.857353 1.840147 -6.246353
0.096599 -14.228943 3.010176 0.544985 -0.173622 10.120338 0.725599 -8.239123
2.254028 -16.138189 6.387752 2.303157 -1.386259 10.663415 2.851628 -5.820592
-2.994115 -1.755195 4.503281 6.075208 2.682910 9.220123 3.749612 -8.224032
22.665434 -8.588996 4.503025 4.208381 -3.412449 9.881330 1.933967 -6.295923
-5.165353 -5.741762 2.422913 4.459903 -3.425818 9.822071 1.939732 -6.295926
-3.261554 2.687897 3.254438 4.582817 -3.207002 9.895441 1.931588 -6.302107
19.543273 1.387990 9.963967 3.745386 -0.832997 9.850501 1.635502 -5.330679
-5.068302 -3.716830 1.234382 5.113614 -4.032169 9.894154 2.478107 -6.086181
-4.825923 -3.246006 4.223726 2.388354 -3.194406 10.209900 2.101503 -4.324178
16.931707 3.198578 -2.741299 -1.911759 -5.556027 11.722406 -0.346968 -7.816222
-4.321253 0.484292 2.744067 4.024562 -3.406500 9.881850 1.932493 -6.297036
5.031572 -10.295005 3.442267 -5.005234 -11.301226 10.566373 3.538083 -4.344286
-2.105637 -3.271304 -6.078388 4.347775 -3.416577 9.851313 1.955611 -6.297892
23.334523 -3.652550 2.495066 3.777947 -3.663071 9.842580 1.939287 -6.218854
0.336226 -15.599477 1.259354 5.293919 -3.861358 9.225724 2.255330 -5.264254
-5.027270 -2.185288 2.951424 3.914855 -3.434729 9.701383 1.864776 -6.251261
