-12.433372 0.512522 -9.275053 -6.829582 7.097580 -8.443257 6.393315 2.708346
3.704469 15.752602 -10.434734 -12.874375 11.833565 -0.719912 7.223808 -0.992116
-2.280349 19.232609 -15.896528 -12.443116 8.904867 -8.881275 6.616025 2.942610
-4.785838 18.600034 -3.352273 -10.425647 3.929814 -12.359630 5.953752 2.238001
-0.600712 -1.175359 -18.005435 -13.426405 8.839120 -9.844738 6.430978 2.990470
14.200380 7.756992 -11.208908 -6.842845 7.127772 -8.460014 6.394343 2.708410
-3.437013 -2.197902 -0.401388 -8.645435 4.955015 -7.573582 6.765531 4.733899
14.324130 8.180515 -9.303755 -6.845784 7.127215 -8.477931 6.391062 2.715724
5.037312 21.241432 -6.719108 -7.162012 7.261363 -8.670185 6.613543 2.735332
11.116676 17.074843 -9.802979 -6.534193 6.967922 -8.387381 6.340557 2.709088
14.269266 6.974639 -8.806961 -6.774548 7.469173 -8.736392 6.423486 2.524500
2.518518 21.642018 -11.726503 -8.300303 7.453935 -9.779867 7.408232 0.441046
8.375737 10.760960 -7.125278 2.236912 12.334732 -9.127024 2.786713 1.731513
-5.788481 15.339059 -19.093808 -4.777883 11.508149 -10.355153 6.376112 2.284213
-9.196555 -1.905576 -13.704887 -7.814142 7.308032 -5.829284 6.544008 3.100857
-14.034328 11.809721 -9.337280 -6.844438 7.128539 -8.454602 6.393632 2.709268
-6.111825 10.140627 3.341682 -4.202293 7.141994 -8.273103 6.673395 2.656093
2.354019 10.093505 -1.411438 -16.734283 1.412766 -10.611610 6.468565 2.672520
5.505364 10.734709 -22.316312 -7.541187 6.877650 -7.871623 6.481114 2.655860
-6.897852 16.265528 -11.711208 2.097542 5.761993 -6.151663 5.174920 2.602038
14.014786 9.541883 -11.842682 -7.343814 7.077966 -8.476210 6.376963 2.718897
6.841424 20.662972 -9.285288 -7.278250 7.087394 -8.485000 6.373414 2.695067
8.566366 13.799445 -14.039024 0.423219 9.081794 -4.230726 5.234423 4.029165
-11.510352 -0.727392 -8.253754 -6.850733 7.437374 -8.732771 6.563903 2.091805
7.163832 -2.201736 -12.853158 -11.948792 10.049568 -7.067482 6.761426 4.069129
-12.666192 6.170668 -10.298989 -1.183548 7.935241 -9.325248 7.597799 6.079809
8.455841 -3.596618 -9.322580 -6.840352 7.131133 -8.458925 6.393878 2.708196
-14.523190 8.654361 -9.555791 -7.052160 7.184201 -8.485604 6.389116 2.708629
-13.920422 8.920055 -8.095780 -5.132748 5.045720 -6.665565 4.889706 4.272943
3.240208 9.713005 -22.521352 -3.634981 6.993279 -5.288622 6.399472 2.652864
1.004023 -6.331676 -8.361411 -6.522580 7.094136 -8.457902 6.446575 2.833887
14.052992 6.991644 -8.161886 -4.999610 6.686385 -7.392872 7.182159 2.632881
