6.419088 7.296527 2.745194 5.856749 -9.144753 6.196157 0.238116 -0.429457
-7.184997 -6.510983 -7.585897 0.239211 -8.964132 6.810607 1.275076 0.653382
-4.508023 -11.899516 -7.516409 4.568781 -10.209441 2.881110 -0.864374 2.318702
3.153652 -13.213897 -14.659355 -1.487729 -15.941613 5.422327 1.138483 1.292435
-0.325573 4.199354 -12.078817 -6.315636 -10.689144 6.656598 1.194305 1.165400
22.699032 -5.171392 -8.327227 4.747945 -9.166791 7.027848 1.104139 1.425241
21.698138 -1.928192 -13.939456 4.249353 -9.045965 6.489252 1.170522 1.185207
2.799065 8.216058 -16.908414 2.666683 -9.117186 3.432960 1.386435 1.262935
-3.606272 3.487721 -0.383233 7.056706 -10.011719 6.231375 2.034444 1.543020
15.689761 9.753329 -9.671534 4.053428 -9.080920 6.552315 1.175164 1.204974
-5.552761 -11.054039 -9.097804 5.764892 -10.387954 5.629370 -0.467491 1.087561
-1.366901 1.922170 -18.959875 8.174164 -10.624282 5.894309 1.074949 1.181679
15.485114 -10.379264 -7.058358 9.772881 0.025416 6.857470 3.106429 0.067674
-6.819725 -9.078996 -7.092269 4.781847 -8.876669 6.480101 1.141492 1.261367
22.832416 -2.435892 -8.361869 3.958483 -9.044092 6.571025 1.184099 1.180811
22.843843 -3.683172 -8.378299 4.034926 -8.977347 6.550359 1.210447 1.232161
-3.760550 -2.581829 -18.052957 0.480726 -8.314397 4.645979 1.292074 1.854756
-5.316635 -11.788361 -7.298529 2.763476 -9.545206 6.405975 1.218614 0.432651
22.760487 -3.491669 -6.912826 4.875856 -8.674298 6.809038 1.157382 1.451000
20.672601 -10.990913 -7.324651 4.919645 -9.603354 6.717488 1.255293 1.240037
18.287445 -14.025357 -6.469638 4.205132 -9.146817 6.506130 1.200260 1.195444
0.642035 -15.728918 -7.195771 -0.517330 -12.255120 5.811174 0.405960 -0.583896
-1.004662 -10.833058 -3.294736 -0.415576 -4.615580 13.371173 1.369734 1.198935
-6.373506 -10.161695 -8.104126 3.473331 -8.872389 6.339358 1.309999 1.544060
22.695228 -5.387213 -8.236534 3.751908 -9.072287 6.568908 1.183974 1.185179
-7.943986 -1.848493 -9.296073 4.454914 -9.063826 6.536294 1.150274 1.199446
-6.794452 1.850057 -10.129996 3.741816 -11.776216 6.685246 0.833875 0.631200
14.909895 -0.826817 -21.002978 1.626459 -11.710158 6.089216 0.855497 0.606412
-7.965169 -4.082078 -9.097200 3.012699 -8.975281 6.596833 1.208162 1.282305
13.975379 -13.437304 -8.922752 3.207583 -13.989697 5.969509 9.111071 2.603928
-6.979749 2.163494 -8.584805 5.483035 -9.144201 6.568452 2.012339 1.014343
