-2.433141 -9.041201 11.594645 -18.393712 -8.849108 -3.766415 7.832923 9.037252
15.345436 -7.983437 3.709795 -1.694187 -8.052478 -5.279187 8.431310 10.576607
8.817854 -2.302939 14.029375 -1.697564 -10.657479 -4.168414 9.259106 8.931219
-4.128522 2.320935 -3.376403 -9.947341 -14.088541 -6.334591 8.525039 9.386697
16.132189 -8.489407 4.331525 -6.144409 -9.142599 -4.473975 8.629537 9.991299
16.139742 -8.805360 3.563233 -6.399074 -8.659042 -4.465705 8.672383 9.989920
-9.979100 -13.554734 -0.139278 -4.249871 -2.518621 -2.516185 9.822387 10.829435
5.841839 -21.909144 3.933280 -6.241660 -8.649018 -4.271548 8.665548 9.979430
-9.231608 -10.070922 12.927557 -10.238049 -10.198500 -4.506172 10.788667 9.360152
9.518111 0.408726 10.172451 0.239404 -8.721383 -4.862018 9.586958 10.041275
-9.290740 2.348135 6.112633 -8.513933 -9.516289 -4.821215 9.019095 9.809854
1.477623 -3.944919 -10.657174 -8.370489 -8.163416 -3.938615 8.570388 10.965189
13.244765 -9.323081 -5.120562 -6.219057 -8.566089 -4.596355 8.656894 10.022644
-13.678122 -8.384302 3.554818 -6.025512 -8.675083 -4.533303 8.675754 9.985898
9.866823 4.465076 3.611542 -6.636899 -8.976381 -5.084250 9.262884 10.014336
-13.692302 -7.668096 4.089709 -6.374838 -8.772484 -4.584330 8.649538 10.039338
12.671220 -14.390034 8.260729 -4.231684 -13.289637 -4.552270 8.744418 10.034870
14.516769 -13.441933 6.236152 -9.146681 -8.838392 -4.527530 8.679524 9.999881
-13.584618 -9.319498 2.838566 -6.782895 -9.024504 -4.455753 8.678735 9.986685
7.867159 -3.406563 8.112804 -15.473417 -12.927551 1.784643 9.619763 10.847411
16.123608 -7.897819 4.521225 -5.750660 -9.195673 -4.576876 8.535998 9.763757
15.599984 -5.727604 6.713761 -8.278866 -8.347004 -4.933924 8.663243 10.149098
-2.529776 -9.201301 -7.932191 -11.216456 -4.343022 -1.943770 8.950068 4.965529
9.301440 -14.071145 -0.346114 -15.448212 -10.899571 -0.516147 9.203870 9.965406
-10.699772 0.997989 5.043282 -7.980332 -8.820583 -4.011734 9.011295 9.477266
16.123789 -6.857443 4.577861 -6.207406 -8.611208 -4.533627 8.674273 10.011277
-9.561315 -16.792955 2.274830 -6.517400 -13.220013 -4.871772 8.285958 8.892423
0.909785 -20.525588 7.277077 -10.293356 -7.135021 -1.558332 13.078834 9.659853
-12.478010 -7.289509 8.710754 -8.328724 -7.208872 -6.205265 9.360003 9.656192
7.498313 2.653772 -1.184242 -11.944230 -4.830711 -7.312400 8.730424 8.853087
13.446601 -3.102221 -2.847175 -4.472750 -8.416173 -3.230353 8.121078 7.717453
16.178872 -7.460593 3.575926 -6.521057 -8.679082 -4.536938 8.679090 9.986798
