-7.409514 3.657105 10.849494 0.540768 2.803686 -9.268268 6.383639 -8.722922
17.144674 -6.427824 12.706424 -7.653692 3.722802 -8.362931 6.154182 -8.014028
18.757307 -3.725558 6.340178 -4.618805 3.451603 -12.732649 6.558147 -8.457808
-6.648354 -8.203340 9.114746 -1.366827 6.548316 -8.308937 6.590556 -9.283106
-4.011168 9.032250 8.782216 0.500123 3.950551 -10.497931 6.279671 -8.458645
19.308298 -5.126653 8.441434 -3.115970 4.512107 -8.677556 6.348208 -8.237760
-8.561438 -2.064031 7.508750 -3.588878 4.120213 -10.448807 6.280565 -8.558230
12.048423 6.575494 16.007294 1.386219 4.573288 -3.563952 5.952088 -11.235110
11.815269 10.127784 15.157610 -2.454366 3.916422 -9.033025 6.349166 -8.292937
11.726788 -13.809882 11.042133 -0.481049 5.188593 -9.784534 6.733499 -8.777852
-5.293411 -10.493573 8.337829 -2.427078 5.065394 -9.213253 5.739543 -8.313452
-7.428570 0.269924 9.714191 -8.049706 4.979123 -9.220649 6.772221 -8.104848
-8.201755 -1.786490 12.950019 -2.377232 4.576386 -9.302173 6.328726 -8.430339
-6.386799 -1.030401 8.945499 -2.810613 -3.091456 -9.367874 8.614556 -6.939304
15.196878 6.108955 16.034993 -0.888204 3.058331 -8.384989 4.059396 -7.864979
-6.548004 -2.882282 13.412415 -6.767437 4.881029 -6.523390 7.176830 -11.212194
-8.543839 -3.267502 7.472311 -2.029858 4.327680 -9.275091 6.345696 -8.433984
3.716821 12.323878 13.140693 -0.790261 4.300334 -9.257702 6.447105 -8.461262
13.111788 -4.106126 3.407398 -7.989165 2.958806 -0.635784 6.502810 -8.307985
7.716590 11.482029 7.786128 0.758919 2.424073 -4.232843 5.619470 -8.889531
-1.307915 10.987351 11.257277 -0.310696 5.237967 -9.483372 6.506450 -8.102645
11.003039 3.331491 4.106564 -12.451655 9.400244 -9.963741 6.661524 -9.802978
12.705511 -13.384385 10.372096 -0.791428 5.438276 -10.125580 6.745980 -8.351995
5.450186 -11.742721 9.888346 -11.040837 8.047766 -8.631474 4.777768 -8.551273
-7.547349 -5.714945 12.627989 -2.224343 4.249106 -9.376682 6.258447 -8.600394
-4.706041 5.171905 15.026140 2.514573 4.408378 -9.083175 6.092307 -8.049169
-2.602800 -11.705164 14.324729 -2.183509 4.354395 -9.225396 6.473487 -8.519198
17.923337 5.853817 9.045412 -2.900268 4.272770 -9.987695 4.801732 -8.402906
10.623612 -3.435491 16.128170 -12.294821 0.204115 -11.361530 7.700743 -8.935395
-8.466786 -2.507612 11.632788 -2.247177 4.556190 -9.277877 6.310263 -8.429579
15.341721 -10.529643 13.338826 -3.819779 3.040615 -9.206119 6.414625 -8.394696
