8.686833 11.898455 4.986968 6.742796 4.547346 7.250635 4.483383 0.929613
15.373145 -2.374941 3.547873 1.270250 6.762259 6.145398 1.555754 0.116601
10.154130 12.477185 -2.395691 3.629594 5.673748 6.754213 2.041256 0.399905
11.604042 -6.329817 -2.913321 -0.967551 7.870388 5.552005 -2.176695 0.903308
-10.478298 -0.798669 7.749161 0.464964 5.797922 6.168256 2.294165 0.458110
-11.851868 -1.279677 0.855357 1.407086 6.631523 7.049984 1.564208 0.246845
6.757951 10.998224 -2.859196 1.592444 14.749846 3.512968 -0.557637 -1.214156
-10.150275 5.607273 -4.125372 2.310545 4.278767 5.024922 1.614678 0.932466
-1.577384 -4.656746 11.954957 -4.940384 6.545882 6.394107 1.563544 0.909167
14.906741 2.000877 -1.676180 -0.200750 2.742002 6.052061 -0.787810 0.022572
8.903415 0.284324 4.213083 -10.740055 7.055289 6.920901 1.542841 0.325901
3.744436 -3.422840 9.482280 -9.118541 6.173965 5.578877 1.604398 0.190908
2.530063 15.418206 -2.571601 1.569467 8.216001 6.016832 1.498994 0.229720
15.949778 -0.257757 2.511464 2.125143 6.475993 6.173795 1.548197 0.102245
4.939747 15.647861 3.667130 1.418070 6.306379 6.376264 1.395717 0.168927
16.018322 0.920249 2.980953 1.208074 7.765852 6.751545 1.595601 -0.406541
-9.804144 -5.594463 0.025085 1.502404 8.319041 5.434480 2.973497 0.465929
11.013426 1.741952 -1.540262 11.427338 4.346975 6.738582 1.109402 0.715051
14.985645 -1.936413 -2.602626 1.155725 6.519682 5.938872 1.600487 0.096945
-0.969493 -6.172362 1.075886 5.728606 -2.495742 9.367858 -1.349248 -1.723331
-3.681123 -8.192964 9.826203 1.329057 6.137597 6.174413 1.492819 0.144704
-11.035997 -2.066108 -1.799526 3.714973 6.762537 6.419126 1.589375 0.090101
3.174695 -2.643643 6.376495 -11.278334 6.458473 6.120920 1.556742 0.043296
-12.245617 1.447900 1.772457 1.765335 6.673095 6.168029 1.573171 0.086807
-9.435685 5.785936 7.426087 -3.352789 7.519205 7.434712 1.619943 0.101105
-11.764900 5.580113 2.197852 1.104242 6.661939 6.268971 1.551980 -0.175349
1.941831 -10.977860 4.491507 -2.732705 3.410857 6.783166 1.767648 -0.012298
15.903486 4.671570 1.339002 1.246661 6.795545 6.184940 1.469136 0.293430
1.079054 -11.732050 5.378587 0.872232 6.359927 5.886545 1.505375 0.819408
12.233244 6.068837 9.845502 1.501651 3.646415 6.088915 0.579200 -0.426225
-8.701093 -7.500797 1.719679 1.114011 6.705895 6.110968 1.507445 0.128608
-5.976526 -9.403957 4.370576 1.315846 6.650825 4.584888 1.154652 -0.790933
