2.774639 -14.820661 -16.756234 1.502641 -6.067235 -4.573393 4.432120 6.536917
-15.072244 -13.365166 -6.380479 6.654216 -6.827067 -4.959295 4.615052 7.037697
-2.744363 -22.456031 -8.438385 9.234472 -6.649947 -4.014699 3.962664 6.311392
-4.205879 -2.138565 -17.763746 5.456645 -6.542996 -5.816513 4.438891 6.705199
-7.023947 -6.261479 -10.712651 -3.489099 -11.435321 -2.174510 0.927492 10.387342
-14.171339 -5.201308 -8.750392 1.513118 -7.693596 -3.452084 3.498468 6.455045
-0.213462 -5.102911 4.491832 16.669908 -4.432294 -4.442027 6.308551 6.228202
-8.788051 0.120915 4.500279 5.780715 -6.064984 -4.776088 4.325105 6.500842
8.040580 -15.658962 -9.021799 6.631887 -2.771296 -3.489455 7.508801 0.336213
-0.643300 -4.386472 -17.139227 -0.098123 -5.151458 -1.834069 4.291015 6.349051
-1.904662 -13.716960 -0.748897 -6.604297 -7.313766 -6.817163 1.343743 7.395755
-10.682340 -10.120252 1.480530 4.479716 1.608388 -7.877999 4.786295 5.716073
-6.137727 -21.742659 -0.237258 6.597321 -7.185670 -4.682251 4.393181 6.469258
-15.091560 -12.539094 -4.530348 4.871610 -4.472829 -5.471851 4.775619 5.379157
13.692404 -8.159460 -4.795863 6.123694 -7.020049 -4.719208 4.432726 6.495207
-11.572325 -7.175222 -9.968166 -2.340958 -3.955503 -3.804871 5.622691 6.636757
-15.992384 -8.172802 -4.962891 6.067365 -7.058266 -4.753072 4.467370 6.421212
0.513519 3.339286 -11.705500 5.035805 -6.894215 -9.458871 6.746130 6.483904
13.566457 -10.492402 -4.837701 6.128618 -7.029932 -4.745591 4.428884 6.511749
-15.417135 -12.554233 -5.403447 6.012100 -7.128681 -4.305819 4.531410 6.142383
12.836803 -9.983772 -9.379359 6.865427 -6.239353 -5.003917 3.903248 6.219810
-15.954261 -9.516568 -5.343199 6.239221 -7.021510 -4.722435 4.431448 6.495784
-2.464985 5.614147 -0.535356 6.814580 -7.024092 -4.956242 4.698445 6.435411
13.648309 -9.379880 -3.944637 6.093572 -7.084740 -4.762027 4.473649 6.497302
0.965280 -20.607085 3.344196 4.919337 -5.436459 -4.820650 4.517913 6.386714
-0.379364 -3.791616 -12.184972 10.378154 4.129337 -4.375738 4.683965 6.831495
-15.041476 -10.724890 -0.771508 3.960487 -7.030421 -6.083250 4.270763 6.400201
6.884892 -15.901967 -13.949329 5.630639 -10.863071 -3.627413 5.372041 5.805323
7.048567 -19.695748 -4.899796 2.053286 -10.469675 -4.611847 4.679574 6.589363
-12.864654 -0.215573 -4.849524 9.057224 -9.300975 -4.890184 4.163561 6.879610
-11.088062 -15.500610 -9.720867 1.636465 -1.661190 -4.707156 4.417551 6.541627
4.130975 3.356339 -11.497179 8.228622 -7.483046 -3.538981 4.451028 6.043277
