-21.613075 8.261486 -1.178108 2.633844 9.168547 -8.221179 6.440774 8.510851
-11.339443 -1.626029 -2.888076 8.314115 4.594416 -6.979013 7.117601 7.939498
4.351406 7.634106 -4.697897 5.006978 9.206718 -7.754542 6.844249 8.600449
-16.955547 11.758849 -0.694634 -4.405239 9.509272 -1.175662 6.459004 7.815875
-2.988880 -1.382900 -7.269254 0.498725 8.183048 -6.687529 6.432359 9.326546
-18.206469 -0.008477 -1.312386 2.618283 9.192808 -7.874602 6.767168 8.642372
4.362622 6.807140 2.310064 4.254227 9.119099 -7.817545 6.717023 8.870094
3.452786 14.224137 1.269962 0.927799 10.863465 -6.836187 5.894763 9.017601
0.811276 6.475519 3.774899 3.849096 17.196230 -7.808921 7.089102 9.129879
-17.274066 4.432554 3.125377 -2.639053 11.948718 -4.570793 9.791703 6.769381
-21.307396 8.387046 -3.784292 2.197307 7.969155 -7.966035 6.680693 8.720180
-18.622570 1.382331 -4.290524 0.485033 8.847606 -7.560185 6.500410 8.689339
-21.062084 5.295224 -2.533879 2.536424 9.265117 -7.925760 6.757932 8.576799
3.257340 8.577549 -7.581300 0.367915 9.138554 -7.941213 6.762792 8.658876
4.816023 6.560383 -0.613720 3.425312 8.242644 -7.362760 6.779082 8.805368
5.108474 9.156905 -1.022738 2.612971 9.185140 -7.873119 6.755937 8.642566
-21.637029 8.822901 -0.992243 2.732202 9.208810 -7.864831 6.767044 8.641856
-20.865152 12.940265 0.725248 3.274248 9.309717 -7.872135 6.767418 8.553144
0.887252 18.582990 -0.048615 1.721877 9.237841 -7.805263 6.852349 8.659995
-16.614387 12.969569 1.574069 6.654809 8.299682 -15.224726 3.128771 7.646242
-21.500300 10.562057 -2.203210 2.510761 9.173056 -7.891867 6.691076 8.596274
-16.351183 8.546974 -0.649525 -7.471381 8.544373 -10.831099 6.570116 7.249451
-8.699761 20.177052 -6.346602 -0.640758 12.753355 -8.187325 5.676659 9.694366
-20.884580 10.321633 2.134358 4.989243 10.014271 -7.571828 6.307436 8.994522
-6.771629 1.815806 -6.771290 1.542091 1.382442 -13.376597 7.457273 9.981159
-7.071594 -4.353491 -1.909672 2.873677 9.036289 -8.312825 6.865024 8.745107
0.487245 9.594221 7.862715 5.874280 9.935637 -5.310349 7.292864 7.199637
-18.405652 8.769122 -8.803393 -1.133552 7.286619 -7.570244 6.913819 8.343882
0.683088 14.099909 0.558347 7.475312 5.299337 -9.306768 7.289055 13.946191
-6.389419 8.521321 10.573383 6.803053 10.510390 -12.087607 6.792163 8.814652
-18.775999 5.892800 6.059458 3.424817 7.240241 -8.952841 5.746546 8.608297
