6.310326 22.173914 -4.962262 15.694577 8.293777 5.986136 -1.777676 -6.735010
-8.309418 10.916762 -8.355663 12.947395 5.525152 7.766855 -2.820833 -7.550888
20.014101 7.453922 -0.621578 8.109720 5.329433 7.643668 -3.288447 -7.712680
18.849860 4.815118 -3.413748 3.759057 5.956536 7.707423 -2.660663 -7.593984
-1.352447 -4.122500 -4.396764 7.749711 5.305780 7.615597 -3.171352 -7.697706
14.951095 1.232488 -9.507784 4.352440 6.438156 7.555037 -4.466977 -6.968206
-8.166305 3.639356 -7.052909 8.759237 7.221134 7.601298 -2.003737 -6.769382
-8.246689 17.151974 -0.417772 8.570842 5.816576 7.264175 -4.153186 -7.388357
10.562021 -0.986352 -11.221675 9.897445 2.114025 7.389189 -2.653727 -7.503728
20.250025 9.832999 -2.799624 9.375299 5.518868 7.792758 -3.213902 -7.479415
15.146788 -1.729468 -2.584494 7.603801 5.635624 7.695390 -3.134520 -7.659993
15.297814 13.045127 -5.856128 6.823974 9.458463 6.912866 -9.203448 -15.013004
6.538231 10.691428 9.260590 15.722790 2.814530 6.901309 -2.219495 -12.415614
13.123415 -2.801461 -2.713710 5.591891 7.675945 8.396972 -2.707502 -7.435412
0.018060 -1.573092 -9.005774 1.784039 7.350157 8.208543 -3.774655 -7.757268
11.100325 11.126124 -4.818555 17.242499 1.729245 12.844360 3.957469 -11.320543
-8.188557 5.975913 -8.481187 4.792760 6.154511 6.423532 -1.839806 -7.061650
16.767452 14.542625 -2.862125 -0.139127 2.477753 7.642650 -3.133614 -7.688700
2.271067 24.697149 -0.805922 6.512839 5.312826 7.884720 -3.473015 -7.732527
9.597550 21.094317 -5.247469 5.716529 3.688742 2.206769 1.301334 -3.086338
-3.569218 21.250458 -7.582343 9.555246 5.562825 6.929408 -2.042776 -9.042934
12.389038 20.734352 -10.054786 9.341383 6.636752 8.087394 -3.146653 -6.542179
-5.394499 19.602630 0.584905 3.310270 5.470800 7.659681 -3.198938 -7.697812
-4.162101 21.484170 -2.764610 10.398961 3.283083 6.316989 -4.522792 -8.634658
-9.790179 13.409828 -4.103752 8.994319 6.253705 6.816786 -3.224643 -7.647495
17.128282 19.091532 -2.161566 7.267630 5.627856 7.578692 -3.167774 -7.366606
-5.854622 5.688472 -12.255083 6.327596 7.809097 7.944867 -4.175079 -7.650209
20.007613 12.729708 -1.841755 8.285180 5.400837 7.670093 -3.124083 -7.725999
1.552621 24.728357 -2.431553 8.022574 5.133388 7.647274 -3.194599 -7.691661
5.285740 -2.079112 7.107788 7.059165 5.076327 7.573588 -3.146995 -7.756192
3.330704 -3.574620 4.604951 9.684340 5.414510 7.690525 -3.181651 -7.793291
