13.359307 -1.909561 -1.758703 -1.335409 2.435748 -2.809169 -2.516948 2.630292
-17.947905 -1.506444 0.595743 -1.003985 3.304000 -2.745432 -2.465475 2.607455
12.714199 -2.481789 -4.982285 -2.567897 2.538111 -2.671032 -2.747462 2.690895
-3.433255 -12.833359 -6.186846 6.743619 4.570006 -1.049415 -3.429554 -1.403241
10.167572 -8.772273 5.246084 -1.194709 0.805823 -2.475912 -2.851381 2.807030
2.209253 -9.213348 4.506155 10.524896 3.534390 -2.152734 -2.361777 3.023165
-16.724753 -0.383423 -5.370147 0.220856 1.945916 -1.349858 -3.589546 5.421146
-17.647256 1.734841 -0.544623 -1.323353 2.983214 -2.778762 -2.487812 2.635986
-15.084436 -7.708674 -7.056844 0.726897 3.137321 -2.530974 -2.626067 2.498937
-17.326354 -5.873079 0.164005 -0.104341 2.578758 -2.858335 -2.472227 2.582528
-11.805976 10.096201 -1.022600 0.180773 0.747828 -5.651607 -2.326293 4.597098
-17.981396 -1.542754 0.176092 -1.416158 3.047942 -2.768311 -2.541451 2.594843
-1.638626 -17.173999 0.584251 -0.692038 4.067778 -2.860013 -2.885743 3.082424
-2.150277 -16.001736 -6.848462 -1.859216 3.265227 -2.789455 -2.473409 2.619379
11.501871 -6.432584 -6.313890 -1.006158 3.683040 -3.162058 -2.518566 2.626710
8.912267 -6.375732 -9.508529 3.029399 2.523119 -2.917244 -2.424659 2.712814
3.753209 -11.689222 -3.430465 7.462264 5.918796 0.134435 -4.558328 3.870247
-15.775634 -5.873025 -2.153272 -6.162476 -0.216848 -4.223471 -2.434427 -0.281225
11.580855 -5.116119 -2.486111 0.544826 -2.588206 -1.204833 -1.741150 2.355513
2.281155 -0.795910 12.084404 1.047510 6.274044 -1.965041 4.217414 3.839467
2.566151 4.426458 13.039709 -1.349940 3.034209 -2.783926 -2.495640 2.640502
12.823874 1.828132 -0.904728 0.188754 4.810502 -3.728828 -2.267119 2.648575
-13.085186 -10.817062 2.089287 4.667900 3.654096 -2.137923 -3.269118 2.840823
4.257941 -2.858492 -2.538666 12.067995 6.364997 -0.967446 -4.246154 1.625989
-8.315534 10.225914 -3.267950 4.644514 8.312807 -3.220206 -2.667265 2.690459
-2.242640 -1.865634 14.271389 0.786146 0.670977 -6.393240 -1.405233 2.300126
-6.901301 3.782265 12.443830 -5.824863 1.855197 -4.255672 -1.481921 1.601844
-17.471505 -4.693551 1.950465 -1.133319 3.162643 -2.743664 -2.501384 2.629134
-13.981907 6.694349 5.511121 -0.055585 1.851143 -3.585371 -2.779502 2.510951
-18.001187 -1.656235 -0.838216 -1.344767 3.034146 -2.782815 -2.495787 2.640468
-15.964840 6.063687 -0.162936 -0.337699 3.334564 -2.796605 -2.574532 2.576298
