-5.627476 12.849243 -0.333606 -13.084792 -7.991076 11.823547 -8.295483 4.815142
-10.837183 8.092911 -10.551169 -7.363299 4.483297 7.096175 -7.063503 3.494015
17.149214 8.541824 -6.720994 -7.084068 -3.290051 6.943021 -6.996083 3.290644
0.878368 -5.715566 -6.063034 -11.869170 -1.996402 7.243504 -7.822188 4.082062
14.636063 16.774814 -6.537225 -8.644207 -2.897549 8.057174 -7.209786 3.561225
10.950268 3.773815 -17.298798 -14.333350 -3.213154 7.711365 -5.762031 3.477262
6.757989 10.364105 -21.951637 -6.924784 -4.900316 7.046036 -7.059011 3.268579
-10.966243 1.625806 -8.143228 -7.876507 -2.032255 8.115710 -7.094452 3.456502
6.229133 19.536238 -16.066204 -4.467795 -0.337695 9.307809 -8.702521 5.555649
0.939396 -6.434678 -8.700226 -7.467581 -1.855231 8.872009 -6.929602 3.174806
-7.488098 1.158581 -5.872538 -3.160005 -0.819089 13.609300 -6.355020 7.256659
-11.352013 7.689543 -6.631846 -5.452065 3.096159 8.122225 -7.936181 3.740840
2.014132 22.667212 -5.009366 -10.952663 -2.426494 7.305152 -6.498283 4.334875
4.953271 22.801855 -7.095988 -7.023960 0.184308 8.723603 -7.634649 1.628307
-7.549206 5.292317 2.176365 -5.660535 -0.467121 7.664021 -5.842790 4.006476
-7.191936 5.722815 -19.144760 -9.782481 -2.042851 8.914874 -7.158119 3.521305
2.670370 22.369027 -8.772216 -11.414020 -5.698297 8.479218 -7.970949 1.916628
-10.213439 9.892832 -13.308136 -2.299384 -1.256626 10.367152 -7.108429 3.260058
6.053905 -5.967391 -6.497405 -8.207735 -1.415062 7.743050 -7.242047 3.494238
17.323144 8.676200 -8.288995 -8.471266 -2.238551 8.008350 -7.103643 3.450706
-12.211836 6.493812 -7.082890 -8.166417 0.118013 9.173976 -7.445660 4.277047
-10.184969 14.788624 -11.658986 -11.036434 -0.518976 7.843873 -6.343954 4.320447
-6.611490 0.855535 -12.411371 -13.428227 -2.581211 5.362954 -7.485666 -1.935842
-10.530343 1.266101 -6.938533 -9.864941 -2.559720 8.483333 -6.479769 3.956875
7.269744 -3.312910 -3.252532 -13.755801 -3.242800 8.497684 -5.924967 4.413605
0.407596 10.189221 6.591618 -7.587453 -1.951839 8.053797 -7.009547 3.442402
8.986045 13.104476 -20.611472 -7.529747 -3.571219 8.492516 -6.791107 3.865097
17.272389 9.297852 -7.027395 -7.872554 -2.001234 8.103571 -7.093832 3.433306
9.112749 21.595996 -10.257048 -7.414198 -1.439439 7.767557 -7.143209 3.525737
-6.633523 18.397754 -14.027868 -8.273969 -2.709051 9.351328 -5.712694 1.249937
3.171293 3.101113 -5.353014 -9.291720 -14.747332 9.334705 -6.150723 8.070070
