12.199829 18.184741 -6.767863 -7.403089 6.825851 -6.891966 6.963231 -0.349176
15.373832 9.263654 -5.803700 -7.915928 5.766398 -7.063442 6.973310 0.121445
14.958156 7.710489 -3.287709 -6.006890 4.696211 -6.998725 6.260314 0.470331
-7.263958 15.858438 -7.636335 -6.098927 -3.133731 -5.218388 7.126181 0.383497
-9.998098 1.102816 -7.064597 -9.008001 5.323530 -7.348462 6.966397 0.153043
-12.640565 8.950707 -4.099894 -5.284502 5.905547 -6.863456 7.169314 0.395200
14.922499 12.935454 -5.593287 -7.611038 6.264826 -7.166502 7.169863 0.167381
2.391622 -0.441294 3.800874 -6.399960 7.492848 -4.239287 7.364791 -0.101882
14.082517 6.336877 -0.686742 -6.790709 6.610150 -7.042758 7.025769 0.207913
-5.975327 5.676576 0.163340 -17.115138 7.248884 -8.075550 8.389834 1.530812
11.588139 -0.209660 -5.709927 -6.940499 5.630783 -7.019540 6.958052 0.085939
14.888995 12.138320 -4.970218 -6.165082 6.726320 -5.459950 6.425354 0.444862
14.489196 14.117975 -4.572328 -7.021271 5.067387 -7.032972 7.349502 0.999378
3.678145 15.204672 4.257503 -15.001903 8.159875 -7.184446 6.982042 0.132099
5.521557 17.710502 -4.083100 0.048841 2.091442 -12.946949 4.197898 0.222475
15.119924 10.067902 -2.990645 -7.769311 5.533449 -7.243252 6.936625 0.271326
-2.251290 22.947868 -7.505153 -7.340894 6.715272 -7.223273 6.960928 -0.028084
15.240756 9.736734 -3.954175 -8.078783 5.912923 -6.645236 7.603258 0.506874
-9.253852 12.663768 3.259257 -7.155660 6.489294 -7.106583 6.966779 0.162310
-8.359481 4.761593 -11.797476 -4.719133 5.621380 -12.217794 4.129634 2.659855
12.776876 4.417575 -6.913789 -1.289703 6.482200 -7.264589 5.962102 -0.499723
15.100538 9.670104 -7.922553 -8.473618 4.417162 -6.937876 7.036109 0.177060
-12.866320 9.091819 -4.616174 -7.254085 5.592272 -7.097585 6.967990 0.159436
3.254362 6.862603 -18.732396 -6.897047 9.665456 -6.910951 6.487054 0.732280
-12.893761 10.014888 -5.621716 -7.447778 5.630351 -7.117970 6.950566 0.155303
-6.107830 16.724319 -13.605219 -12.526691 3.912833 -6.727170 7.049070 0.177645
15.371135 9.842735 -5.755511 -7.613511 5.810879 -7.243219 7.113596 -0.103431
-10.686051 2.324605 -7.739839 -5.722802 5.654882 -7.125575 6.907179 0.221334
14.442262 11.877343 -10.046571 -7.461209 5.577794 -7.024959 6.970434 0.159961
14.514183 9.447669 -10.487205 -7.578990 5.519056 -7.076897 6.899395 0.277613
10.028319 6.159947 -16.125370 -8.217827 6.469158 -7.453102 6.542152 0.219465
