8.591514 -1.041050 2.403692 -5.698921 3.708937 9.185710 -5.076480 -3.051613
1.287403 -11.701746 -3.326342 -2.848191 4.092742 8.308352 -6.918813 -1.104282
10.833139 -0.190289 -3.068367 -2.446032 5.485329 9.134249 -8.705386 -1.506129
-5.887116 -5.348226 1.805536 -12.863023 4.909654 8.670850 -6.898505 0.064415
-6.090986 12.238118 -10.290577 1.734297 2.574658 8.771801 -7.217867 0.428078
-2.459586 -8.985222 -5.180226 6.187565 6.460187 8.127851 -6.348056 -1.241610
10.613852 -1.110645 -2.576610 -0.553688 5.019080 7.527718 -6.700350 -1.173581
-15.593608 4.196658 0.869806 -2.399116 5.131164 7.412607 -6.723261 -2.531298
-12.942108 11.167441 -3.505200 -2.852893 5.048909 8.253862 -6.961687 -1.060173
-13.565108 9.395669 -3.870147 -5.421195 3.692575 10.972779 -8.156334 -1.439915
-15.981170 1.221663 -2.329362 -6.240584 7.374059 7.674211 -6.766801 -1.145078
5.515184 -9.579002 -3.263940 -2.659020 4.945055 8.344125 -6.931487 -1.105136
-16.587197 3.684702 -4.387923 -2.432814 4.830276 8.017883 -6.955870 -0.933326
-7.460197 12.423202 -11.082720 -1.801523 4.306171 7.927108 -6.301767 -0.837172
-13.955022 8.737999 0.576520 -2.080218 5.170071 8.551981 -6.947568 -1.149766
-5.986745 -11.704551 -2.624745 -4.630818 4.897629 9.938398 -6.887238 -1.184849
-15.828247 -1.326147 -7.762963 -2.475075 5.361732 9.133915 -6.709469 -1.216376
-14.685093 6.655455 1.518548 -2.751210 4.905977 8.382301 -7.037279 -1.098517
3.077199 0.053904 -13.207818 4.260539 7.349101 11.426628 -4.720030 -0.703537
-8.398033 12.895199 -3.994172 -8.466600 5.252792 9.338903 -6.610400 -0.767007
10.001734 3.110653 1.260576 -4.087493 5.244075 8.161181 -6.943612 -1.168374
-14.679872 8.828424 -4.904133 -2.635811 4.878043 8.189455 -6.925022 -1.158547
8.559511 9.552689 -4.707041 -2.479852 4.476533 8.208900 -6.958348 -1.102545
-16.625889 1.492845 -1.909223 -2.176020 5.348341 8.040728 -6.803041 -1.227043
9.986719 5.923888 -1.085094 -0.682368 5.461340 8.486007 -6.800609 -1.171261
7.139464 -7.491268 -5.366944 0.511064 5.476932 8.255461 -6.947802 -1.087243
-5.449647 -8.158236 -7.047757 -1.214822 0.386609 1.757027 -5.945368 2.717977
-15.613686 4.323203 -5.412606 1.893837 5.083050 8.452525 -6.982858 -1.135545
-8.883209 13.995304 -2.103235 -2.799877 4.548068 7.634517 -6.752546 -1.326806
1.496743 -4.046170 8.130875 -2.361002 5.763548 7.254470 -6.652363 -0.388269
-11.415401 12.273553 -2.325913 -3.539632 3.183998 8.360341 -6.718937 -1.373065
