-13.850079 1.109829 1.305845 -7.684422 -7.531724 8.021186 6.641587 4.138736
11.215829 9.269100 4.989115 -8.289024 -7.452306 7.901808 6.816569 3.819812
7.955449 0.544698 8.692718 -8.203501 -8.830712 8.233032 6.702904 3.818165
-4.588111 -3.505192 9.834746 -5.283884 -11.513368 8.464968 5.978737 5.175164
-10.731245 14.842401 15.394040 -9.274325 -6.688216 8.024595 6.636618 4.139932
8.843941 11.880408 9.386017 -2.827681 -6.962584 7.447568 8.558631 0.971271
3.570719 19.992525 10.497756 -8.652777 -8.853065 10.554678 6.627227 4.184875
-9.432799 21.359049 5.182687 -7.680339 -7.520416 8.010816 6.641416 4.138673
-5.624428 22.566833 6.563012 -7.455054 -8.698561 9.112036 6.989151 3.706047
-14.643174 14.303981 1.652230 -8.515366 -11.361382 7.775632 7.212207 3.881683
-2.898254 9.602100 -3.871561 2.798097 -8.472758 8.207270 6.918136 4.096035
11.225357 9.650739 5.236348 -7.645115 -7.537197 8.012257 6.644644 4.135788
-6.695016 18.017059 -3.664632 -10.996722 -7.600227 5.914482 5.425986 3.726898
-8.109771 17.086379 -4.664236 -6.781896 -7.430022 7.860035 6.289052 3.906112
-10.294638 -2.913335 7.138316 -6.677615 -6.825371 7.820416 6.617372 4.170154
7.145716 15.452900 0.164789 -11.676224 -10.896510 8.335440 6.686916 4.156346
11.173310 9.427762 6.834034 -7.727468 -7.539167 8.008256 6.636532 4.137449
-16.315303 13.012109 5.090479 -8.301946 -7.492980 8.215351 6.948776 4.060247
10.244023 10.155016 9.896086 -8.177937 -8.581357 10.020569 6.212781 3.314542
8.249310 10.975027 -0.886241 -2.220566 -8.354115 8.054316 6.301891 4.263934
-16.733503 9.642076 7.600424 -7.099087 -8.409083 7.751831 6.749732 4.296407
-13.877119 1.993005 10.625142 -6.060656 -7.090426 8.280813 5.938929 4.403738
3.845351 4.047568 16.204576 -8.706246 -10.658139 6.581594 6.083423 2.569980
9.555796 11.668501 0.914905 -9.280473 -4.176681 9.491527 7.173273 4.081903
-0.234740 7.861224 11.773937 -9.168793 -16.731141 11.596597 0.022062 1.353028
0.117416 22.576893 6.087698 -7.627861 -8.385201 8.443137 6.757944 5.308560
7.852313 12.695097 13.334586 -6.408863 -4.963247 7.972993 6.716059 4.114870
-4.906327 20.948184 -1.527812 -7.843783 -7.554174 8.006949 6.647298 4.175501
4.774965 0.952704 8.401220 -0.624119 -3.237852 8.921180 6.268591 4.466785
10.973873 9.797427 6.427805 -5.392818 -7.138269 7.784888 7.038176 4.744921
-0.448297 -2.836980 4.244411 -14.651075 -8.283977 8.328846 8.749460 3.552122
-15.451474 10.454753 -0.651641 -7.898930 -7.440986 7.895799 6.626719 4.143653
