-14.395032 10.686444 -13.545648 -3.309925 -6.093859 -8.556518 1.953240 2.159376
-17.509112 -1.533256 -9.288870 -8.563639 -7.277237 -8.850241 1.906902 2.530629
6.829007 11.200149 -5.794083 -4.060199 -6.310718 -7.753218 1.919117 2.159903
-18.500136 0.645339 1.724895 -7.227552 -4.846937 -7.821909 1.846364 2.289123
5.968738 -4.427281 -6.707180 -2.524794 -8.683972 -7.176157 1.888957 3.737528
4.950926 5.341352 -11.005488 -10.748902 -8.428426 -7.986007 1.909595 2.084021
8.831865 6.171812 -3.523886 -3.712443 -6.165807 -7.687249 1.938965 2.200535
8.323476 2.567585 -7.378567 -2.180930 -7.436841 -6.766345 1.346579 0.340376
7.370299 -1.370607 -6.353685 -1.000592 -7.474612 -9.404359 -0.012589 1.186764
-10.045680 0.774550 4.723781 -6.235735 -10.933393 -5.315745 9.564488 -2.839213
-16.393206 -3.513986 -11.123294 -4.952459 -7.044226 -8.545932 1.810752 2.177819
-3.259962 17.239152 -0.844053 -2.341690 -9.896997 -6.460907 2.469555 2.531353
-2.434696 -6.124614 -9.950194 4.938092 -6.436106 -7.757841 1.919084 2.175592
-20.364100 2.259092 -2.691058 -3.547683 -5.886561 -7.773953 1.902482 2.184632
6.234609 9.771909 -6.242236 0.048865 -10.204407 -6.194135 2.099116 2.492263
-6.423761 11.148994 -7.887774 -6.781824 -16.383628 -13.583108 3.344653 3.000901
-19.473304 6.175574 -8.135858 -4.736187 -6.034556 -5.828257 2.495791 1.990023
-19.558266 2.039822 -0.223968 -4.461344 -3.467244 -8.510042 1.803725 1.226973
-8.543537 6.683416 -16.913835 1.819283 -6.319310 -6.850586 1.973438 2.667424
2.607039 14.214102 1.764178 -4.425948 -8.130286 -7.381720 2.377637 1.908434
-9.087304 17.751022 -4.179167 -1.855624 -7.620937 -8.492307 2.828673 2.223648
-11.799005 16.584448 -1.666858 -1.274231 -6.688407 -8.193873 1.082722 1.908003
1.566799 -6.944112 1.988337 -3.828816 -10.146376 -9.086988 0.644665 1.153932
7.650032 6.654635 -6.131647 -4.896924 -9.940167 -4.524571 2.407875 1.067121
-14.889760 3.597935 3.971381 2.408018 -0.918401 -8.146980 3.450630 2.326058
-7.329673 4.715226 10.092950 -7.935061 -6.400989 -8.245519 2.185709 2.211142
4.909264 3.030061 -5.449823 0.128479 -10.491182 -15.593649 4.897853 2.187690
-19.423526 -1.616083 -5.590251 -4.470121 -6.559681 -7.781307 2.148904 2.100195
7.969673 8.779053 -2.616839 -4.691615 -5.430775 -6.773498 2.097416 2.245630
4.891588 -2.693700 3.616789 -6.255941 -8.093613 -7.739708 1.957355 1.987238
-20.204836 5.067296 -4.002176 -3.529745 -8.638234 -8.593453 2.460458 2.290984
-6.777480 0.964122 2.623228 -1.571635 -18.073620 -11.781191 0.206413 -0.202299
