-5.202536 -19.390499 4.176267 10.975997 -2.521556 4.482414 -2.546091 -0.464916
9.627880 -16.418611 -5.127698 6.227333 -1.920941 4.901955 -3.571079 -0.605017
-2.437208 -12.373419 -18.326571 6.663474 -0.469368 5.044338 -3.479606 -0.565101
3.316169 7.137574 -1.701341 6.744484 0.805182 4.768538 -3.566506 -0.640082
-17.388533 -2.160681 -3.603838 6.740835 0.285406 4.478763 -3.406691 -0.494441
-14.059860 2.773710 -0.846947 8.780517 1.701184 4.246038 -3.925917 -0.529353
12.416319 -8.946408 -6.479679 8.565436 -0.647189 6.160243 -3.408905 -0.472087
-15.415045 -14.761607 -0.892762 9.764531 2.281808 3.290570 -3.286763 -0.519907
1.607461 -17.876531 -8.852086 8.050680 -7.579563 3.623209 -1.235858 3.365115
-17.598776 -9.445035 -6.609645 5.516393 0.928134 6.001339 -3.320069 -0.458485
0.112172 -14.256791 9.497752 7.407751 1.239436 7.552727 -4.193194 -1.491108
3.725516 -21.370845 -3.588841 6.976982 0.794062 4.187194 -3.223010 0.216700
12.980886 -7.316576 -3.154816 7.179943 0.342574 4.449402 -3.394497 -0.474392
12.566608 -10.420352 -3.770065 5.630942 -0.155134 5.224664 -3.513786 -0.638872
10.196332 -9.786892 4.406752 5.031705 1.689943 4.274531 -3.778479 0.814470
8.354741 -18.070922 -2.798559 7.474198 -0.191936 3.954221 -4.788513 -1.076124
12.539879 -3.610622 -4.845734 7.066906 0.273864 4.482482 -3.405132 -0.493849
-2.761433 -17.068120 -8.545204 -3.503303 2.084063 2.062153 -4.189839 -2.274230
9.879864 -16.493473 -3.538392 6.760885 0.221295 4.446715 -3.359860 -0.401495
10.120543 -16.136831 -3.512824 7.455749 -0.148082 4.468256 -3.406186 -0.495468
-5.765535 -7.387566 11.043414 10.979822 0.848200 4.715386 -3.443108 -0.304392
4.053717 -18.091882 4.743361 5.497801 -2.133191 3.788603 -3.752610 -0.848341
6.235168 -11.259731 -14.417320 1.309588 1.044615 3.648760 -3.552295 -0.252546
7.361471 -10.272563 3.358226 13.392174 -6.219324 5.129580 -3.475918 -0.352096
-16.418657 -13.855604 -6.280513 7.628448 0.716543 4.487765 -3.437913 -0.527676
-1.405395 -20.728063 2.905881 8.791918 0.475048 2.774893 -3.343382 2.289732
-17.560948 -10.584939 -6.051296 5.411103 0.288576 4.419456 -3.407022 -0.494041
-4.722059 -12.321345 -17.075503 3.760300 -4.441444 4.449416 -3.332668 -0.569888
-12.793204 -5.985089 -5.259956 16.704441 0.459917 -1.488398 -2.168541 -2.016139
-9.811922 -7.750285 -0.744838 17.669945 8.366346 5.500604 -3.788984 -0.496414
10.692816 -11.349687 -0.563232 0.639223 0.283261 4.643143 -3.400189 -0.605318
-15.899267 0.526768 -5.702203 8.809134 0.272996 4.481658 -3.404728 -0.494617
