-2.101199 -10.128549 -13.948480 -4.593895 3.150782 4.510838 -8.871802 8.162634
8.728468 -15.001061 9.414608 -0.747557 5.492653 6.121693 -4.686793 3.325472
-1.035353 -0.678084 -3.446188 1.677374 8.706413 3.440509 -7.980870 8.183101
1.454410 -20.047042 -10.702454 -8.376769 4.328500 6.293141 -6.918522 6.791335
8.819304 -22.572987 0.790140 -6.032919 3.874142 5.136884 -8.712978 12.508198
20.736767 -5.773024 -0.449658 -9.226804 1.522420 4.548659 -7.295311 6.886056
-2.668967 -20.342586 -3.058151 -4.227679 4.221624 4.914502 -7.043432 6.688271
-7.022736 -8.152517 -3.103956 -5.785820 4.741314 4.799647 -7.350685 5.394137
-0.868574 -0.750120 -11.287712 -3.789767 5.093169 5.186034 -6.806524 6.878637
22.203297 -12.564894 -2.570792 -5.307447 4.696675 4.776555 -6.887774 6.644614
20.393862 -12.036569 1.170508 -10.621794 3.926197 4.702066 -6.832764 6.827357
9.612509 -3.460502 -9.195502 6.193499 8.906498 4.713095 -6.946728 5.783668
-6.417375 -14.142114 -1.933544 -5.274426 3.300643 4.002594 -7.204490 6.589310
-7.192546 -8.932474 -3.430083 -4.531449 4.098707 5.021106 -6.380135 6.893618
-5.148143 -7.519404 -7.957483 -6.294231 5.306286 -0.112497 -5.428675 6.637180
-6.772481 -6.515647 -2.504484 -4.660134 4.287503 3.576683 -5.503945 7.251106
15.482308 1.696078 -4.805187 -8.131263 0.897838 6.606319 -7.949106 7.420061
5.396723 -7.702815 -9.426986 1.963513 -0.306296 11.247246 0.999212 8.489359
-5.960838 -9.345668 -3.429232 -9.740463 3.813157 4.649390 -6.079000 3.730597
19.483655 -1.062499 -5.694708 -5.226406 4.726359 4.649471 -6.677550 6.803182
19.951276 -3.300004 -7.654680 -7.365137 4.388755 5.652539 -7.298753 6.416321
-2.183850 -9.627078 -5.254730 2.585650 7.829694 -1.315847 -7.675265 10.933069
17.139047 0.441133 -0.447865 -0.158804 4.660339 5.003429 -6.365068 5.541177
18.193035 -1.320603 -2.498386 -7.281843 3.941599 6.780790 -2.862279 3.129326
-4.107171 -13.614837 -10.313752 -6.344255 1.252157 6.388499 -7.035715 6.925998
-2.159556 -19.486319 -8.311376 -5.102439 4.639270 4.344887 -6.743005 7.009139
1.416798 -5.929243 -10.904719 3.796506 6.139363 -0.691200 -7.832143 5.778603
12.048092 -3.246853 9.635564 -4.731706 4.136436 4.624735 -6.866510 6.810335
-1.698923 0.347825 -8.650705 -5.610172 3.007176 4.442477 -6.337983 6.664139
7.739288 5.153675 -4.260451 -4.023950 4.586353 5.145715 -6.697376 7.038453
4.416020 -17.905269 -10.333409 -3.753803 -5.027556 3.430081 -7.613572 6.137384
