-2.008856 -5.623276 2.182941 -8.132484 4.288038 -1.031654 4.361081 -9.774576
11.731892 -10.937016 10.936120 0.703083 -6.207867 -1.076438 4.392130 -9.687428
-5.475908 -7.636015 -12.594981 -1.709908 -7.822899 0.228781 3.558881 -8.163543
-11.145384 -3.487478 -3.795573 1.458713 -6.930953 -1.118888 4.457069 -9.435740
5.757550 -1.685563 -12.700689 5.499158 -4.127387 -3.004256 0.355380 -7.268327
-11.849982 -8.187988 -0.839687 0.855955 -6.143561 -1.025845 4.375915 -9.686671
16.287037 0.278684 -2.387149 0.645070 -6.635863 -1.124039 4.430095 -9.497546
-10.318054 -10.814009 3.776915 -0.787870 -8.681937 -1.424824 4.673795 -9.690758
16.559337 -1.790157 -1.510862 -3.371114 -6.315609 -2.685543 3.838999 -9.259900
3.085074 -21.791310 -1.940621 0.225391 -4.244658 -2.804493 4.390421 -9.743621
-3.298476 -7.133318 11.935481 -0.283461 -1.915120 0.179494 4.229209 -8.514789
-7.247148 -17.217447 -1.104326 -2.773115 -7.186597 -1.019968 4.367189 -9.714501
-10.682112 -4.899469 3.158956 -0.653145 -5.873957 0.779434 7.384209 -10.069290
14.376258 -13.920746 -8.141091 0.968958 -5.756556 -0.877644 4.305376 -10.434130
-8.215055 -9.613427 -8.457233 0.524501 -10.501186 1.227441 2.515644 -11.970641
16.295819 -0.791099 -2.154353 -2.648316 -6.232627 -1.620614 4.411337 -8.051909
10.607503 -18.656228 -4.953956 -1.550749 -9.655320 -1.854603 4.686849 -8.925102
7.687120 7.157889 1.034764 -0.328008 -7.527653 -0.913497 4.465344 -9.490279
12.159924 -14.626407 3.355634 6.903211 -1.063030 -0.427131 1.978545 -8.316784
-9.258177 1.441021 -0.625925 -0.122993 -5.503695 -0.747037 4.290735 -9.843433
16.236788 -8.795266 4.376515 5.134852 -4.525013 -2.543696 4.631682 -8.011829
12.364405 -17.591130 -5.704624 -1.829468 -6.149690 -1.059474 4.366031 -9.700628
-3.708955 -18.643579 -0.657316 7.348010 -6.736528 -0.971281 4.242027 -8.584990
-8.490197 -7.997769 7.487766 -1.770864 -6.863233 -4.327141 5.631949 -10.743284
18.019012 -6.875804 1.161961 0.352287 -6.495647 -2.287071 3.558793 -10.488685
0.965470 6.813011 -5.759590 -0.011819 -8.589176 -1.035882 5.372453 -9.656145
18.253762 -7.195186 -1.131958 0.612773 -6.132810 -1.002367 4.302708 -9.729502
8.963146 -7.294030 9.527599 -3.358387 2.102787 -1.263832 4.486321 -8.987444
-11.327635 -10.814383 0.002583 0.010053 -6.195764 -1.019614 5.044886 -9.058130
1.437053 -0.808804 2.133237 13.107831 -10.342998 -3.907760 3.982337 -10.400219
-6.398524 -16.467087 5.494690 3.040075 -6.776606 -1.633024 4.428201 -9.977137
