-11.934991 -13.500615 1.607741 -3.151866 -2.467526 -3.937118 9.457735 9.929348
14.606108 -7.755207 -1.801058 -6.021321 -4.124123 -11.521150 13.984151 10.330367
-12.687270 -5.769742 -0.432885 -4.008037 -2.647161 -3.970522 9.467596 9.811028
17.742333 -8.655283 -0.162457 -4.103671 -2.607341 -3.951409 9.449031 9.811476
2.656204 -5.589584 -4.286432 -2.383799 11.068571 -5.654357 10.037296 5.577197
-7.676454 1.873645 1.882459 -8.373937 -3.745024 -3.975881 9.558840 9.611708
-12.509077 -4.926688 -0.420720 -4.001938 -2.644735 -3.969108 9.466043 9.810510
16.358435 -6.852276 -6.516462 -3.175820 -2.706187 -3.833700 9.552992 9.866815
-5.222114 -5.164620 11.226888 -1.433234 -0.215228 -0.242442 11.239423 10.633420
10.203297 -8.607988 12.111391 -5.596026 -2.987299 -1.887898 8.281887 12.815303
-12.813578 -8.076249 -2.114262 -4.691784 -2.562781 -4.316564 9.731045 9.797849
-11.585685 -6.000664 4.813918 -3.146311 -0.446692 -4.013998 8.946793 9.772633
-2.618888 5.001597 -5.063178 -6.206946 -3.481921 -4.199645 9.170508 9.999859
7.555645 4.372516 3.022352 -0.061933 -5.047324 -3.834635 12.422427 8.983812
-9.759152 0.315622 2.620814 -3.776343 -2.666951 -3.962444 9.455805 9.818603
-12.651515 -11.454855 -0.566670 -3.968081 -2.640860 -3.983169 9.459817 9.823636
-11.916561 -3.415359 -0.368080 -2.009360 -2.686420 -4.215322 9.347054 10.168784
17.142317 -9.930445 -1.551614 -4.390251 1.022505 -4.511245 9.906986 10.700816
0.901463 -8.124479 14.449634 -5.724219 0.236620 -4.659731 9.471696 9.774946
15.316699 -0.537197 -0.196519 -2.605523 -1.477674 -5.090040 9.787881 9.384864
17.739020 -8.340666 -0.678614 -4.153602 -2.616932 -4.233283 9.428514 9.726257
-3.626036 -4.100880 -12.116052 -10.499293 -3.190611 -3.726173 9.293480 9.505969
-2.126247 -15.357663 5.704531 3.394622 -10.564477 -1.201402 9.142106 12.113603
14.411575 -15.693598 -5.202701 -2.199227 -0.558717 -2.919846 9.064164 6.984025
-6.943145 -3.594881 2.729216 -1.001509 -7.121118 -0.080036 1.553342 7.169413
11.134511 -6.717099 -11.181666 -7.527271 -7.340276 -6.330984 9.440142 10.051321
-12.872939 -9.721189 0.229023 -4.043579 -2.864218 -3.963358 9.415249 9.846017
17.438277 -11.543485 -0.155514 -4.252897 -2.438880 -3.877143 9.481140 9.865216
7.785085 -0.662468 -7.719388 5.320440 -3.191874 -3.736125 7.509164 10.371009
-12.934257 -8.476396 -0.362761 -4.016438 -2.663419 -3.805067 9.390622 9.890350
-9.792523 -0.763187 4.715538 -3.988160 -2.619362 -3.963281 9.465112 9.807174
