-24.312646 2.300640 -0.881363 4.092564 7.610811 -8.750915 -4.159496 2.157402
-4.410385 4.854903 11.805762 4.366973 3.136794 -9.013494 -4.632980 1.997366
-12.619267 -0.710698 -15.126542 7.501217 7.443712 -8.067356 -4.289531 2.516729
-0.539470 -13.645948 -2.553196 2.325843 7.110742 -9.525451 -3.395861 2.139066
-23.782891 -3.825166 -3.100173 6.168475 11.158899 -8.961542 -4.198225 2.121427
0.946142 -12.678334 -1.636202 3.045729 6.896161 -8.844392 -4.332977 2.139618
3.270689 -3.434909 -5.242521 9.843938 10.063237 -11.297915 -2.984871 0.480343
-21.336056 1.320225 -4.529796 7.987087 13.667017 -10.896774 -1.751301 -0.686671
-15.571556 -4.154530 -9.765227 13.813209 5.052475 -8.117130 -2.530535 2.256494
-20.182820 9.158142 -3.409081 4.208369 8.093563 -8.943017 -4.489249 2.092960
-20.092740 -7.109318 -7.043059 4.536010 2.665073 -4.217694 -3.131235 2.011786
-13.738696 -10.457874 -8.960833 11.402728 10.777873 -8.158283 -4.593277 1.994125
-18.132469 -13.505252 -0.394826 2.634117 7.417190 -9.816654 -3.247028 -0.891623
-24.251749 -3.871032 -2.253935 6.589436 7.608783 -8.735400 -4.173309 2.194181
3.291601 4.225503 2.238765 -1.508094 9.361115 -9.769819 -5.453316 2.965037
-23.947616 3.556524 -0.337876 4.066594 7.651421 -8.760699 -4.171563 2.178487
-24.726362 -0.284911 -0.490787 3.848764 7.688544 -8.709825 -4.128161 2.201351
-14.326818 -13.124275 -8.823370 4.313946 6.870726 -10.809716 -5.169540 2.278664
2.158156 5.932903 5.890594 3.789097 10.513247 -8.667710 -4.838676 1.941637
-2.710111 8.791202 -9.268469 0.570198 7.620877 -8.670700 -4.176146 2.196802
5.470327 -1.433604 -3.217894 1.274451 8.311347 -8.564906 -3.249589 2.205727
4.220528 5.775557 -0.855958 4.237301 7.585390 -8.392439 -4.013628 2.124533
-16.594473 2.332006 12.135833 3.354120 10.597934 -9.497960 -4.056106 3.108579
-22.283731 -9.285338 -0.948312 2.482821 8.666663 -7.717863 -3.552305 3.920098
-16.230580 -13.435474 -1.634771 8.132504 2.555462 -8.189485 -3.444258 2.186793
-14.054742 -13.591333 -8.630460 3.402512 7.768015 -8.488394 -4.272294 2.376998
5.522269 1.683874 1.715352 4.388521 7.631197 -8.847147 -4.130073 2.127986
5.954964 -0.806849 -0.272339 4.554326 8.438341 -8.367797 -4.534704 2.112891
-19.370726 -9.089706 3.564367 6.508550 8.708390 -3.247600 -3.899689 -2.648230
-19.602539 9.125894 3.329258 6.028824 8.828317 -9.921723 -4.189731 2.191469
-24.104885 -5.854117 -0.836580 4.017468 7.621175 -8.753102 -4.173405 2.195556
6.005742 -1.491967 -0.536185 4.038469 7.657306 -8.753700 -4.173799 2.194039
