8.335261 4.780330 6.859952 -6.463793 -2.597952 -8.156515 6.086395 9.473790
11.415570 -4.570935 8.716076 -5.960733 -2.458916 -8.751394 6.324046 9.271242
-16.098433 -15.428388 6.266779 -6.574098 -2.242539 -8.539501 6.530080 9.446033
4.147072 -2.349000 -4.390620 -2.555391 0.101609 -8.294107 5.817841 9.981971
-17.569796 -12.282917 10.286435 -5.349305 -3.855344 -8.086990 6.062882 13.063343
-20.442206 -5.090377 7.782170 -7.118736 -2.431584 -8.938126 6.327079 9.265402
1.791187 2.675530 20.310778 -3.741560 -1.703745 -8.658786 6.121291 9.337830
-4.425013 -20.164493 10.626210 -5.944523 -4.266711 -9.241864 6.249006 9.432980
-2.239565 2.327633 -6.264716 -6.905905 -2.221875 -8.819932 6.282442 9.222519
6.703614 -14.932771 3.795744 -7.877642 -1.176961 -7.793303 7.217097 10.154294
-17.949604 -7.002994 14.560373 -4.609999 -1.584241 -8.473605 8.891727 5.691359
-10.546466 9.134308 2.553494 -5.972616 -2.599427 -8.882672 6.355311 9.258293
6.743366 6.565974 8.646986 -8.337233 -2.116312 -8.603282 6.288646 9.247320
7.599569 -11.590616 9.306897 -6.873193 5.350142 -8.354542 6.253636 9.243733
-0.924735 -20.077887 6.516749 -6.452119 -2.016138 -8.814604 6.557552 9.058321
-2.111562 -20.303979 7.461234 -5.300561 -2.269811 -9.149076 6.211099 9.108392
-20.325213 -6.665097 7.789351 -6.709474 -2.213728 -8.745609 6.315361 9.271969
-20.365715 -2.904451 8.014337 -6.682319 -2.495871 -8.933825 6.209290 9.333454
-10.607389 -18.162343 12.168847 -6.821772 -4.180435 -10.305848 4.272508 11.476417
11.258293 -6.849229 6.997445 -6.884474 -2.531644 -8.929879 6.329646 9.307537
10.960757 -8.491083 8.443353 -6.695381 -2.218902 -8.749989 6.313912 9.271025
11.302571 -6.294407 9.086681 -6.732473 -1.955657 -9.273953 5.941401 9.447816
11.028815 -3.375860 5.123955 -6.187174 -0.310836 -8.852505 6.507755 8.924279
5.672487 7.649258 7.170576 -6.875338 -2.308873 -8.140102 6.292282 9.272724
4.544178 -5.988432 19.774526 -12.132748 -2.031903 -8.408734 6.391768 8.975220
-7.368600 4.257203 12.445040 -15.620070 2.068656 -14.990781 8.620708 7.174436
-20.460286 -4.649180 7.923571 -6.648607 -2.209357 -8.753463 6.311273 9.270836
-19.492204 -6.586259 12.220069 -6.774354 -2.198237 -11.453506 6.805047 9.435387
-2.784910 -16.359232 1.062874 -14.503857 -2.463746 -10.818378 6.245717 9.205994
4.105466 -10.916071 1.056716 -1.332542 4.423520 -6.118484 5.386414 5.602914
6.650108 0.987511 -0.762433 -11.181775 -0.552814 -8.462141 6.354655 9.243220
-20.440317 -4.762983 8.597233 -6.344328 -1.984572 -8.616709 6.369655 9.188557
