6.069318 9.569705 -6.472569 7.357528 2.925805 6.312775 8.347270 -8.123890
-10.601295 -6.355764 -13.689216 5.508230 2.880990 6.804971 8.028924 -6.468772
-22.854973 2.437666 -8.568123 8.987341 3.622545 6.113130 8.511135 -8.039511
-23.795696 5.072789 -6.681960 6.373551 2.270466 6.340602 8.516779 -8.059252
3.578549 2.456284 -4.516574 -0.082345 1.588262 6.443544 8.401743 -8.290379
-2.662313 -3.007616 -16.788520 4.774552 2.689625 5.983760 8.439873 -8.218698
-18.359624 -3.298624 -2.807580 6.322184 0.769382 6.752168 8.384814 -7.922057
5.826417 3.515243 -8.394749 6.851658 2.221220 6.340617 8.360218 -8.099393
-23.499295 4.629286 -7.010327 9.013811 1.917273 6.144207 8.605738 -8.012971
-18.088424 -2.405230 -3.746635 2.110357 0.910660 3.723526 6.412626 -9.735466
-0.075305 -3.384265 -3.518161 3.984200 4.755689 3.422613 7.810478 -8.252807
-9.027413 11.355617 -0.575583 -5.976624 -0.208358 4.938969 8.725558 -6.576964
-7.873005 6.573481 -18.412570 4.898309 9.434422 6.734980 14.803231 -12.556306
-21.747977 -0.017133 -9.525381 6.394838 3.616352 8.009278 9.288495 -7.158615
5.187148 5.634167 -2.311117 7.553130 2.363638 6.233177 8.511126 -7.788856
-12.872697 -2.536444 2.113743 10.482982 3.426548 5.142218 8.284553 -8.377810
-17.910052 -1.340313 -5.957234 14.152421 -0.476279 5.635025 9.055120 -8.870951
3.757981 1.474660 -2.077966 4.268844 1.441508 7.024591 8.202756 -7.922948
-0.984619 20.096892 -9.028092 7.711170 1.573256 5.206973 8.526991 -8.223230
-19.447769 3.261831 2.138926 6.525018 3.366660 5.125193 8.744670 -7.119359
5.327250 12.391514 -7.496354 8.321862 2.484148 6.374818 8.427545 -8.177141
-5.994426 -6.562959 -12.962432 5.752339 1.847422 5.347122 8.287447 -8.017693
6.336166 7.397189 -7.623020 6.346940 2.235109 6.371360 8.473559 -8.072105
2.161874 4.378079 -12.138214 14.595472 2.666307 8.643751 8.486829 -10.888265
-15.767328 20.557958 -10.288697 5.978202 2.056066 6.344662 8.467516 -8.073067
-17.870624 1.166595 1.216044 10.722479 4.835308 4.113812 8.412942 -8.092241
-16.786637 11.301600 -4.342828 0.320809 11.687635 10.055364 7.972938 -8.241994
-23.962317 6.295754 -7.658025 6.137154 2.323111 6.363960 8.476794 -8.069541
-8.321054 6.689547 -21.943613 4.093871 0.833799 2.351288 8.767853 -6.190460
-23.997696 7.102996 -7.716032 6.375830 2.253449 6.363247 8.477495 -8.068469
3.975362 8.429146 -12.007607 12.891567 2.413132 7.654706 8.304712 -6.595026
