21.623785 -9.885486 9.821008 6.207301 -8.897515 -9.309533 -9.208277 1.431653
17.507973 -12.718686 18.222409 6.505576 -9.140905 -10.085917 -8.877654 1.562571
7.261128 -18.971787 1.942096 2.285843 -11.265844 -8.154377 -7.171376 -3.804746
-1.280831 -20.324019 10.997447 6.833188 -9.314686 -9.351941 -9.178938 1.426231
-5.558625 -15.094315 8.932400 9.729933 -9.778737 -9.837076 -9.724608 1.817925
-6.223884 -2.676836 10.408078 4.875578 -7.915693 -9.336696 -9.233962 1.420809
18.570600 -2.920836 8.090130 4.197185 -2.108168 -9.236005 -8.946985 1.372901
-3.699144 1.537917 8.576769 6.438021 -9.020948 -9.290418 -9.213044 1.412103
16.626378 -10.378413 13.963389 6.010639 -2.313894 -15.909795 -10.316014 3.882762
16.056315 3.089447 9.196567 5.814843 -8.046913 -9.374307 -9.196669 1.351089
-2.760111 -15.849144 3.287309 3.131459 -7.196697 -10.380259 -8.491336 -2.691739
13.477139 -7.371521 -3.990088 3.988496 -8.368959 -9.312215 -9.309673 2.023621
-6.802183 -9.666662 11.564852 10.104685 -8.250991 -9.998982 -9.128096 2.243086
19.837848 -6.583252 6.775890 5.931488 -2.340914 -9.330348 -8.975373 2.063999
13.965266 -21.332621 9.928653 6.007616 -9.004462 -9.264394 -9.525932 1.444865
21.075733 -5.040639 10.149675 6.730103 -9.122512 -11.301115 -10.459044 1.365167
9.102240 -5.482415 0.170132 14.825408 -11.513583 -3.432840 -5.366810 1.325541
21.720630 -8.851881 8.972566 6.450542 -8.920098 -9.315592 -9.209395 1.407844
0.788213 -3.481004 18.571364 -0.123327 -10.202026 -10.535703 -6.578178 3.492650
20.531754 -7.555286 13.531939 4.921965 -9.332499 -11.561444 -7.437504 2.212732
4.479625 -5.857343 20.505552 10.357170 -8.320251 -10.227689 -13.255738 7.323153
-7.596032 -9.232512 9.142329 6.230215 -8.918617 -9.354930 -9.222984 1.428110
7.011320 -20.395282 14.396918 2.665816 -11.300698 -13.865434 -8.186646 0.839643
-6.340371 -8.171132 14.046511 3.449270 -8.429981 -9.323358 -9.227311 1.450286
0.306785 4.502041 7.698500 5.991212 -8.582849 -9.157331 -9.595955 1.990895
20.170024 -11.316853 8.398715 4.555701 -13.481279 -6.160922 -9.178099 1.048391
-7.592956 -8.371278 9.143164 5.959767 -9.411181 -9.103264 -9.669989 1.490131
11.857171 -11.717381 -4.220282 3.750591 -10.126976 -8.622596 -8.970995 1.433178
12.077048 -10.070124 18.781990 4.680673 -12.038245 -15.945106 -6.655570 -3.705506
18.005573 -5.855035 10.381822 12.118642 -16.285174 -9.542724 -9.409200 1.123766
-4.974100 -11.498373 2.456002 6.398262 -5.116499 -11.278985 -8.624001 0.288675
