-1.687481 -1.086045 14.316600 11.684692 -1.997499 12.114250 -1.359725 1.424597
-2.633735 -2.808285 -4.485783 16.450523 3.392530 9.916501 -1.960592 1.698324
5.791775 -3.074353 7.490970 18.280082 0.491359 7.962743 -4.200802 -1.726638
1.742818 -19.735530 2.497743 12.120426 -3.537734 8.196180 -5.580855 -1.687561
-15.861689 -6.204297 2.587399 9.582848 -4.385979 8.568919 -4.807453 -0.346000
2.048400 -1.092842 5.016566 10.073109 6.093012 5.957943 -0.925331 -4.056405
-15.842399 -5.703409 3.386211 9.443009 -4.382558 8.583375 -4.801428 -0.365009
8.146274 -3.076974 10.501965 13.148598 -4.615141 7.555155 -1.536269 -1.520754
-8.146186 -1.160195 -8.079003 10.841065 -3.728608 8.589875 -4.820946 -0.388312
-11.724538 2.260515 -0.178973 9.333075 -2.046167 6.755116 -4.526043 0.320826
12.067502 -5.951645 2.567396 9.464612 -4.349518 8.601579 -4.801299 -0.388535
2.447947 -6.661644 -7.450114 13.351574 -1.633784 13.410190 -9.234951 0.375710
6.931252 -15.810480 -1.312088 12.720138 -3.705013 8.982194 -6.367178 -1.129387
-15.247224 -2.651036 3.854404 9.986076 -4.911448 8.656830 -4.569525 -0.037405
-14.118489 -13.059507 1.462466 8.201605 -4.705332 8.269356 -4.126500 -0.341553
2.211652 -6.721904 1.740557 13.718910 3.249893 2.918612 2.855254 -3.500206
11.389738 -7.741993 3.807905 9.628281 -3.861742 7.413323 -1.684961 2.093723
-0.114774 -19.675056 0.788673 10.053923 -0.490774 8.355607 -4.804326 -1.641720
-5.525365 -5.443356 -7.708455 13.307418 -11.023019 10.728146 -5.737798 -0.926486
-14.567423 -0.743223 3.504682 9.265795 -4.420054 8.584754 -4.804875 -0.352868
-14.527210 -11.599797 0.417312 9.646822 -2.609191 7.760017 -5.456154 -0.436053
-14.837453 -2.268217 5.968590 9.069317 -3.981669 8.765856 -4.428115 -0.157526
-5.843371 -14.702169 12.407546 14.665439 -4.886182 8.790675 -4.693927 -0.249725
11.870246 -9.017849 3.404478 9.712494 -3.873271 8.816330 -4.829167 -0.391491
-10.950459 -1.751390 -5.537156 5.903095 -2.741643 9.177516 -4.447948 -0.259600
-13.522684 0.996215 4.418781 8.927687 -4.395294 8.583755 -4.844267 -0.371549
-14.869818 -2.019633 5.479671 9.603853 -4.505875 8.583648 -4.809395 -0.354242
1.514434 4.492599 6.644268 13.251536 -5.011866 12.931849 -5.360652 -4.000842
-14.682892 -11.731753 4.466383 7.497050 -4.644748 8.231881 -4.805394 -0.364360
-9.207654 -3.880778 9.648415 16.210005 -11.028992 9.599257 -4.920334 -0.109859
-15.486076 -4.642887 0.815389 10.776760 -4.382602 8.634904 -4.826120 -0.373312
-15.766897 -6.488449 1.942118 8.153239 -4.601933 8.822018 -4.793201 -0.325002
