6.017655 0.292961 15.261615 -4.122851 0.590711 -3.333158 -7.325226 -3.703811
2.505358 4.849527 -8.383321 -5.263995 -0.016737 -4.199745 -7.424324 -3.429660
10.118564 -1.271637 3.474294 -8.301417 0.325198 -4.312990 -7.473077 -3.498493
13.762353 10.028820 5.332037 -6.289721 -0.048693 -4.228406 -7.467546 -3.467965
5.450593 -4.887871 7.452118 -6.264005 -0.235733 -4.012661 -7.472422 -3.505336
-12.309931 11.593784 0.720855 -5.314946 -1.225729 -10.025801 -7.580756 -4.168754
2.107147 4.071220 -7.996511 -8.896958 -1.043109 -3.863097 -7.980027 -3.127784
-12.558273 5.023937 -1.864507 -7.087903 -1.674991 -4.276061 -7.564357 -3.367186
-7.354755 17.395769 9.909079 -2.015165 1.192863 1.606560 -7.561800 -3.575524
11.863590 0.803575 4.709267 -6.205935 -0.760653 -5.161668 -7.430057 -3.495170
0.686144 21.135746 11.120449 -4.813241 0.214709 -4.449405 -7.611133 -3.004840
0.649449 0.782574 15.434039 0.841974 -0.724079 -4.157763 -7.539362 -3.248573
12.433073 4.030106 2.348107 -3.333415 -1.737676 -2.467831 -7.589899 -3.910126
-11.211615 7.406033 2.309725 -10.825369 2.091196 -6.559230 -5.050840 3.518033
-0.615458 6.783902 0.006056 -11.181406 -12.500822 -3.997100 -7.502707 -3.491892
-14.980779 8.097551 5.367218 -6.362473 -0.034277 -4.124717 -7.432883 -3.551188
-0.534108 -2.640730 -2.768977 -11.006960 0.952332 -5.996998 -8.914164 -3.535728
-10.789743 13.563250 -2.031318 -2.818072 -0.572948 -1.608237 -7.360279 -3.469315
1.019066 8.555699 3.244800 -20.039925 -3.545838 -3.998671 -6.770959 -3.925477
-8.381625 19.647760 2.059330 -4.812821 -0.081623 -3.842082 -7.501079 -3.488636
13.047045 11.340445 8.887356 -6.884772 -0.199034 -4.237937 -7.474308 -3.478470
-3.531346 -1.306541 -5.220057 -6.623735 0.432708 -3.817832 -7.595575 -3.686620
-9.367475 2.942035 13.058804 -0.795594 -1.954078 -1.267064 -6.234590 -3.094214
1.697852 8.985036 0.576035 -7.325004 4.047879 -16.720786 -5.308867 -4.685823
2.215781 8.711431 -1.857791 -1.024531 8.340659 -11.332769 -7.399664 -3.386593
12.786899 6.475701 0.349025 -8.049599 0.569827 -3.988412 -7.707188 -3.361885
10.887424 13.060124 -0.650456 -6.634203 2.564567 -7.387489 -7.956927 -3.179642
9.823643 -1.973813 5.653797 -6.271669 -0.153029 -4.224530 -7.447866 -3.464236
-5.622025 15.643427 7.954654 -14.478470 5.284981 -2.076013 -4.227768 -0.657680
13.735995 7.298980 6.672562 -6.134610 0.880231 -3.431555 -7.216316 -4.212710
-14.117661 4.781146 7.802538 -4.491271 -1.378977 -5.623488 -7.054714 -3.702843
13.438652 5.401053 3.268534 -6.729606 0.714368 -4.870523 -6.777622 -3.442861
