5.394633 16.195696 -2.643439 13.288361 2.123958 -7.233389 -2.306479 -1.025821
9.062433 4.967987 -10.073007 7.584054 2.494614 -8.266770 -3.215602 -1.165661
8.769627 11.162303 -7.454739 11.048222 0.574240 -6.485938 -3.354238 -0.879506
-8.880797 -2.192686 1.958084 -0.707489 1.078501 -8.333993 -1.847883 -1.337982
-6.434329 -7.644840 -4.398919 10.994194 2.503779 -8.816977 -3.059199 -1.329743
-18.227712 9.411423 -3.114157 7.281213 2.554544 -7.872119 -2.981945 -1.305682
-18.013744 5.752509 -0.187210 8.408830 0.631168 -7.861044 -2.925373 -1.181488
10.521326 6.785611 -3.416153 9.482506 2.507501 -7.913678 -3.163874 -1.336020
4.325655 8.546532 7.801024 8.199214 1.046154 -9.723975 -2.837700 -1.404081
-12.739671 -5.166291 -5.291854 8.081505 2.381965 -7.940650 -3.149004 -1.334868
-6.325648 4.058320 -7.538515 15.098967 -4.305815 -16.042025 0.737140 2.447900
-12.112244 -4.811003 -2.862667 12.498704 1.422306 -8.613644 -3.161495 -1.472690
-11.484647 12.791533 -14.541676 7.858666 2.341479 -7.917173 -3.151320 -1.326920
-0.912729 20.119783 -6.464668 6.736517 3.398389 -8.918899 -3.268943 0.659238
-18.131603 3.872476 -1.229219 7.880894 2.284153 -7.990296 -3.187085 -1.310220
10.061765 10.293787 -3.576495 8.376235 2.182870 -7.878313 -3.144374 -1.391814
-1.576009 20.698645 -2.545369 7.060180 2.664840 -7.923011 -3.277893 -1.366986
8.831716 9.605084 1.395756 4.793930 2.411545 -7.946550 -3.135088 -1.327804
-18.144884 7.738726 -1.563355 7.027476 2.854012 -7.083362 -5.049936 -1.702154
-5.525270 18.907503 -10.337877 8.820397 4.512500 -7.417226 -2.774288 1.045706
-18.340926 6.443170 -4.472176 10.711857 2.122352 -7.895348 -3.171794 -1.348190
-4.622521 18.984052 -11.053295 7.405176 3.059765 -8.111652 -3.106845 -1.815018
10.570217 5.869913 -3.515909 7.702937 2.385409 -7.725547 -3.206874 -1.205832
8.749083 8.530888 0.998536 5.396625 -1.240423 -7.429040 -2.483706 0.089862
-4.725636 12.590635 3.682108 12.149273 -7.532402 -5.805248 -2.912434 -0.445961
-0.625084 13.189558 -10.297922 18.388460 -0.420677 -8.683125 -3.358403 -1.011239
5.284253 2.371480 0.646358 14.810881 1.292908 -3.421628 -4.195234 3.586402
10.178018 3.752137 -2.078548 9.457636 1.909665 -7.923160 -2.861976 -1.266156
-18.356979 6.697590 -3.718569 10.404510 2.146295 -8.895084 -2.900023 -0.697166
-15.062184 -2.990594 -4.586990 7.035847 2.272686 -8.081933 -3.148010 -1.345205
-12.160580 13.893067 4.937435 11.073765 1.066724 -6.162189 -4.088580 -0.822001
-16.729852 2.128915 -8.121153 10.017806 1.350237 -4.987496 -3.795320 -1.485857
