-3.397863 -18.860756 4.773414 -3.048939 8.979262 -3.338990 1.948831 -0.477264
12.863577 -11.198926 9.686245 -7.594662 7.677039 -4.636549 3.606496 0.443177
-14.821778 -6.012692 8.777236 -5.627115 12.058540 -5.307493 2.767991 -0.021435
10.535331 2.979594 10.981347 -10.436310 10.545940 -3.714195 2.651789 2.267642
14.218463 -3.898201 7.681372 -4.173803 9.764768 -3.936509 2.753692 0.072012
7.266974 -17.922787 8.352545 -6.132459 9.675089 -3.962727 2.995958 -0.026406
-9.747425 -16.149721 5.226104 -6.724693 8.486083 -3.629587 2.664508 -0.274719
-1.656454 0.870208 21.357304 -3.942658 10.584950 -4.980337 1.326509 -1.159650
-8.397406 3.565047 15.898860 -4.200102 8.562748 -5.254213 -0.600095 0.586940
4.762245 -16.254783 7.533626 -2.115385 12.273587 -10.785228 2.270714 -0.155779
9.817970 4.809274 5.427258 -4.577630 9.634643 -2.606727 2.468350 0.760966
-9.665781 -9.125959 15.524431 -14.145828 9.974516 -3.374888 2.237924 -0.094779
-14.067293 -2.823793 11.237363 -10.148724 9.533911 -3.961136 3.023297 0.039415
8.604449 -14.404519 7.973046 1.087243 9.402784 -2.293068 2.979628 -0.087641
-14.205613 -10.373213 8.452136 -6.805220 9.537970 -3.952167 3.008656 -0.104158
12.549274 -10.723879 13.066023 -5.762233 9.364844 -3.970917 2.986214 -0.052884
-13.995041 -10.853837 8.862578 -6.315106 8.608002 -3.925418 3.048002 -0.002400
6.199954 4.531159 16.210139 -2.468507 9.901195 -3.232205 1.498579 -1.587567
-2.410738 -14.296878 -0.236180 -13.730493 9.749275 -4.173969 3.211532 0.191093
13.419988 -4.805646 12.786951 -3.163225 9.407029 -3.339662 2.651353 -0.179671
-3.470268 -19.302298 5.181181 -5.240049 8.955243 -4.397144 2.722869 0.010887
-11.160487 3.454175 7.846199 -6.826210 6.863971 -0.778004 0.239764 0.629572
-0.467313 -10.580719 22.165825 -6.002773 9.521918 -3.813872 2.999779 -0.046950
-0.649860 -4.293883 7.188545 -11.101261 8.943403 -12.983922 -7.060174 -2.946814
7.791893 -14.862211 9.101395 -12.717701 11.241989 -2.016741 4.380733 2.598665
-10.864892 4.947232 7.254076 -6.247478 8.496128 -4.825251 3.349276 0.772976
6.092284 6.768124 8.263502 -1.187673 6.674214 -4.132338 2.965530 -0.010752
14.083108 -5.991215 10.986457 -7.546431 8.748387 -3.843306 3.080630 0.058291
-8.910046 -17.310285 8.249670 -6.112835 9.352738 -3.926981 3.031785 -0.088602
6.052719 -14.927535 7.525214 -9.056260 17.749191 -5.660115 4.010514 -1.771563
-0.920382 -19.168055 10.642804 -3.426796 12.977883 -3.830309 3.677728 -0.201812
4.510685 -10.353046 20.591112 -1.736162 9.383996 -3.929475 2.590459 -0.727125
