16.209879 -5.810906 8.425475 4.115071 -6.964034 1.628913 -0.163138 -8.243821
-4.197680 11.801305 8.558573 4.829299 -6.894052 1.765383 -0.184054 -8.215344
-11.404636 -1.261642 8.483437 3.007721 -8.188624 -2.071920 -0.920122 -7.599982
-2.058950 -12.275261 -0.001854 4.070852 -7.408885 2.328068 -0.518732 -8.560505
0.691908 5.685782 5.551255 -6.375939 -7.277981 -5.016843 -0.513088 -8.639038
-11.637671 1.579354 6.408995 4.654069 -8.184603 1.073506 -0.106948 -8.232991
-11.647306 -0.202170 5.923430 6.549429 -7.472088 2.021247 -0.194472 -7.701123
-1.355327 -2.458926 -4.686494 9.808805 -7.160222 1.792104 -0.392950 -8.540092
10.225275 -11.809926 12.210424 7.756120 -8.982421 2.008766 -0.655730 -9.023063
12.242923 2.723040 12.753026 -4.777212 -6.539070 2.084299 -0.088526 -8.439970
-0.511615 11.770780 13.840149 4.930724 -8.482195 2.193520 0.145484 -8.184962
16.864538 0.813761 8.489654 3.598838 -6.703477 1.900266 -0.059302 -8.228914
-4.020016 11.852003 8.996623 5.010492 -6.973848 1.539216 -0.179963 -8.048182
-3.745749 -12.425299 14.627605 3.979894 -7.493050 1.803450 -0.264780 -7.855200
14.946992 -4.650235 10.461044 4.453783 -6.502522 -3.865120 -1.861860 -6.701980
1.238255 -14.164774 10.196453 -1.498411 -6.530525 3.072234 -0.717327 -8.894418
16.993034 -1.523888 7.664096 4.308835 -6.996391 1.665499 -0.254121 -8.151980
-0.746372 -8.055572 4.291358 12.173322 -5.651085 6.307560 -1.026773 -1.135544
-1.329917 -13.567460 7.673293 2.005616 -3.967745 6.849886 0.421391 -9.469349
6.818283 11.310825 2.064098 2.777214 -8.058306 1.767464 -0.303137 -8.245270
15.092656 -5.250271 8.218489 9.674901 -5.791552 0.721747 0.367151 -7.279311
17.004798 -0.989233 7.812678 4.081116 -6.926999 1.721775 -0.138745 -8.217593
7.262674 -14.652370 7.843824 2.143026 -7.431337 1.818271 -0.147047 -8.157279
13.790200 -4.969612 2.679083 -1.964225 -7.822800 2.787852 -0.801621 -7.683437
16.472957 -2.951764 10.158976 2.522422 -9.018913 1.397600 -0.468926 -8.421714
16.047015 -6.130627 9.194375 4.072789 -7.251068 1.768127 -0.014476 -8.257304
4.496549 0.865266 -3.811951 -2.867306 -9.467884 1.067529 2.505955 -8.476149
-5.177073 9.310577 14.202809 1.502330 -6.925211 1.744147 -0.161344 -8.220384
-11.421545 2.906047 6.838262 4.918913 -6.427063 1.745133 -0.210747 -8.213045
2.566792 11.074580 8.922356 12.000052 -7.012568 1.367304 -0.110487 -8.528180
2.856079 1.139868 4.110920 9.487194 -8.176504 13.269562 5.047329 -7.717498
16.750523 -0.198271 10.071273 5.614958 -6.542368 1.750242 0.027267 -8.287096
