11.269020 -2.872153 -10.486734 -4.091298 5.016392 -4.273029 7.391168 4.256149
-15.426668 8.599458 -9.874763 -6.363522 3.240206 -4.594017 7.652078 3.752740
6.795638 -7.792785 -8.675290 -6.244911 3.683835 -4.577099 7.668986 3.817798
10.521740 -4.439608 -8.308405 -4.762417 3.272924 -4.779926 7.690667 3.704189
13.958696 5.184986 -9.131637 -6.413741 2.755035 -4.549433 7.694349 3.821000
12.241282 6.425504 -14.741689 -8.339334 5.616807 -5.239439 7.898887 3.716574
-2.327836 -3.295500 -20.380768 -10.277390 2.751612 -4.481508 7.792805 3.712685
4.944708 17.027690 -7.520810 -3.297244 6.236722 -8.491137 5.011987 2.237392
-9.402803 14.012504 -7.732536 1.426892 3.986847 -3.670359 10.264816 3.160937
8.517021 -1.630709 -16.972519 -7.341397 6.196617 -2.000189 9.483611 4.467227
-15.212807 0.434791 -9.080385 -6.411111 3.295500 -4.705744 7.631364 3.798249
11.729647 12.855601 -8.890309 -6.204531 3.293671 -4.672546 7.622389 3.793452
3.431102 9.130165 -3.618878 -18.912564 1.943289 -6.432492 7.419782 3.772607
-15.175017 4.588760 -12.448811 -8.693229 4.317907 -5.293321 7.237416 4.383220
-1.803083 15.142798 1.973143 -6.722406 4.392093 -2.517006 8.497346 3.416451
-5.810545 16.258902 -0.551358 -3.664567 3.305077 -4.686671 7.617005 3.809200
0.566310 14.163272 0.709716 -0.372886 2.938710 -7.185428 9.573426 5.498158
-6.248277 2.454804 -21.997688 -6.071623 6.487517 -4.187810 8.205210 3.568327
13.975051 4.685358 -8.577549 -6.508541 3.375872 -4.715787 7.635884 3.799624
-12.924988 4.077097 -17.421581 -5.111750 3.625847 -4.005047 8.237942 3.335793
12.110394 12.091933 -8.638546 -7.700471 3.159870 -4.617204 7.645197 3.776348
-7.191050 7.032769 -8.273090 6.943144 4.767650 -5.022788 7.002077 3.962102
13.699015 3.131559 -6.786666 -5.611420 3.846680 -4.248900 7.652601 3.195028
1.149107 -7.675332 -16.069523 -6.228250 4.670098 -5.837723 8.168957 3.303165
-15.788100 3.649008 -9.616233 -6.179350 2.189654 -4.751657 7.852563 4.039611
-9.722513 16.983260 -7.599072 -6.108296 3.142003 -3.671212 8.125876 4.411183
-12.622407 9.544908 -2.393166 -1.117289 3.439236 -4.932740 7.564903 4.043798
-15.341748 1.627587 -6.239560 -6.072616 3.532148 -4.670468 7.622504 3.791476
12.167383 5.690709 -8.690656 -0.465242 6.163760 -4.706127 10.266116 3.837062
-13.523859 7.367106 -2.525741 -11.184654 3.286906 -4.672976 7.615777 3.783538
-11.704112 -0.623080 -3.262848 -1.578648 1.981795 -9.146940 6.512866 2.355247
-7.589549 -3.648581 0.901205 -3.155185 4.674351 -3.252026 7.620040 3.788506
