-2.955949 14.751958 10.424840 9.779228 5.199408 -12.611834 -7.148288 2.286908
12.635266 9.748676 4.111443 2.886973 7.537373 -6.713094 -7.597768 2.720397
4.129470 6.491341 -11.474458 4.621157 0.222205 -3.964545 -5.700475 5.445319
-16.023533 3.821886 1.308015 8.087974 5.092235 -6.745525 -7.607064 2.670431
-13.339402 12.429899 0.538448 6.570490 5.306265 -8.651443 -7.464231 3.364154
3.123801 -10.780826 4.935024 7.292258 5.414738 -7.215385 -7.637170 2.842833
-0.229434 0.031218 -14.054177 8.062586 5.398455 -7.178646 -7.647008 2.834884
14.805278 7.209383 -0.104318 7.959137 5.963498 -7.354787 -7.519527 2.763027
-7.294720 15.924292 -4.608258 8.733407 3.664000 -8.125748 -9.118616 6.554773
5.054845 18.451066 0.398907 8.314910 3.880325 -7.120940 -7.152197 2.774168
-3.561706 -3.844494 14.243602 8.125424 5.658854 -6.614155 -7.586374 3.023455
14.205531 2.836137 0.991873 12.780660 3.586853 -6.484952 -6.187677 2.366594
6.535694 11.029900 -6.460343 -1.363451 6.395296 -7.012587 -7.598677 3.268921
-0.020990 1.515598 -10.724270 15.255609 0.701447 -5.250955 -8.012925 7.293600
-14.940154 2.619375 2.070735 4.021138 2.333286 -7.788426 -9.182228 4.400982
-11.415484 -6.707501 3.205497 6.044039 5.788977 -7.689767 -8.761396 3.162314
-15.420101 7.894484 -0.024053 7.023963 4.451298 -7.054683 -7.810466 2.723596
5.251426 -3.245847 9.297450 17.327831 6.075230 -9.335731 -6.758554 2.924328
-5.340539 7.962412 -9.864296 11.489129 8.465746 0.681015 -7.651938 3.028516
-11.036855 14.465826 3.597227 9.515127 4.619887 -7.362560 -6.165034 -0.086382
14.276182 0.985231 -2.791768 6.790664 7.236466 -7.222812 -7.695277 2.682479
14.549359 7.316323 3.721198 9.303860 5.414213 -7.208909 -7.635133 2.845728
-5.443392 -2.201891 6.025543 20.383523 4.820219 -5.683984 -7.682906 2.251058
-12.133502 0.806924 9.076027 7.858132 4.885986 -12.929322 -7.711571 2.890915
5.578475 1.485812 8.986727 19.547639 3.077606 -7.905169 -7.608838 2.889732
8.787575 -8.071765 -2.820036 7.799588 5.858766 -7.286175 -7.649184 2.453014
9.078750 3.883645 10.094247 12.818037 2.582426 -12.512944 -7.066587 6.424645
-7.836620 10.248275 -2.612371 14.920831 -3.847290 -7.061884 -8.534853 2.101321
11.520784 10.475508 -5.500930 4.043780 5.435466 -7.209320 -7.636118 2.845321
-12.549990 3.543217 5.986197 -0.114834 7.227204 -9.050798 -7.378105 2.351732
11.568629 -1.165506 4.796679 10.744135 1.330776 -10.379767 -7.202245 -2.274999
15.137181 4.365275 2.327005 8.632312 5.067609 -7.143680 -7.643576 2.844632
