-1.643837 20.473516 0.978616 4.754826 1.048376 5.172394 2.724481 -0.600798
-12.993710 12.915329 -4.655440 12.967418 4.225889 5.280039 2.524395 -0.171410
-12.508777 10.778368 0.118010 4.126537 -6.546760 2.904067 3.858869 -3.454738
5.343813 3.121822 0.956098 6.841293 5.973630 3.491575 -4.297896 0.171330
-3.029693 3.187598 15.117107 12.509778 -1.471799 2.612602 6.825540 -0.965884
-15.717020 16.231054 4.960125 8.274505 2.572881 5.376424 2.811772 -0.777002
-16.562661 7.900918 -3.125258 9.224786 0.612562 6.192572 2.268842 -0.134910
-12.715256 14.521602 -4.712025 10.566883 3.204560 6.660785 1.724534 -1.540836
7.917617 7.610864 3.649071 4.002827 1.253868 1.310009 2.931277 1.490109
-17.311405 1.437856 4.114780 8.406175 2.281852 5.405470 2.812694 -0.782241
-17.924261 11.615619 5.368532 9.234844 0.625916 5.069182 3.234901 -0.681804
7.190746 13.511231 7.295035 4.884105 3.011855 4.346812 2.532819 -0.128171
-18.579636 7.441955 5.733286 9.276766 2.781546 5.553693 2.931259 -0.880442
9.083780 4.167994 4.768568 8.510114 2.344351 5.411653 2.811627 -0.777332
9.358169 5.441115 3.903500 8.528126 2.282741 5.420149 2.808931 -0.783775
-5.046575 12.556336 5.879765 0.894852 12.906605 5.934273 4.046232 -0.564891
7.849379 1.476208 1.447257 8.460329 2.366334 4.797085 3.057270 -0.693627
6.521565 14.687125 8.337943 11.017416 2.292410 5.250048 2.938502 -0.777899
5.045949 -2.034571 6.681124 6.550349 2.582874 5.638836 1.052859 -0.332192
-7.252523 -5.685640 4.935995 4.759909 3.397352 4.958627 2.704162 0.043396
9.213971 9.532476 4.068550 8.848819 0.878517 6.653642 1.780583 -0.886878
-18.350893 10.771407 4.307118 8.423987 2.298210 5.413146 2.810159 -0.776783
-16.205347 0.823094 1.282434 7.462636 5.498675 5.646219 2.425955 -0.773737
9.086138 10.670214 3.963638 9.936379 2.359989 5.879785 2.547245 -0.743797
-13.847949 4.184165 -5.660341 6.079558 1.985392 5.474052 3.849262 0.461177
8.532014 3.409872 0.943491 8.416322 2.292905 5.413882 2.808279 -0.776242
-4.573822 -4.550658 10.735426 10.366250 1.920596 6.243595 1.492085 0.218759
-14.785406 14.953981 8.509573 5.386864 3.961708 5.349576 2.334342 -3.787822
-15.493174 16.190782 1.893383 9.711798 2.344237 4.870233 2.869700 -0.788960
-18.562091 9.586317 4.497343 8.029790 2.231705 5.337850 2.797645 -0.782406
-7.321779 4.077956 0.964001 -4.037784 -0.980305 6.537133 4.522027 -0.515158
