-24.236717 -1.019606 6.075284 7.533963 -0.265450 7.381999 8.786711 6.034158
4.282930 6.463178 1.524773 7.165009 -0.680079 7.162839 9.014981 6.235774
-21.060048 9.816490 6.536188 8.007615 -0.198347 6.951404 8.599894 5.956525
-24.017203 0.538247 1.723954 7.851613 -1.572189 7.498472 8.842842 6.237669
-24.060020 1.731740 4.456144 6.368961 -2.454623 6.290221 9.795376 5.148220
-4.192087 -12.303635 0.496124 3.364552 1.137910 6.629990 9.276255 5.671121
-1.915215 10.137014 -4.301387 7.276770 0.745980 7.676235 9.107921 5.954060
2.766856 -2.906335 4.369281 7.401400 -8.152329 9.915373 10.671620 7.302041
-9.873006 15.141567 0.863280 8.301513 -0.488055 7.209679 8.865785 6.061936
-6.639953 -4.573330 -3.861936 4.462002 -8.535741 11.653993 11.065595 10.753497
-21.043099 2.702450 13.672698 5.083145 -0.187766 7.498642 8.702013 6.356029
-15.279417 14.429128 4.805380 6.832041 -0.445108 7.419955 8.825146 5.938369
4.436235 5.162388 8.276614 6.198014 1.893818 7.518101 9.856452 6.018164
-8.936732 -1.974102 -10.152803 7.532397 -0.372973 7.259536 8.859181 5.495837
-17.821797 -11.166702 7.711760 5.798061 -1.490222 6.867508 10.726232 7.037389
5.736593 -1.065193 4.472408 6.682505 -1.242782 7.402765 8.837349 5.944142
-19.269250 -4.554951 -4.949661 4.842572 -1.075817 7.678483 9.765040 6.489326
5.819805 0.767140 5.263221 8.431732 -0.603924 7.605011 8.822933 5.961557
-21.322660 -8.504908 4.820644 6.545895 -0.630389 7.649322 8.795610 5.925652
-18.292589 -10.247467 2.138342 5.462283 -0.158741 6.261931 5.338881 3.455704
2.962745 -8.325535 4.807182 7.514575 0.015263 7.487785 8.977861 6.354373
3.600662 6.423504 7.682769 8.371787 -4.414160 5.769381 9.324082 5.300314
-1.279754 13.159320 6.928162 6.172712 0.091251 7.156595 8.733700 5.742292
1.053608 -2.912829 11.935896 6.044355 -7.549338 8.281894 10.984116 5.914048
-14.277517 14.364093 3.674083 5.279181 -3.100535 6.978054 8.763529 5.886783
5.536557 1.771166 6.748043 6.617349 -2.332972 7.539098 8.597524 6.022952
4.569710 6.505917 3.263435 7.011744 -0.346502 7.432209 8.823878 5.946026
-0.556687 -4.158411 15.983977 5.316869 -0.054843 7.570883 8.823802 6.020470
-4.310278 14.824141 4.675947 8.166950 -1.011703 7.368031 8.982434 6.026404
5.073874 -3.797972 6.303676 8.602050 -0.614177 8.004791 8.840921 6.157293
5.691091 -1.265628 3.636347 7.558440 0.461583 7.522611 8.780002 5.976582
-1.910435 -9.951725 9.946770 7.707611 -6.412130 7.259485 8.884624 6.719724
