19.559946 1.274554 6.381578 -5.215661 4.456619 2.829205 -2.056046 -9.778850
2.898536 -15.569293 7.574263 -5.284784 4.448617 2.804929 -2.089846 -9.722099
-2.012082 -7.827721 -1.463821 -1.617884 7.404310 -0.636582 -2.459401 -8.928527
17.210459 -5.706328 7.001952 -7.268568 8.535760 3.343361 1.707016 -6.781194
-7.173670 -9.270938 5.746480 -6.355231 2.995488 2.825873 -2.164728 -9.830215
7.853255 -13.354103 14.807549 -1.746338 4.194295 2.581489 -1.893888 -9.186044
13.060041 6.665597 3.510315 2.764691 7.593734 1.686652 -3.270798 -7.577803
11.341187 -9.345887 13.003641 3.990341 4.588252 2.901239 -2.024478 -9.665843
0.181088 -9.830770 6.042583 3.333663 2.713141 -0.366677 -2.055604 -15.236345
-0.759046 -3.483649 12.158824 7.404961 0.965184 2.529328 -1.946303 -8.868177
18.013586 -2.478128 6.776999 -1.335644 6.223110 7.721401 -1.216977 -11.273907
11.730360 12.486349 6.717328 -6.172837 3.437434 2.007822 -2.020176 -9.757806
-0.879635 -14.211392 6.709289 -7.654434 6.036735 2.800178 -2.193274 -9.729723
19.286760 1.947685 11.166020 -5.277627 4.372905 2.757069 -2.035935 -9.782575
-10.181041 -0.592652 9.412518 -4.529463 3.316651 2.874279 -2.049139 -9.707840
15.651031 -10.580545 8.461652 -4.814217 5.065085 5.687738 -2.654315 -9.490909
3.083930 -7.298124 4.180238 -17.038805 1.609301 0.159842 -4.312324 -8.077262
-7.729424 -9.045690 8.271889 -5.229927 4.448354 2.830734 -2.064376 -9.777540
-9.452106 0.482464 7.494093 -3.609289 0.890131 1.391603 -3.921293 -8.509304
-0.856353 -14.602765 7.733625 -5.156637 4.372818 2.721701 -2.114049 -9.776962
19.790132 -1.164449 8.597418 -5.221150 4.429211 2.838452 -2.059071 -9.714313
-6.234475 -0.245469 3.321120 -5.397109 -4.262659 2.847815 -2.509555 -11.927063
17.394133 1.927710 3.207474 0.574628 3.547939 2.972800 -2.031579 -9.746911
19.785140 -1.339785 8.315006 -4.982594 4.460006 2.827930 -2.057495 -9.778415
19.086287 -4.958176 7.541117 -6.648348 4.464619 2.831525 -2.057412 -9.778384
4.024600 -10.620368 8.080132 0.885315 6.965703 7.537263 -0.450629 -17.401181
19.116219 2.027238 6.451311 -8.307780 4.853219 2.588692 -2.115834 -9.848853
2.673746 -14.120214 14.553816 -5.565586 5.431122 2.876103 -2.072644 -9.773634
14.876917 7.774141 15.490521 -4.592122 4.093442 2.952012 -2.052013 -9.777795
-7.917625 -4.504200 8.340052 -3.243784 11.164549 4.148942 -2.444545 -10.047041
0.809095 -14.582374 5.430785 -5.024935 2.229932 2.838179 -2.173243 -7.834335
6.419382 -9.949691 19.962653 -4.858357 4.686879 2.816759 -2.058836 -9.779176
