10.001384 -7.534016 5.764365 4.131712 -12.842387 10.053405 8.935158 -7.087459
-2.283986 -1.900129 10.074488 19.265079 -2.904290 15.815593 11.021898 -6.186117
-15.914160 -7.085481 10.686730 9.593559 -8.589512 8.046196 8.577891 -5.520075
-9.090806 7.657929 17.652318 7.351214 -8.882321 7.942328 8.579063 -5.645240
11.068726 -8.246903 8.314747 10.795805 -11.394634 8.548877 10.928314 -5.706464
2.397700 -11.926242 2.060123 12.580896 -13.990045 7.876116 11.987669 -4.448261
12.770807 0.189847 9.909002 7.506132 -9.397909 7.914184 8.031195 -5.751608
9.941743 2.988691 2.062448 7.759434 -9.591971 7.866128 8.675941 -5.762135
10.104279 0.262159 1.229952 10.223297 -8.469584 6.242716 8.587787 -5.201516
-15.353206 -7.340217 7.012238 7.568579 -9.921508 10.505975 7.763090 -4.641836
-7.435295 11.292985 9.218390 10.211952 -7.520664 7.937045 8.496869 -5.491977
-7.874272 -6.390563 22.232624 7.788547 -10.702418 7.720302 8.380010 -5.288021
7.220428 -11.509960 14.466341 13.147688 -9.367281 5.609906 8.678103 -6.972523
6.213607 -9.283017 0.020436 7.058744 -6.460266 3.784214 8.476082 -5.631340
-13.099548 -1.342965 13.677175 -0.412279 -9.055801 7.108335 8.571629 -5.468326
-16.214322 0.508039 7.364012 7.952579 -8.575553 6.670088 10.010635 -6.695660
13.050232 -2.898246 9.343946 8.268009 -8.588211 7.847674 8.573441 -5.644100
5.615565 4.064935 3.237797 7.059175 -13.239797 1.877543 10.344138 -0.565436
12.826056 -3.511621 10.476549 6.294827 -9.142327 7.829068 8.567143 -5.591618
12.842575 -3.963319 11.269693 8.753443 -8.851716 7.848843 8.561524 -5.637636
-15.035126 -9.376397 8.611341 8.494102 -8.621444 7.903273 8.573248 -5.623901
-7.277590 -16.207601 7.782700 8.353324 -8.615729 7.921922 8.572926 -5.642257
-7.234749 -4.291420 2.690982 -0.203323 -12.130804 2.167653 9.852446 -10.831800
-2.365289 12.317564 8.660648 7.613795 -9.125471 9.174717 8.547319 -3.769171
-2.801347 -11.515854 -2.082696 10.695336 -9.001125 6.480782 8.518802 -5.741549
12.308404 1.210103 12.339708 8.483575 -8.634729 7.856741 8.578966 -5.660001
10.891877 4.043038 11.741249 7.505049 -8.793781 10.987918 6.983134 -5.489803
10.527366 -5.513204 2.020840 5.999343 -8.810272 7.461877 8.388612 -5.671412
-15.644428 -5.856922 6.827677 9.965354 -9.715715 5.265350 10.381358 -4.843608
10.323443 -4.353790 7.553504 7.148598 -12.446717 2.766673 13.404742 -6.907304
-1.953440 1.577109 20.313324 16.015239 -6.633407 10.590141 4.861271 -7.275232
