1.612119 9.020637 10.034130 2.830398 6.278132 -4.838865 -4.649687 -2.464542
12.110202 -9.318732 -1.814844 -1.105249 3.418638 -8.345517 -6.001357 -2.127964
2.304153 10.609026 8.284640 -0.406718 8.219693 -8.394381 -6.271508 1.180787
-10.523751 -10.104782 5.331733 3.407193 5.481233 -7.553121 -5.144164 -0.693938
-0.371272 -5.569450 -12.471719 3.464926 2.199879 -0.337953 -9.948712 -0.236773
-2.614695 -6.537953 3.515967 8.321867 -0.217029 -7.493790 -16.644746 -0.801058
-5.224591 -14.620008 4.230852 0.245038 7.151061 -6.653594 -6.809783 0.476440
-13.723367 -5.328289 -0.795546 -0.860473 5.763879 -10.792602 -8.350155 1.586064
-8.563554 4.139113 -2.626455 -8.083529 -0.668231 -9.117159 -6.608855 -0.047644
14.698737 -5.369253 -0.150945 0.852670 5.092238 -6.902153 -6.762432 0.527897
-4.670582 -4.470887 3.934226 12.638572 2.827173 -11.337996 -6.127884 4.838241
-15.118946 -1.397044 -1.987931 1.058797 5.189014 -6.538963 -6.729766 0.468343
12.622827 6.712586 -2.875708 2.832204 6.453588 -6.926718 -6.650524 0.625667
-1.198864 10.738304 -9.585979 0.065755 4.346938 -6.331122 -6.450082 0.363153
1.916429 12.125311 -1.602202 -3.972479 0.264508 -7.074403 -6.314096 0.149462
-9.434700 -9.984671 -7.356803 -2.775558 5.484387 -7.100297 -7.054955 0.497437
10.507197 2.377798 -8.539966 7.456320 5.930121 -6.213989 -6.738026 0.464043
-14.028752 -0.973097 4.266652 -1.834209 7.171423 -6.344600 -5.416538 1.100566
9.121857 10.753281 1.317164 2.780724 4.319549 -7.689213 -6.742674 0.463949
-14.706645 -4.391083 -1.835981 -0.563102 5.188356 -6.541479 -6.729985 0.470211
14.940340 -2.836786 2.063521 -0.510372 5.213401 -6.503384 -6.749788 0.468626
8.589111 4.784117 1.887274 11.886623 3.902586 -6.527084 -6.548858 0.977154
-14.731748 1.875665 1.496837 -0.372919 5.066283 -6.170091 -6.682814 0.492961
-8.686932 -9.531346 -8.714190 -2.825710 5.723965 -6.610566 -6.610397 0.717827
6.754570 11.070569 -5.671606 0.338617 7.272398 -5.494958 -7.713921 1.465936
-14.692748 -3.876731 2.551630 0.689066 5.798265 -6.961082 -6.700690 0.588238
7.781922 -1.338558 -1.959101 -11.598971 5.831050 -7.830940 -8.959592 -1.137664
7.446156 10.783748 -5.889673 -0.473249 5.493136 -6.908083 -7.033221 0.366081
-14.457152 1.736510 -3.818389 0.515556 5.847324 -6.284345 -6.899889 1.236816
15.243497 -0.784939 0.570914 1.120944 5.824547 -6.871592 -6.936002 0.454704
1.760662 8.685021 -8.422625 9.016731 6.395046 -5.756787 -6.578917 0.403648
-14.079143 4.553298 0.408708 1.267502 5.035510 -6.644100 -6.756045 0.518247
