8.507956 -20.490663 -3.957481 2.079142 6.337429 -7.436168 -7.260113 -4.941644
-9.321825 -5.371427 -4.673758 11.214334 11.778840 -8.239668 -6.306260 -5.641720
5.882241 -21.717369 -5.709059 3.704701 7.545062 -6.589902 -6.716364 -5.511340
14.479555 -0.408908 -7.914803 1.872246 3.602242 -4.600820 -6.611051 -6.741551
8.842777 -14.512008 3.711324 4.101631 13.475650 -6.474896 -6.179998 -5.407835
4.040087 7.492929 -5.549556 3.561048 7.324267 -6.469496 -6.815130 -5.483328
-11.812880 -3.113819 -6.434851 3.679842 7.489547 -6.529997 -6.689475 -5.521551
-9.757608 -10.460921 -3.024428 4.447042 5.548917 -13.606833 -6.648418 -5.335546
9.504980 -19.800127 -9.102749 1.946955 7.443636 -6.499066 -6.764387 -5.447238
11.226399 -19.112578 -4.187982 4.051219 7.788698 -6.946171 -6.863359 -5.380981
17.289748 -7.271199 -5.700606 3.807527 7.593237 -6.605737 -6.738660 -5.508029
-4.807546 -15.499949 -15.036694 -0.291910 7.486388 -6.967785 -6.704422 -5.510909
5.098471 -19.452500 -6.817463 -3.390188 7.714011 -6.542070 -6.602643 -1.779796
-9.850954 -3.302636 1.480844 3.681507 7.884752 -6.793661 -6.887614 -5.592139
16.847169 -10.813640 -5.467217 3.892882 7.064376 -6.575963 -6.666470 -5.417508
-12.341001 -5.999496 -5.384541 4.054006 7.174733 -6.316056 -6.436916 -5.706784
7.693995 4.699474 1.181083 3.461157 7.880502 -6.958930 -6.867504 -5.439849
-11.671638 -5.643588 -9.507175 1.813660 6.571055 -5.538924 -6.810582 -5.622402
12.764491 -2.571705 2.325770 -0.293429 6.230860 -5.679060 -5.102746 -3.510972
17.146062 -6.984533 -4.421262 4.623534 8.361561 -7.249037 -6.291888 -5.413983
11.368663 -16.684082 -2.335191 -0.091746 6.263402 -6.260197 -2.780577 -2.636225
17.196835 -5.733426 -5.233393 3.923431 7.548146 -6.591747 -6.719656 -5.513781
15.664473 -12.647881 -8.460686 4.768296 10.199607 -5.319799 -6.543811 -5.280126
-8.144197 -16.473974 -2.614873 5.835791 5.910202 -8.882705 -6.100129 -4.720080
4.103249 -19.680400 -6.319215 3.908536 15.498686 -6.458539 -7.093206 -5.743719
17.141276 -5.787016 -5.579958 5.053924 8.064251 -6.573164 -6.528074 -5.535587
17.283243 -7.746949 -5.797096 3.684129 7.550959 -6.594087 -6.720226 -5.513414
1.671940 -1.530524 -3.824571 15.998808 4.383943 -10.115024 -3.802662 -4.625314
16.045186 -13.221815 -5.829364 3.840923 7.538274 -6.582823 -6.719872 -5.514390
-5.323586 -8.076156 6.357285 3.769033 6.931633 -4.763465 -4.198250 -6.341609
-9.115307 1.183389 -2.915140 2.327334 8.346152 -5.712622 -6.135240 -3.636540
-6.360413 1.407138 1.690474 4.527038 4.641318 -5.747709 -5.636669 -5.915091
