-23.760349 12.558476 -3.194451 7.237669 1.006066 5.895547 -9.072264 8.766984
-10.843430 -6.944449 0.562344 6.493469 0.657318 5.930835 -9.065781 8.708923
-24.647839 8.615320 1.083753 7.158013 1.439900 5.821268 -9.003091 8.564990
-22.578257 11.218311 -5.098567 1.813069 1.737065 5.972293 -9.061897 8.690903
7.636624 9.157773 1.249424 6.700226 0.797864 6.144041 -9.018572 8.716449
-7.406031 7.314902 -14.790675 7.232802 4.197520 6.467207 -9.037708 8.570840
-5.123561 24.399928 0.560607 9.885663 -1.094415 5.914912 -9.084300 8.664386
-12.049680 20.315625 11.426482 5.000453 2.394486 7.541299 -8.042067 7.976680
-17.373796 -4.374695 2.385062 6.256566 0.844514 5.873304 -9.145326 9.045459
7.578332 8.238406 0.830900 5.415989 0.624760 5.572885 -9.046035 8.614519
0.440188 8.053099 -1.636636 -6.448015 2.449084 6.415392 -9.661329 7.980381
-14.084797 15.160935 -13.033721 7.347008 1.161123 5.779587 -9.072901 8.666156
1.945370 21.128534 -1.439309 6.131480 0.689005 5.405942 -9.193108 8.178270
7.638184 9.141207 1.116644 6.914932 0.563372 5.919319 -9.069053 8.701540
-23.896325 8.692101 -2.938795 3.445029 1.100643 5.648063 -8.741971 8.088890
-22.380006 12.254795 -6.349645 7.113947 -1.850650 5.381156 -9.469721 9.204426
6.757633 10.066732 -4.331057 6.155142 0.840526 5.753550 -8.970218 8.720806
-24.566822 7.350833 0.902270 7.279427 0.446617 5.406392 -8.956650 8.404494
6.308757 2.780518 1.654071 5.461810 1.044354 6.093108 -9.155907 8.761943
-11.195992 21.736355 3.114894 1.857673 -6.883586 8.650844 -8.296368 8.038105
-24.654200 9.921590 0.594853 6.438242 0.581711 5.846057 -8.907599 8.354254
-6.787862 -7.017171 1.136193 6.564384 0.572407 5.735666 -9.021935 8.703897
-6.855170 -2.935815 10.452499 2.437214 -0.964539 6.157140 -10.229719 9.680703
-21.039174 8.463436 -8.322115 10.878647 0.457593 6.765588 -8.756945 7.611218
0.133489 17.622158 -7.267838 7.256006 -5.337700 8.306814 -10.960418 7.477291
-22.613950 1.186033 0.168083 7.054982 0.542414 5.775073 -8.784110 8.878043
-4.651415 3.998613 -13.388796 6.067805 2.793954 5.896588 -12.026574 10.979632
6.037021 7.734174 -5.415567 6.073321 1.315830 8.491212 -10.266981 8.791388
-14.908931 5.257854 15.020039 5.615530 2.614944 5.925288 -9.219856 8.630347
1.662737 7.460746 -2.274153 11.897285 8.636224 -0.678273 -11.703652 10.524301
-11.872950 9.089961 14.798681 4.595045 -6.289028 7.407682 -9.363419 8.398763
1.957451 19.865886 1.066398 12.144187 -1.195007 5.980368 -9.000736 8.640993
