-4.706109 -4.233760 3.208314 -0.797496 -7.056373 -6.683383 -1.466857 5.286525
-15.596974 7.693329 -5.121906 0.930398 -6.882210 -5.773860 -1.326667 5.096842
-0.145756 10.622098 10.010289 0.809810 -7.186545 -4.238002 -1.350431 5.787658
-15.598578 7.818818 -4.976980 0.791079 -6.878065 -5.776978 -1.326976 5.097408
-5.006038 -5.508070 0.918462 0.105839 -6.728045 -6.181386 -1.297407 4.967053
-10.457032 2.816860 -14.876192 3.794696 -6.683938 -5.778067 -1.332394 5.096887
14.306591 9.590296 -3.976285 -0.148139 -11.086909 -7.202982 -1.350664 5.124682
1.012378 16.540054 7.121324 3.863877 -6.252090 -5.281094 -2.555026 5.013575
-15.119017 4.103276 -4.454251 1.061112 -7.284791 -5.695785 -1.312383 4.706134
8.951159 13.231171 -12.880608 -0.312888 -8.895030 -9.947979 -6.684646 8.111137
3.442155 22.270066 -7.912220 -1.413036 -6.731261 -5.583387 -1.857902 4.656422
-14.100274 14.243426 -6.585184 0.734839 -7.061778 -5.766874 -1.305535 5.083814
14.118611 11.673662 -3.293622 4.185424 -7.824209 -5.732251 -1.143618 5.252325
8.900441 -2.952223 -4.197547 -2.302963 -1.780218 -5.626865 -1.226701 4.394669
13.217804 10.972942 -6.486748 -2.191991 -12.670974 -6.525198 -1.679293 5.206330
-12.376321 5.862907 -8.885954 -6.575393 -10.668083 -4.973626 -0.635929 5.184449
-13.590357 14.817303 -2.109343 0.203339 -6.989514 -5.749543 -1.337327 5.087527
9.756391 18.075474 -10.021162 3.210681 -6.561700 -5.513250 -1.272888 4.977925
6.755582 6.859156 3.623637 10.125582 -8.556657 -4.885251 -5.204454 7.595564
4.645984 18.607241 -14.719059 -0.227582 -7.338011 -5.831781 -0.763777 4.956844
7.507124 10.958036 2.710243 2.593001 -4.320008 1.754353 -1.898376 -1.239628
-14.470206 12.558354 -2.368636 1.972074 -8.347886 -6.456190 -1.334140 5.104924
14.214788 9.451296 -6.700451 1.018250 -4.409745 -3.256312 1.211531 6.830140
-2.985860 1.054448 -9.538379 -8.048927 -5.906888 -6.776369 -10.273763 3.651460
-8.211555 20.108852 -0.376273 0.850238 -6.912205 -5.869855 -1.415196 5.279291
-14.652724 13.110940 -5.250082 0.447153 -6.911975 -5.755423 -1.320198 5.094233
-15.041695 4.327272 -5.994268 2.364496 -6.343689 -6.596180 -1.145130 4.709020
2.375886 -5.831445 0.724575 3.436944 -5.310334 -5.927627 -0.743821 5.718797
-12.586432 -0.388580 -5.101736 3.368006 -9.792559 -6.213046 -0.584697 4.604830
0.305978 0.619975 7.033643 -2.221119 -10.946133 -9.359620 -0.559022 4.754882
12.273903 4.935753 -7.405170 1.043386 -10.496777 1.008153 -3.175872 3.328363
