3.181807 15.739910 10.615270 -2.744395 1.569972 1.065139 -2.643601 1.493753
-0.412740 15.689988 6.534958 -0.538100 2.891571 -9.957874 -1.329404 2.977767
-13.333344 4.277048 4.773944 -0.220243 5.365524 -2.697517 -2.384467 1.500976
0.288439 -3.857833 11.773896 3.232074 4.577622 -5.362784 5.040498 8.129208
12.046584 -2.354957 4.103357 0.914458 -1.188812 -0.063771 -4.190590 -1.905861
15.072343 7.896477 2.341619 -0.631660 5.137164 -2.669880 -2.402693 1.527470
-8.551462 -5.090921 5.012915 -5.601380 8.605863 -4.402836 -0.831147 0.815787
15.456716 -0.525971 4.183619 -0.134028 5.000245 -2.655950 -2.382650 1.507060
13.501726 11.712871 4.201424 -0.540205 5.144540 -2.668564 -2.398867 1.612826
9.686496 5.353914 1.396386 7.153935 0.435070 1.549640 -2.558696 -4.065564
0.123250 14.864203 12.895802 0.318448 0.664042 -1.230911 -3.312023 0.079299
15.317893 4.743185 5.624941 -4.705686 5.300842 -2.781670 -2.372423 1.528447
-13.151628 5.979339 5.327459 -0.314879 5.407890 -2.646730 -2.375587 1.506301
0.822764 -9.525102 6.141300 -6.723519 6.698639 -2.107603 -3.620839 2.387099
-12.905403 7.130934 5.225676 -0.275058 5.285889 -2.693478 -2.400992 1.387554
5.257077 16.449341 10.957524 0.538568 5.016303 -2.994380 -1.839724 1.426276
-8.887600 4.441545 -4.332092 0.266465 1.190136 -2.271918 -2.077708 1.639059
-10.648810 2.037166 8.083791 -6.198136 10.340634 -1.152471 -2.664378 2.329491
-6.951833 -8.046050 8.826945 1.096393 5.388260 -2.655697 -2.383242 1.511860
12.792374 9.027781 -1.834976 -0.262314 3.605387 -1.844123 -1.736597 1.437675
-2.698594 8.946813 8.338907 12.416888 4.930784 -2.475056 -2.492450 1.476610
-2.266841 8.723426 12.035541 8.796648 -1.227615 -2.959626 -3.019025 -0.458578
-13.354563 3.008412 5.225915 -0.291455 5.464277 -2.756893 -2.392242 1.534784
13.162926 0.522801 10.155261 -3.062820 -0.517829 -3.628544 -2.227586 0.811024
-6.796232 -6.656601 12.138354 -0.070525 5.428302 -2.880062 -2.255381 1.455607
13.159008 -4.041668 1.805959 0.178576 7.866790 -4.057630 -2.360241 1.510584
14.473077 6.726440 6.414522 -0.062632 -0.141860 -3.496121 -3.371115 1.266244
-10.139265 -5.689139 4.892313 -0.195768 5.409550 -2.649374 -2.382730 1.507775
-9.975688 -2.581282 10.560128 -4.046609 2.842733 -1.146471 -2.144952 1.999732
-13.208487 4.123899 3.423238 0.403714 5.570636 -2.254745 -2.224060 1.657928
-9.336305 -4.061618 8.014588 5.654262 6.767047 -2.882357 -1.683799 2.099773
0.072970 16.439395 0.527038 2.153430 3.717955 -6.084042 -4.323906 2.151255
