4.236191 1.327640 -3.757799 -6.479184 6.809737 0.047077 5.739475 -2.033734
-20.758471 -0.945299 -5.779192 0.000594 2.314055 -0.198415 5.392888 -1.982745
-5.776063 13.543491 -12.043790 -3.968803 5.072650 0.166214 5.760953 -2.042298
-0.516032 -8.768562 -5.761588 1.167634 4.812746 0.671399 5.659829 -2.203217
1.919126 11.366966 -1.353422 -3.000699 5.102181 -0.698516 5.999204 -2.130328
-16.161642 8.718189 4.533580 -0.606953 5.151782 0.394388 5.549710 -2.839906
4.823259 8.059706 -4.709406 -0.282312 5.354253 0.102348 5.764046 -2.027521
-8.633643 13.433393 -11.705308 0.642367 0.544009 0.596117 5.359922 -2.610705
3.736157 9.681256 -4.915671 -1.232879 6.595978 1.047625 5.697823 -0.276145
-0.332597 -7.009239 -10.826653 0.379113 5.183380 0.104847 5.777639 -2.035549
-20.846220 4.178861 -8.611757 1.389103 6.125030 -0.078945 6.499156 -2.419710
-4.241444 -10.513908 -4.190698 -1.545933 5.623448 0.011388 5.764005 -2.021934
5.041169 -0.014862 -7.411082 2.290014 4.893882 1.175647 5.772212 -1.986029
-14.185380 -7.826050 -0.330734 4.227692 5.650688 0.120340 6.008624 -1.836411
-14.471889 14.720490 -3.385303 -0.992736 4.889581 0.093220 5.908570 -2.016734
-3.576520 7.007145 -11.596512 8.929115 2.491635 -2.560807 4.121136 -3.418188
-20.141278 4.303978 -0.366771 4.008275 4.893631 -0.224130 5.698119 -1.882703
-21.485932 2.078381 -4.454077 0.562101 4.302612 0.524033 7.228605 -2.610950
-15.939157 -7.695114 -7.959100 1.974559 5.380701 -0.702685 6.110960 -1.895214
-20.562739 -2.681785 -4.330211 -0.249429 5.386887 0.196619 5.849632 -2.052008
-21.386080 4.708068 -4.215964 -0.222663 5.736764 1.651460 5.606953 -1.086250
-14.562705 11.310394 0.192218 -3.093694 -0.816061 0.946849 6.581698 -2.772823
-6.440611 5.154184 -10.595015 -4.993554 9.493362 -5.700026 -0.016094 4.325460
-20.737012 -2.161298 -3.683410 -0.016293 5.359491 0.101694 5.763629 -2.027827
-13.937279 11.429553 -11.057184 -0.203963 1.746062 -4.667087 6.017907 -2.729728
1.936861 6.508079 1.211328 -1.111459 -0.655857 -2.197157 6.562037 -0.602555
-6.470622 3.132795 -13.310531 -10.745012 6.576472 -1.291864 6.036419 -1.817154
-3.459221 12.217638 -7.759418 -6.373059 -0.381534 0.074254 5.623266 -1.361052
3.828681 8.433672 -4.748851 -0.918741 9.288305 -0.560013 3.803268 -2.061268
3.802573 -1.961768 -3.453508 2.652529 9.738583 1.648518 5.712317 -1.973520
-15.549726 -7.129285 -10.476472 -0.724625 4.799868 0.105368 5.795072 -2.039289
1.589895 10.794903 -9.630709 0.639644 8.408846 -0.080116 5.764859 -2.087276
