-25.240757 6.408996 -0.463679 9.409051 2.950827 2.357797 0.786946 1.611683
-7.240629 18.690013 3.259295 4.223410 2.400726 2.080721 0.273775 0.925336
-7.208388 6.154035 8.184055 -1.805308 -1.328622 0.434642 0.152054 -0.615622
0.757622 15.957977 0.145591 8.136325 3.501041 2.619889 0.575551 1.699634
-11.054580 16.783888 3.670979 15.880690 -0.893593 2.879686 3.648440 -2.036558
-15.206608 -7.037262 6.266642 5.177245 2.559697 2.177549 1.176091 1.879790
-0.857416 -4.941892 6.891769 9.208315 3.520453 2.835731 0.238830 1.849786
-13.588914 2.349353 -6.602253 8.575286 15.705742 -0.675007 0.713536 -0.929530
3.569068 10.281611 -4.562545 12.032490 2.665328 0.579257 0.660539 1.479867
-8.363473 -10.221366 -1.468361 9.895275 3.880934 2.729339 0.223712 1.095266
-21.388744 14.576113 -0.141211 12.989925 2.569286 2.335648 0.803206 1.607698
-13.318596 -7.828893 0.432764 3.203186 6.373602 1.494923 -2.042044 2.735328
-14.982661 12.153604 -12.886524 6.791277 2.664396 2.372266 0.866181 1.524024
-18.764055 15.781856 5.956041 9.560614 2.526469 2.377218 0.784123 1.611174
1.771246 -4.826524 -0.969928 8.049035 4.121514 2.345034 1.206049 1.580767
-4.782279 17.059632 7.522725 9.505312 3.026247 2.220877 0.784239 1.610024
-23.096602 11.611299 -0.320967 6.774730 -0.348290 1.392978 0.484361 0.799568
-15.136806 2.466386 4.385007 -1.985997 5.336489 -4.215599 1.826398 1.602244
3.787886 3.395661 -7.082711 11.080083 3.225240 2.121031 0.702522 1.668690
-11.977266 -1.398821 -0.040793 0.191775 -3.827604 -0.596945 -0.787596 8.685096
3.273437 1.102442 -5.191491 12.720759 -0.684550 2.592586 1.687925 1.023854
-16.678259 14.723269 -2.990487 0.064117 4.469511 1.377978 1.202165 1.325534
-3.255869 18.783101 -1.170468 10.658372 2.934685 2.346074 0.829693 1.575654
-0.635840 13.519758 7.837600 11.626926 1.514886 1.841181 1.351246 1.097537
-22.326240 -0.589307 2.494579 15.553758 3.300353 4.421325 0.733174 1.701333
-0.528933 -1.738754 2.184059 1.063819 -1.803617 0.518617 0.620850 2.536766
-25.211643 5.342796 -1.364270 9.079219 3.060633 3.534760 0.042144 1.760979
-2.865502 18.612198 -0.140629 9.948739 1.984344 2.429075 0.661084 1.618809
3.667587 1.717875 -6.939731 9.517924 2.928540 2.371966 0.806517 1.614686
-22.790876 -3.016308 2.105855 9.183446 3.018987 2.326238 0.803019 1.626852
-11.508538 -2.854589 10.438306 10.205509 4.201952 -2.571468 5.500139 -0.326960
4.994354 8.557293 0.608018 9.016152 3.024559 2.592409 0.679998 1.457966
