2.187325 16.904668 -1.991505 9.579810 -3.514169 -5.991717 0.028426 6.652089
-5.551189 -7.283965 -5.763556 15.395932 -2.183122 -3.986728 -1.637908 8.170946
-16.437552 4.491644 -1.619532 3.452025 -5.360496 -4.543525 -2.932378 8.428239
-6.093619 -8.499125 -4.229494 4.564667 -5.993735 -3.023565 -2.048242 8.556818
8.698513 11.624334 -2.157066 10.980532 -3.326545 -3.960510 -1.971588 8.815593
-6.567491 3.640844 -0.591006 -5.089315 -2.696761 -4.146752 -2.008636 8.700122
-13.856096 -4.400795 2.891440 10.039916 -1.819995 -6.258994 -1.914527 9.053578
0.383280 12.793346 10.099166 8.550399 -4.510556 -3.353676 -1.808606 8.843180
-9.705342 15.314501 3.933024 13.389280 -3.666532 -4.000169 -2.300776 8.468828
3.614291 10.214663 10.091513 7.399404 -4.672594 -4.245297 -0.883957 8.227276
3.161556 -7.965215 -0.362882 9.087065 -6.747123 -6.472883 -1.290449 8.948686
-4.784281 -3.855377 10.901834 10.649918 -4.161522 -4.254731 -3.034917 8.668987
-6.598242 3.625920 1.923049 21.443993 1.588248 -3.399171 -0.012299 8.209382
-13.882068 13.405080 0.469190 9.666294 -1.687049 -5.245306 -3.783805 9.362699
10.966005 4.213347 -0.261331 8.379192 -2.816108 -5.007232 -2.465427 8.776552
10.271687 0.413780 -2.033285 11.119362 -3.845265 -4.570907 -2.312278 8.541262
-16.862583 9.039522 -0.685417 9.100972 -3.589844 -3.789525 -1.994607 8.823620
7.496633 10.551754 -6.658320 10.896724 -3.584758 -3.105039 0.430069 10.486399
-14.003415 2.521967 7.974821 7.721210 -4.791517 -7.193293 -2.032811 7.496806
3.682929 3.428997 -8.242916 -0.520519 -6.614292 -2.536348 -1.964617 9.070484
-12.563914 14.406038 3.177338 8.482175 -4.368301 -3.308174 -2.360041 8.294150
-11.702936 6.092285 4.322797 18.330483 -7.225348 -1.984136 -1.971959 9.339731
5.464310 3.649000 -3.224324 -0.648394 -1.284412 -0.503362 -5.718211 9.030565
4.477505 10.349778 -8.951170 12.939851 -2.987690 -1.585361 2.037781 9.781349
-17.474079 6.670099 -0.077676 8.620554 -3.452373 -3.878893 -2.061145 9.043529
10.808924 1.955140 0.275231 8.858026 -3.771215 -3.327654 -2.009911 8.785385
-8.514427 -4.801932 9.224701 8.650074 -3.549471 -4.067074 -1.971158 8.798339
10.568244 1.332747 -2.024337 7.690486 -4.530854 -4.719373 -2.665653 9.220711
10.098551 2.123803 -3.892691 12.206118 -2.692930 -4.276350 -2.084612 8.551228
8.119271 4.943722 -7.387158 8.899941 1.499431 -6.301812 -2.165159 8.484682
8.523154 0.403854 5.822998 6.474008 -2.172351 -3.849132 -2.052909 9.866400
-16.400286 2.288349 4.845349 9.643078 -3.666478 -3.435474 -1.505020 9.166623
