-2.461809 -0.915842 10.555191 11.006384 -3.368233 -2.891332 -7.059199 -1.773324
16.851857 9.177516 10.280406 5.476145 6.707278 -7.439209 -7.314654 -4.187537
-2.264170 0.486793 20.055210 7.410498 4.105514 -7.727153 -7.566390 -4.024003
10.020128 12.781990 5.048981 9.464004 7.054619 -9.391754 -7.733115 -4.345233
19.605279 -2.178231 10.855851 3.343139 3.738871 -4.424076 -8.706008 -4.874387
-7.313630 1.565876 11.729123 9.104889 7.070896 -9.373322 -6.473303 -5.095014
4.403767 -11.354176 16.874449 15.886972 6.413297 -4.559732 -7.345977 -4.151150
-4.823652 7.246038 8.638371 5.565054 6.903096 -7.388318 -7.449368 -4.211986
17.053141 -5.480707 16.859648 9.462169 4.518093 -2.478036 -8.493224 -6.937624
10.281016 -14.863999 8.106868 12.131973 8.573896 -8.171172 -8.573132 -0.639002
-5.069671 6.462944 11.735049 5.749656 6.669319 -7.338707 -7.387228 -4.159099
13.146819 7.684734 16.367183 2.340707 6.916662 -7.392475 -7.314381 -4.151342
18.569868 1.187633 6.793796 16.507459 7.409118 -2.343844 -6.080260 -4.557660
6.121497 8.459933 11.725349 18.417440 13.216034 -7.240777 -7.229002 -4.582830
14.919635 -13.364957 6.064461 9.534006 7.358557 -5.812686 -7.452249 -3.263736
10.577008 10.238407 14.472055 2.934694 4.415073 -6.689587 -7.379150 -4.071025
-1.017554 -12.278960 11.005767 13.787897 3.086821 -7.439892 -7.383720 -4.426960
21.675921 -0.256884 10.719337 8.845123 6.271625 -8.114302 -7.304573 -4.761736
-6.472706 -7.207085 11.201105 9.756834 7.756887 -8.786801 -7.115486 -4.476181
2.641568 11.539171 5.627926 6.292034 2.658869 -5.170313 -7.535983 -4.957514
20.053418 -6.921703 8.299770 11.144162 3.098197 -7.454698 -7.104821 -3.262896
5.692915 -11.699048 0.515287 7.065668 1.869814 -10.288737 -8.465744 -2.727135
13.816136 -5.614416 -3.260907 7.276692 8.182243 -7.033985 -6.039346 -5.269800
12.334755 7.395345 11.190758 20.145994 6.848920 -7.396989 -7.311827 -4.152812
15.655914 7.387427 16.244396 5.222087 8.201219 -7.558741 -7.439319 -4.079646
9.854292 -0.431997 22.998277 11.720944 4.032834 -8.176406 -7.158865 -5.210060
-7.869387 -2.957852 9.487336 10.575487 6.947491 -7.419862 -6.794691 -4.538306
0.097050 12.124325 8.795260 9.279119 6.838617 -7.392690 -7.311025 -4.154292
21.382321 1.799433 9.335893 11.338191 6.424733 -8.084894 -8.244642 -4.099946
-4.143125 4.742214 1.070801 10.936259 5.363163 -6.685604 -7.173196 -4.787836
-8.046011 -1.157513 8.766334 9.471348 6.977507 -7.395755 -7.314372 -4.151999
