8.977585 10.807712 -19.172243 -5.578200 6.824084 3.713498 6.864670 6.381435
8.292082 -8.079119 -8.143663 -7.774431 7.763151 3.969029 6.635400 5.757474
-3.292940 17.249601 -11.475325 -2.783274 1.203686 3.936425 7.398595 5.796391
14.633860 7.439384 -8.020184 -0.534289 6.034673 3.111507 7.177299 5.990563
13.637716 1.200160 -3.184223 -4.267866 2.121935 5.096217 6.177705 3.610450
15.766071 2.698066 -6.801924 -6.259122 6.375576 3.286849 7.114177 6.122176
12.088890 -0.708395 -0.330013 -2.954214 5.979213 3.438091 7.102452 5.997821
-12.037625 -0.323931 -4.672016 -4.642822 4.173571 3.576707 8.853398 4.190581
15.535190 8.215267 -8.438082 -6.344079 6.081760 3.566477 6.940354 5.771863
-5.675081 -6.573577 -15.200137 -6.014132 5.699655 2.946492 7.046092 5.962342
3.389030 18.170796 -7.521449 -4.793019 1.689860 1.816977 8.619009 2.977548
9.630628 -1.447822 -14.557862 -8.303463 -2.169764 4.218902 7.233927 5.804195
15.549468 6.647580 -6.553177 -7.343438 7.648435 2.601229 6.504683 6.009029
15.230961 6.505995 -12.410300 -5.536025 6.161067 3.480960 6.700255 5.709881
-13.589654 3.717150 -6.394251 -7.090806 5.514284 3.203710 7.136842 5.949077
-13.281389 8.059542 -9.626416 -6.614255 6.141950 2.774849 7.484451 6.106781
15.897475 6.048363 -8.456302 -5.466432 5.958212 3.405856 7.104118 5.998391
13.219791 13.028403 -10.180009 -6.241105 5.502493 3.577075 7.134713 5.418716
15.703179 1.900434 -8.539516 -6.492930 5.990595 3.202368 7.082844 5.953650
11.237848 6.939201 2.013875 -3.201909 5.404896 3.527724 6.821240 6.617018
-13.406146 2.782829 -5.517855 -6.243420 5.776796 3.363453 7.101105 6.015490
-8.707179 5.827711 -19.019548 -6.966055 6.179832 2.235533 9.237812 6.317654
-1.730178 5.577367 -1.932249 -14.024957 -4.551381 3.259624 7.341156 6.046986
-13.176738 0.500045 -8.230696 -5.961601 6.126157 3.180323 7.038388 6.071724
-13.486390 3.457624 -5.553527 -6.024132 5.895953 3.409305 7.098621 5.998130
12.501965 -4.691599 -10.051567 -6.324937 5.427696 3.575085 7.078688 6.045748
15.224199 8.165536 -9.667733 -7.648203 4.920170 3.839990 5.967837 7.542398
-12.386701 6.295494 -14.239920 -5.393857 5.877828 3.334171 7.089582 5.995827
14.935371 6.756104 -5.864534 -8.209136 2.619905 5.260578 8.121432 6.185826
2.825793 12.925606 -10.637306 1.134371 -1.745570 -2.326839 8.231561 5.409726
13.812353 1.948497 -13.719130 -2.145298 3.282483 3.509229 7.158392 6.078383
-7.456527 0.747246 -13.213254 2.808457 10.866502 5.160855 8.321691 5.562250
