6.200999 4.535409 4.203486 -8.938932 4.246389 5.965523 -2.060200 -3.915533
-4.055235 -16.984969 15.278880 -4.392290 8.656140 1.761854 -1.774443 -3.958542
-8.332744 0.387328 2.959680 -4.542155 8.710959 2.427838 -1.532003 -3.651695
-10.476159 -12.081799 4.639208 -5.079261 10.420242 1.124706 -0.687466 -4.417695
10.559418 -21.146569 6.006175 -2.771612 8.713846 1.019353 -1.653522 -3.657661
15.326315 1.510601 6.023725 -4.567819 8.939190 1.642136 -1.694968 -4.023058
-10.574191 -4.728357 9.422520 -4.479992 9.291713 2.157263 -1.749572 -3.962119
17.174216 -6.453005 7.569207 -8.245752 4.345724 2.632055 -3.716949 -4.076482
15.888972 -15.575071 10.255485 -5.006141 8.733529 1.003612 -2.212830 -3.831907
-4.230191 -20.428094 4.146828 -3.791256 7.550339 1.620204 -1.336526 -3.614582
13.273998 0.466915 12.976158 -5.786112 5.804880 -0.494239 -2.134178 -3.820175
-8.802030 -15.136290 10.271984 -4.017360 8.549743 1.725741 -1.771612 -4.042195
16.247804 -15.990219 6.307654 -5.116674 8.872598 0.698401 -1.947609 -4.947925
-9.362775 -9.436518 11.737549 -8.850339 7.729306 2.170999 -2.047021 -4.535766
-10.605530 -3.727553 6.581792 -4.006386 10.059609 1.274280 -2.488413 -4.293789
-11.201056 -6.996870 4.653282 -4.460134 8.853420 1.730399 -1.783703 -4.009305
17.957492 -12.425786 6.382529 -3.709966 8.510414 1.890886 -2.533926 -3.974977
11.612901 -20.559023 6.881569 -6.006251 8.779115 1.723125 -1.780608 -4.008563
14.731314 -14.482572 12.362744 -4.993937 5.254311 2.296071 0.292789 -1.927561
-3.232830 -18.300503 14.329010 -3.145193 9.417511 1.091452 -1.657694 -3.284558
-10.260449 -7.330304 11.519269 -3.687896 8.832952 2.198383 -1.637681 -3.387166
13.690927 -16.420756 -1.061954 -3.553028 8.545254 1.950196 -1.705041 -3.969811
18.663145 -8.471606 6.766915 -4.305414 8.797974 1.743203 -1.901571 -4.101968
-0.849028 -8.690172 -2.305842 -15.923865 8.721722 1.617047 -1.777608 -3.957252
3.827086 -22.142153 10.377472 -2.219264 9.153153 1.023737 -1.732604 -3.966034
-7.817624 -16.050472 10.883473 -2.340388 8.652992 1.754928 -2.048088 -4.049374
-7.251783 1.132301 2.646206 -6.852100 7.488093 2.978395 -0.693449 -4.398213
17.160019 -3.812715 9.152376 -1.193947 10.330785 1.574151 -2.313067 -6.066071
-8.276218 -10.401376 11.787660 -7.836367 5.392109 -2.050745 -4.234371 -4.800680
-9.738352 -2.043097 4.338437 -2.917197 7.173742 2.154600 -2.727903 -4.694921
-2.608301 -15.316843 -5.211006 -5.204812 9.594064 2.327560 -1.758898 -4.001377
17.885534 -3.872354 3.558532 -4.568414 8.733414 1.721136 -1.785679 -4.013390
