1.375702 4.011002 -0.828013 -12.447802 -3.532416 -11.258939 6.015674 2.183548
3.930631 -3.067791 -3.262248 -19.516646 0.754768 -0.496217 8.187228 -0.421457
1.244182 7.006181 -4.251356 -11.212687 0.761712 -6.795897 2.105322 3.642660
5.812915 4.837153 7.106310 -7.381177 -3.282439 -2.638262 7.666931 0.478422
-6.325657 -14.360330 1.259416 2.251702 -1.150435 -0.537709 8.207502 -0.328031
11.473861 -4.899440 -2.613968 -7.888906 -2.045646 -0.783742 8.568781 0.053963
-17.468347 3.819989 -0.950490 -4.995556 -1.749816 -0.359113 8.106662 -0.300312
-1.084166 -9.842095 7.691485 -15.118441 -1.803671 -0.849402 8.019800 -0.475729
11.222586 -1.668584 0.742861 -6.182095 -4.076257 -0.589659 8.371653 0.372541
0.190237 -11.899473 5.334342 -11.594818 5.358538 -2.275139 7.583603 -1.651643
11.722656 -3.410604 -3.208935 -6.268002 -1.738912 -0.509773 8.155427 -0.338954
-16.412775 3.119681 -2.428862 -3.211068 3.957037 0.325358 6.529909 -0.605351
-8.029028 11.233903 -7.400590 -7.770437 -1.362851 -0.541153 8.212464 -0.341218
11.435859 -4.951069 -0.589010 -5.251849 -2.019501 0.133710 8.008416 -0.309592
11.157082 -6.382676 -3.381804 -5.171015 -1.233002 0.198314 8.241570 -0.059155
-12.951379 4.402275 -6.361682 -13.702431 3.589304 1.599504 8.098974 0.719040
9.061383 4.247389 3.500232 -6.978582 -1.315654 -1.224478 8.515038 -0.696891
1.166585 -16.238853 -6.074918 -5.029074 -0.311769 0.471227 8.466528 -1.942191
11.010623 -1.581981 -0.380229 -3.343582 -0.101356 -1.655971 6.907686 -3.018492
11.725480 -2.170124 -0.566813 -6.315448 -1.193947 -0.553357 8.211009 -0.342190
-6.393237 -4.220590 8.671258 -3.753716 4.746582 0.512571 0.257617 0.967825
7.850146 -12.228888 -3.439979 -4.556931 -2.632489 -1.216348 8.886561 -1.452789
-17.740887 -0.096057 -2.501641 -0.937882 -1.095874 -0.664954 8.130795 -0.250870
-16.766637 -5.009427 4.269020 -9.070943 0.868919 -1.668714 7.689482 -0.030944
9.737483 4.979456 -4.080928 -6.038431 -1.142392 0.233759 8.595607 0.101518
11.781735 -1.538253 -2.143747 -6.319676 -1.185834 -0.559124 8.204827 -0.341330
-8.657436 5.110996 -9.405901 -13.244406 5.985942 -1.269271 8.659378 -0.292201
-16.972628 4.964210 -2.879364 -5.775181 -1.089851 -1.296432 8.114151 -0.126481
11.759125 -3.093126 -2.648095 -7.003332 -0.812314 -0.566332 8.338840 -0.452166
11.754108 -1.367972 -2.355928 -6.171658 -1.789664 -0.633055 7.916868 -0.299150
-18.811754 -1.019013 -1.816694 -5.575133 -1.625006 -0.216801 8.088796 -0.413969
