13.064730 -16.290884 3.828621 -9.658073 -1.085665 -9.439269 2.230401 3.637937
-4.868984 -15.294607 9.389110 -8.340148 -0.888540 -9.600656 2.067158 3.603081
8.507323 -12.084557 0.845636 -7.590366 5.863066 -6.529745 0.829127 -1.654240
-9.499674 -4.578707 8.877476 -9.643539 -1.180397 -9.449579 2.232951 3.639402
18.259825 1.516074 11.990457 -10.098849 -1.180763 -11.419744 2.420533 3.440515
13.066726 7.177406 5.987424 -10.726932 1.394328 -10.866577 0.757920 2.627888
13.060858 7.237496 9.655327 -13.240114 0.192968 -7.852138 1.200700 3.189168
0.487149 -4.957421 22.757019 -9.803655 -1.149770 -9.612692 2.224557 3.630308
-9.090757 -7.444983 9.670138 -11.498469 -1.209879 -9.385058 2.269301 3.529867
-7.015353 -8.244445 3.978490 -8.784031 1.329223 -10.406432 6.548571 1.328006
1.113423 -13.126042 3.002067 -0.054516 -0.634326 -10.790940 3.605471 3.980955
18.520110 -11.068516 10.619385 -8.793507 -1.292272 -9.557313 2.129253 3.854278
19.155375 -4.343389 5.764161 -9.736438 -1.665258 -5.201422 3.072000 4.399079
-5.867513 4.750406 6.948924 -8.164274 -1.448481 -9.605467 2.949735 3.992809
1.380724 -16.559542 9.072050 -15.789329 2.115181 -8.553556 -1.445077 3.281114
0.609422 -13.104151 -2.269288 -8.007072 -2.394700 -9.626680 2.115441 3.373946
0.028407 -15.749758 14.265882 -15.490294 -1.929605 -11.119318 2.123533 2.698566
-9.299021 -2.978641 10.315937 -10.401367 -1.552768 -9.286173 2.358507 3.665960
10.104877 9.313582 8.277051 -11.067022 -0.723228 -9.582771 2.158980 3.722242
15.700756 -12.204882 1.399804 -10.055353 -1.999592 -9.150598 2.297978 3.716960
8.158057 -14.791140 8.623835 -5.911957 1.605562 -2.641391 -1.921112 -1.194743
9.567221 -16.496939 1.303982 -11.902970 -2.019037 -9.660592 2.477112 3.332097
20.050706 -4.256760 9.817891 -10.972162 -0.927705 -9.397626 2.335319 3.431024
20.105130 -5.822011 8.676626 -9.628996 -1.114662 -9.460756 2.235788 3.644238
1.933272 -4.641188 1.257259 -9.919169 3.651697 -20.027433 6.353981 3.047539
-0.592548 -17.715974 10.609659 -7.213813 -2.899300 -8.851476 2.228269 4.470908
-9.035909 -1.302793 8.394568 -8.643688 -0.386576 -10.243816 2.225912 3.632792
9.859693 -11.836474 18.502274 -11.500759 -0.439181 -3.687938 -0.491193 6.471321
5.387103 8.100408 1.166786 -9.717752 -1.282334 -9.298854 2.227867 3.631332
12.610397 -10.043520 -2.534041 -12.694877 -1.883523 -8.659896 1.903624 3.472147
15.961832 -10.634296 0.904047 -6.655266 -1.132425 -9.451618 2.222959 3.650751
