-9.923756 -5.226834 -4.047218 1.639578 -4.272993 3.066021 6.907471 -2.099908
-5.801215 -11.903603 3.711372 6.196384 2.886508 5.759351 -1.915131 -3.269123
14.279517 -17.057384 3.980870 5.901248 -5.309048 1.031938 6.770001 -2.207125
17.162491 -7.618126 4.302534 5.532162 -5.053213 1.016924 6.765368 -2.206504
-10.504889 -8.269585 -0.870435 12.987456 -8.253414 0.392414 6.769874 -2.311950
13.997890 -15.848692 -0.649545 5.838431 -5.500735 2.033771 6.564740 -2.308098
-10.095537 -1.091365 -1.620856 2.889752 -3.163735 1.409905 6.413016 -2.442567
-10.095197 -16.858344 9.171078 5.571773 -5.775900 1.127934 6.727878 -2.074572
-13.723860 -8.824568 4.432663 5.766864 -5.359407 1.014562 6.771125 -2.207852
-1.228239 5.202415 10.262059 2.297406 -3.584198 3.139392 5.713120 -1.863524
-4.205690 -16.906092 13.824977 7.885717 -9.870384 1.098740 6.376060 -5.896118
10.624172 -19.701235 3.817548 8.219393 -1.704523 -0.585926 8.115904 -2.577493
8.550395 5.146688 0.366346 5.553526 -4.754307 1.527153 6.903484 -2.156426
13.347074 -12.773370 12.581073 3.149577 -2.414912 0.256212 6.766278 -2.225859
-8.665958 -9.661074 -4.555898 8.938811 0.707720 1.238964 6.756300 -2.079135
-6.207129 1.621254 -1.251108 7.219900 0.189636 4.212698 9.265995 -1.821968
5.646973 6.869188 4.479343 5.361885 -5.291099 1.408291 6.741175 -1.819824
17.174788 -8.001106 4.491661 5.776131 -5.349851 1.014651 6.771180 -2.207894
3.476691 1.911299 15.871640 4.896790 -3.914000 1.806683 8.527452 -2.748735
17.132983 -8.003981 3.716872 4.981788 -5.166273 1.073076 6.910225 -2.256454
-12.353834 -13.787878 2.282004 4.007108 -5.812922 0.869263 6.759555 -2.089988
1.270952 -18.704395 12.571351 13.514225 -5.795731 0.674567 7.086862 -2.066350
17.168366 -8.431720 4.363290 5.903842 -5.397430 1.051071 6.843871 -2.371608
3.908458 -18.382350 15.188867 8.680088 -5.685365 0.699557 6.871828 -4.364062
-12.856362 -4.940592 7.281153 2.843275 -5.722661 1.540969 6.663222 -2.414625
-13.726485 -8.021097 3.810864 5.600155 -5.347451 1.055647 6.750331 -2.198591
-2.885864 -20.583668 6.334386 0.147534 -9.279940 4.256265 6.792728 -1.953643
-10.191571 -12.217756 5.497529 9.419285 1.761402 -1.472993 8.350658 0.319107
-9.273989 -9.599460 -6.086434 3.814251 -5.095099 1.081467 6.747972 -2.333202
-12.034060 -1.032654 4.075312 6.232968 -5.295372 0.915230 6.627766 -2.384456
-8.372902 1.268055 -0.193830 3.161566 -5.914331 -3.522311 6.442090 -1.688769
