16.338046 -22.167146 5.715872 8.756657 -3.014715 -7.126021 4.007790 -5.451029
24.822613 -9.720103 5.326560 7.970467 -3.089463 -7.117199 4.034831 -5.467917
24.862634 -8.982381 5.157218 7.872273 -2.906084 -7.008728 4.034701 -5.513964
11.304799 -19.279299 -4.067371 11.055446 0.491566 -6.042349 3.883212 -4.992418
0.717576 -5.572774 6.949942 15.997488 6.316784 -6.469865 4.017137 -5.436132
24.826142 -8.889147 5.612560 6.912322 -3.160703 -7.145846 4.019447 -5.471830
-5.663702 -6.284405 5.323323 7.367714 -1.559386 -7.191499 3.957563 -5.420274
11.693272 -19.680320 15.198061 10.779949 -1.834982 -8.550576 2.934671 -5.804856
21.207984 -17.964789 3.332849 9.136330 -4.479547 -7.254760 3.997232 -5.446195
23.018829 -14.937397 3.583454 7.187822 -2.748851 -9.529134 3.581329 -5.940576
20.619049 -3.075725 -1.253809 6.525604 1.971988 -7.016783 6.917686 -6.974406
-4.727012 -13.410812 3.694190 9.437094 -0.980771 -7.385408 3.977803 -5.098201
21.832697 -12.862757 13.578092 8.731740 -3.031979 -7.104055 4.026096 -5.432617
22.498772 -5.794084 12.527599 11.279745 -2.738950 -5.615408 3.862248 -5.281360
21.595951 -5.186154 2.883803 3.121542 -9.896898 -6.432450 4.680156 -5.659178
2.892810 -22.294600 5.411275 7.792059 -3.146118 -7.365011 3.857708 -5.239230
9.155887 4.986565 -1.677973 6.940892 -4.593881 -6.544041 4.149982 -6.533694
-5.738418 -7.390358 3.944525 9.228656 -2.617157 -7.109009 4.051128 -5.484713
24.862968 -8.258825 5.291826 8.549693 -2.663781 -7.252026 4.157729 -5.837089
22.324372 -15.698469 9.835522 7.996275 -3.316774 -7.591547 4.582472 -5.582068
7.233643 -6.895634 -2.479974 15.468055 -13.245652 -5.802684 1.815025 -5.932092
13.183455 -16.416075 15.689991 9.375244 3.836446 -4.658656 4.969774 -6.227978
3.599080 -8.334882 14.393658 18.258677 -1.529454 -3.608752 3.368587 -2.935210
-5.331362 -4.256881 5.754498 8.348167 -2.892595 -7.225729 4.040084 -5.477317
-5.855599 -7.935203 6.665377 8.037953 -3.115553 -7.144287 3.956168 -5.528428
6.106436 -17.278997 17.597322 8.428688 -2.303454 -7.263460 3.011598 -5.288592
20.489855 1.207820 2.762607 8.417058 0.651745 -5.673843 4.005429 -5.463011
3.273355 -7.312516 14.401361 13.024287 3.299131 -12.474846 7.936684 -2.187897
16.669798 -19.434613 10.340198 2.160857 -5.075634 -6.556985 4.526540 -4.751249
18.999150 -17.768854 2.475740 3.469370 0.733790 -7.595055 1.070341 -7.524077
-2.780654 -17.584553 5.749750 8.317048 -3.255659 -6.461097 4.127578 -4.278203
