-6.793580 -4.147639 -21.696806 -4.498390 -4.019864 -4.888375 8.325966 -9.993863
-13.268090 -5.300813 -11.862405 -2.407910 -5.920535 -5.348620 8.389538 -10.186093
8.928868 0.233904 -6.116767 -5.796731 4.733012 -0.195981 8.598477 -10.542994
-8.893093 -8.226341 -6.541854 -13.538800 -7.996355 -5.664233 6.166725 -13.086779
15.413334 -5.623910 -4.554895 -0.921912 -4.337334 -4.962317 8.054901 -9.979395
-1.012699 -18.932855 -18.836999 -4.136714 -4.276849 -5.030111 8.173076 -9.956651
15.120373 -9.975570 -4.408886 -6.958944 -3.552807 -6.817659 7.811521 -10.704833
-13.497802 -4.532091 -9.909506 -2.908198 -4.223373 -5.336853 8.230675 -9.987217
-2.725092 -0.360910 -17.926175 -13.324307 -6.210278 -6.135187 7.912795 -10.925626
16.597047 -6.716922 -9.829354 -4.295090 -4.181600 -4.993096 8.189151 -9.954523
-1.627142 -7.363343 -23.972560 -6.643727 -4.052996 -5.142993 7.870155 -10.006649
16.210262 -6.100795 -6.010916 -4.287402 -4.221226 -5.210950 8.180211 -10.163258
-0.950476 -21.250196 -3.650671 -4.241842 -5.120649 -4.884398 8.166811 -9.959935
-1.500704 7.470924 -8.070336 -4.404217 -5.361248 -5.773709 7.306708 -10.074514
10.165231 -2.148556 -15.139397 -2.998557 3.628607 -2.349018 11.846741 -6.877368
2.547104 7.420569 -6.643728 -4.651980 -3.521761 -7.173424 7.750927 -9.906111
-9.515494 -15.297624 -16.244355 -4.820728 -4.516505 -4.981128 8.050542 -10.048766
-5.742383 -18.662763 -15.970648 -6.105890 -2.488011 -4.459089 8.172179 -9.997820
11.795357 2.465829 -14.522031 -4.461990 -4.270838 -4.983823 8.184387 -9.964629
16.602275 -7.492574 -9.811422 -4.341913 -3.857172 -4.955413 8.344644 -9.962330
-13.815644 -7.481226 -8.925350 -4.039985 -4.162829 -4.966949 8.153957 -9.918297
15.668280 -12.270173 -7.717854 -5.174611 -4.281470 -5.259206 8.300126 -9.824824
-2.882252 7.201056 -9.922724 -5.342091 -4.553707 -5.182609 8.256104 -9.874160
0.990478 7.861451 -8.697608 -3.590614 -4.243164 -4.790695 8.113388 -9.993076
-1.906351 7.038178 -12.462195 -5.434632 -5.782183 -4.955385 8.124210 -10.023094
-12.513471 -2.680834 -11.480549 -4.916903 -5.966318 -2.867988 9.287933 -11.463078
-0.132081 -19.362986 -8.451305 -9.282310 -10.785898 -5.070514 10.136549 -6.696044
8.431592 6.156662 -9.292896 -3.849130 -4.642485 -5.279648 8.209963 -9.919852
1.969413 7.787229 -8.244639 -5.367043 -4.121237 -5.025771 8.154026 -9.945739
5.157193 -14.055960 -2.073791 2.403028 1.456665 1.127487 9.961914 -12.110227
-9.410476 -5.096925 -14.747253 -0.111442 3.451071 -6.872341 9.088236 -9.503683
14.078509 0.885029 -7.450233 -4.222936 -4.202369 -5.165899 8.186101 -9.965976
