4.024042 8.676244 2.539935 3.589800 -1.814399 2.501072 3.304891 -0.199268
12.118812 17.520034 11.565265 -7.445502 -6.218706 2.247701 3.425742 0.282804
16.632520 7.230002 3.769697 -6.189878 -7.829394 1.240058 3.488262 -0.052095
11.326158 1.143396 12.529270 -12.303511 -6.283165 2.527028 3.235335 -0.232808
-8.850144 12.846377 10.911362 -9.583274 -6.124683 2.362770 3.052280 -0.390298
-0.279950 13.231843 11.521681 -0.990018 -7.256348 -4.005320 1.741821 -0.294122
17.174086 10.894573 3.655317 -10.833157 -4.052282 2.257466 3.296077 -0.109581
15.326067 5.484706 4.981851 -8.758310 -2.308054 7.648874 3.061162 0.610268
16.174529 3.372192 4.381469 -9.780655 -5.956457 2.503868 3.308229 -0.200983
-0.753102 20.494806 4.735945 -8.017543 0.593556 -0.882805 3.072609 -1.307196
-10.114398 8.616535 7.214904 -13.414210 -6.021710 2.700768 2.762846 -0.179892
-10.295032 11.974573 7.058807 -9.215742 -4.559748 2.794180 3.176250 -0.738235
-8.954600 12.833799 10.604750 -8.652623 -6.215218 2.941454 3.288256 -0.192345
0.211332 0.791571 14.856286 -12.575777 -7.612869 4.018452 3.788186 -0.214516
16.889753 9.493452 0.977060 -8.984730 -6.939043 3.552161 3.029096 -0.808178
16.859355 11.121614 7.206147 -7.305895 -5.780914 2.194246 3.629274 -0.287712
16.843424 10.428024 6.939538 -12.624558 -5.437969 1.173004 3.642869 -0.206743
-5.176345 5.906051 -5.084867 -5.223596 -6.646573 0.986008 3.427564 0.928788
14.773530 2.486537 0.521038 -7.493927 -7.093935 2.361185 3.125979 0.047474
17.012761 9.335531 8.068625 -10.075680 -5.563910 2.375996 3.340983 -0.190681
-5.710358 4.551022 4.193693 -1.070890 -4.923406 1.871272 4.142809 -4.587451
-8.284674 2.913485 3.289038 -5.850687 -3.606868 2.833725 1.956021 1.139205
14.781562 16.424172 7.104610 -13.083898 -5.339756 2.626497 3.291110 -0.071087
-6.984431 13.947049 1.432022 -5.479558 0.616581 3.509385 4.028763 0.548284
11.824472 16.547305 -2.127177 -4.297154 -5.205345 2.550299 3.312029 -0.200260
13.001162 2.613514 11.653721 -13.061419 -4.966915 2.480258 3.309317 -0.315125
-2.727822 11.999831 -1.706548 -18.833519 -7.509001 0.946401 3.333856 -5.789540
11.209625 21.013868 4.799918 -10.402218 -5.766708 2.502232 3.307409 -0.199955
16.144203 3.382488 3.716770 -9.620029 -6.062306 2.098227 3.194771 -0.332021
3.611055 17.248551 -6.837131 -10.292099 -4.397861 3.059444 4.033084 -2.212004
-8.413196 10.374620 -2.874925 -11.759641 -4.068534 2.559496 3.288769 -0.130510
10.548640 18.211638 6.634754 -3.767166 -10.693011 0.723773 4.686683 -0.743636
