18.888222 -7.885973 0.328508 -1.916877 -3.880983 -8.342584 -1.720129 -7.182587
-1.975075 5.306926 1.095516 -2.581919 -0.800394 -3.075576 0.508935 -10.768925
3.974036 2.508620 -10.865906 -2.857233 -3.889222 -8.570339 -1.678067 -6.915080
-9.870202 -4.771679 1.254229 -3.001028 -3.703625 -8.328766 -1.725057 -7.110244
-8.657158 -2.584896 4.860938 -6.089026 -4.619996 -7.575609 -2.339378 -5.402097
-8.350480 -0.390157 -2.527738 -3.791363 -2.329627 -8.563937 -2.094491 -7.302258
17.487449 -9.158033 6.106132 -1.275450 -4.225719 -7.863088 -0.233453 -9.120616
4.342070 -12.388103 -6.523028 0.953938 -5.932169 -9.943264 4.414892 -0.988179
7.045315 8.688739 1.486415 -6.007926 -3.110684 -8.446160 -1.633563 -7.266650
-5.643339 3.222215 -1.236112 0.421870 -2.967489 -10.336658 -2.176005 -10.154370
-6.568292 -14.241424 1.295038 -1.077604 -4.686351 -7.419295 -1.295187 -7.491350
-9.524843 -2.130775 1.186791 -3.112669 -3.739894 -8.366083 -1.722467 -7.149753
4.772924 1.910986 13.818464 -1.109804 -3.856047 -8.227109 -1.713488 -7.186842
-6.773530 -14.230252 0.973787 -2.489104 -4.691266 -8.505382 -1.710762 -7.199235
3.016209 -19.055688 -0.718153 -6.680204 -4.424009 -7.413927 -0.663420 -7.018317
-9.218672 -4.233500 5.197690 -3.121681 -5.115270 -9.039298 -1.646291 -7.846348
-9.874265 -5.280461 0.908623 -3.018493 -3.682155 -8.330013 -1.718320 -7.176020
3.905467 -8.291852 -5.444720 1.097192 3.653117 -17.435268 -0.528202 -7.525399
10.707333 5.598945 8.702887 -3.021538 -2.537941 -8.173771 -1.538521 -7.064299
8.967145 3.127746 -9.651994 -2.682114 -3.895569 -8.528092 -1.815554 -7.227118
18.291376 -4.627340 4.731036 0.644111 -3.989441 -8.125068 -1.577889 -7.312832
-6.377209 -11.408399 -2.451981 -8.110813 -0.242849 -8.679017 -1.712970 -7.179599
9.948297 -13.545028 -2.930035 -0.758215 -11.721422 -11.937253 1.043479 -9.967795
16.653443 0.087490 -4.398092 -1.442853 -5.330540 -8.317382 -1.715444 -7.158859
7.624116 -5.973410 8.392118 9.115477 -1.585093 -8.126235 -0.976435 -6.976899
19.038314 -7.268040 0.559460 -2.657270 -3.890603 -8.382164 -1.741050 -7.162297
17.858207 -10.750739 3.764165 -4.387922 -3.808645 -8.191985 -1.746660 -7.209361
15.986253 0.291932 4.035440 2.783650 -6.354743 -6.625042 -2.206026 -7.877109
15.943499 3.834053 1.151004 -2.996345 -3.500076 -8.474389 -1.578476 -7.184250
-8.729829 -6.717589 -4.083548 -3.624574 -3.534191 -8.003779 -2.050955 -7.069310
-0.910592 0.086709 -9.812375 1.619411 -1.755076 -8.867908 -2.441897 -6.872955
-1.462637 0.622573 4.860613 -13.220913 -1.528749 -4.176608 -1.762318 -6.730420
