-18.888984 -3.469673 -5.741908 -1.150892 -6.104912 -4.601853 -4.423808 7.689248
2.838159 0.870542 -14.380174 7.985535 -8.371539 -2.652338 -3.856869 8.202433
6.503738 0.864872 3.402520 2.800671 -1.155422 -1.048221 -4.559259 6.403781
-11.440849 -6.201372 5.873808 -1.543495 -5.586050 -4.668903 -3.344139 5.029792
-7.448725 11.662116 -5.386201 -8.301022 -3.438556 -13.623550 -4.374582 7.532990
-16.849333 -7.215289 -4.700850 -0.825629 -5.522937 -4.657569 -4.475351 7.584787
-17.722286 5.284335 -7.533004 4.963964 -7.230219 -3.306387 -1.854767 7.050825
9.379884 -3.139097 -5.626721 -5.313684 -5.336338 -4.695783 -4.320777 7.602783
2.143961 8.096473 -5.658591 -13.294654 -7.012618 -6.076947 -5.074352 6.015369
-17.301210 8.496530 0.993073 -0.689876 -5.405823 -4.696248 -4.406507 7.576392
-19.956883 2.044907 -4.747311 -0.873627 -5.639224 -4.688331 -4.407517 7.576075
9.677230 7.755110 -3.207944 -2.264494 -5.596839 -4.105496 -3.664819 6.526494
-3.237769 1.864948 -5.463235 -7.773733 -19.274613 -2.449048 -3.761987 7.260285
-4.988885 4.723140 -9.328828 0.865182 -18.575717 -1.016645 -9.104531 5.181547
-8.971484 5.920162 7.625525 0.284451 -12.232902 -5.659321 -2.602317 8.215485
-14.483243 10.838375 -11.217120 -2.879982 -3.678294 -2.052576 -5.425736 5.075739
-16.651408 10.678993 -6.570085 0.241619 -3.799462 -3.873280 -7.176558 8.609989
-7.310314 12.303666 -13.200454 1.966795 -11.102853 -8.206940 -6.346814 6.158433
-9.979719 -11.387420 -9.949453 -0.271357 -5.063262 -5.052781 -4.922331 7.927556
2.820866 -5.596463 -13.055659 -0.967989 0.886562 -0.808400 -5.366953 8.020065
-19.403636 1.547469 -2.176934 1.145516 -3.447286 -4.918498 -4.679422 7.739433
-12.046849 -0.990295 -14.405040 -5.395805 -8.386603 -0.374176 -9.282405 10.964727
-16.629228 1.234239 -11.759404 0.939135 -0.402533 -7.877978 -3.541437 6.674849
-14.090265 13.815493 -3.822307 -0.785801 -5.087761 -6.769914 -2.627663 6.865577
7.780971 4.176371 -13.743186 0.950597 -6.410569 -4.657253 -3.888787 7.655943
-12.311528 8.846312 -15.900501 1.137681 -7.846670 -4.856953 -4.281510 7.991658
9.079238 4.112986 1.665711 -2.416791 -4.023976 -6.084493 -3.153463 8.341445
-12.593629 -3.097896 6.721288 -1.153907 -2.787789 -6.979703 -4.475671 7.674275
7.751744 11.216643 -3.637529 -1.666023 -5.890296 -6.240413 -3.967271 6.432300
-18.005268 3.791748 -11.123512 2.472742 -5.599617 -3.589355 -4.386783 8.459771
-19.476042 -0.637789 -5.576731 -2.948154 -4.694571 -4.952175 -4.778379 6.273149
