-12.957580 -8.691658 -5.766202 -11.817205 5.985195 3.155919 1.460630 7.299559
-9.945058 0.043827 -4.110490 -8.874693 6.184014 2.855207 1.054650 7.546569
1.875525 -24.254099 -6.720496 -8.246296 7.244253 3.081052 1.467941 7.308693
-12.503688 -4.681250 -5.183819 -10.542852 6.997626 2.930128 1.089460 7.336458
0.616438 -16.773144 -20.038361 -8.104663 7.237107 3.721524 1.636411 7.400340
2.491856 -0.339706 -12.651197 -14.316926 2.408911 10.758417 -0.752153 9.172615
-9.605725 -13.830556 -15.859294 -8.526511 7.555829 2.986176 1.483290 7.300487
-1.380107 5.764629 -7.830123 -8.494338 7.259598 3.228994 1.452550 7.276137
1.608093 -21.314439 -5.202010 -0.892818 3.227326 3.158168 0.836532 6.657101
8.944214 -17.921893 -5.479538 -18.477086 6.464926 1.530155 1.520228 7.215333
-11.047276 -6.597952 -7.284788 -16.010063 6.474550 2.981151 3.564467 8.292640
-5.966986 -7.316540 -19.252187 -10.978128 3.766052 3.559000 1.475341 6.664051
-6.024278 -8.245019 -3.421096 -18.912205 2.719132 7.868204 -1.305254 7.774350
13.728151 -0.843750 -6.270153 -12.780318 6.701765 4.335653 2.543964 7.951214
11.056274 -13.317417 1.335919 -13.306081 7.425091 -1.130284 4.228898 4.089971
-13.229886 -9.728119 -8.986625 -7.828602 7.459369 3.099684 1.467402 7.311180
16.377717 -6.379791 -8.452604 -6.633514 8.053622 1.271406 0.539330 7.422521
-9.726528 -11.922387 -1.902770 -11.460019 14.107528 3.635113 -1.098120 5.931779
8.918983 -22.048203 -4.373459 -8.884239 9.152961 3.815872 1.130267 7.855648
16.191836 -7.030772 -11.342353 -8.107496 7.916580 2.926918 1.365219 7.484615
2.889454 -7.943626 -6.585915 -22.618214 12.630401 4.079047 0.197443 5.819712
1.466186 -17.797184 2.583921 -16.085061 5.392954 3.680575 -0.175589 8.263574
-0.537419 -23.904733 -8.447184 -10.135739 7.268137 3.830078 0.687830 7.226913
-9.814142 -17.405100 -7.970517 -13.216053 9.178799 3.975999 0.757234 7.416264
-13.203987 -8.356627 -7.681513 -10.848185 7.438578 2.773687 1.689593 7.267112
16.675580 -12.090506 -6.956412 -8.371021 7.714968 2.926029 1.535811 7.330010
6.055025 -0.285423 0.636210 -6.798491 14.961493 3.693670 5.111100 7.079105
-0.568344 1.865262 -3.682459 -14.063903 14.983175 0.770026 1.002682 7.458168
-8.266969 -8.312418 -10.379093 -10.443933 -2.326454 6.698626 0.135003 10.179769
-12.890945 -5.290994 -7.260860 -9.051951 7.889305 3.524386 1.586132 7.187197
16.750923 -11.090423 -8.772526 -8.757160 7.328981 2.891608 1.637904 7.441248
14.671436 -14.401797 -1.508357 -8.995739 9.564764 3.548412 1.006589 6.769232
