-19.081851 3.232115 -15.053933 -8.282825 -1.379087 -8.303895 5.967169 4.397867
5.545690 11.467772 -4.557799 -0.681624 -1.036046 -9.107218 5.810549 4.822852
-7.938946 -1.190564 0.495427 9.774744 2.563617 -10.445819 8.589375 4.780090
-21.850154 7.787702 -9.507197 -4.813480 0.567311 -11.052059 2.213958 5.883460
7.100044 4.236717 -5.196444 0.164247 -1.755518 -8.365579 5.842279 4.646867
3.289354 14.969633 -4.690496 -1.577474 -1.927443 -8.627501 5.808708 4.610322
-23.752191 5.207953 -6.123948 -1.426525 -2.090518 -8.666264 5.777149 4.711800
-5.288495 12.179419 -16.387667 7.258798 -2.518506 -8.019751 5.679158 5.821518
-17.147685 17.477954 -6.303524 -1.473165 -1.862498 -8.644952 5.801739 4.613947
5.990388 0.597068 -8.940788 -4.847165 -1.626486 -8.699432 7.286120 4.861290
-21.307703 -2.385707 -9.195568 -2.751289 -4.575447 -7.198337 5.805162 4.293466
-16.775009 12.672401 3.425079 -3.061172 -3.689163 -9.743581 6.492351 4.925464
-9.151410 17.192054 -2.481872 -8.476464 -6.327635 -8.876896 5.735983 4.523795
-20.362918 0.855476 -10.319677 -0.646797 -5.896955 -12.203924 5.188471 -1.170021
-23.343203 8.215587 -6.978898 -0.602765 -1.838096 -8.833745 5.849372 4.714394
-0.179445 17.953296 -7.310023 -1.716026 -2.514825 -9.074598 5.949250 4.465026
-14.051758 -5.486877 -4.193542 -10.623028 -5.175497 -7.711636 5.727778 4.057625
-11.314680 -2.030529 -8.936544 -13.235526 2.617108 -10.387882 6.383071 8.695725
-19.039843 13.007697 -4.628910 -6.017271 3.736055 -8.331158 4.997157 5.295623
-3.596208 18.329713 -0.956686 -2.976501 -0.436249 -9.253621 5.751035 4.788168
-16.158543 -6.591395 0.515348 -1.532663 -2.291280 -8.659830 5.775042 4.625274
-11.867785 1.159492 -21.093369 -1.194837 -1.978079 -8.420996 5.619305 4.429319
6.383031 9.842250 -5.849108 -1.346255 -1.701640 -8.677283 5.767030 4.625215
-20.457195 13.734824 -3.264073 -2.494030 -1.973826 -8.542154 5.837311 4.604965
1.749441 -5.862086 -1.293769 -2.015997 -2.062342 -8.797845 5.615396 4.348341
-6.063448 9.609323 -20.942754 -0.844322 -0.415271 -8.610175 5.581599 4.857322
-22.664921 3.822146 -0.816283 -1.083566 -1.890969 -8.646315 5.800708 4.614557
-11.629037 11.859145 -16.979808 -8.287259 0.920855 -7.339290 2.618895 3.173857
4.652848 12.581381 -4.102509 -2.866237 -1.202579 -9.170151 7.860854 4.033144
2.820215 14.396624 -1.552197 -2.188392 -1.152096 -8.834070 5.748669 4.656401
-2.874209 -8.256546 -2.404400 3.340832 -0.465679 -8.020181 5.786974 4.549770
