-2.732422 23.761641 -5.978382 -11.049513 4.993044 9.495149 9.832334 6.437953
-19.012747 9.224332 -11.900475 -8.879055 5.758861 9.827611 9.956500 6.545032
-14.297348 13.676469 -7.432383 -8.201172 9.974610 13.853515 18.154851 5.934555
8.776586 16.502918 -10.716167 -10.268247 4.816733 11.092811 8.405334 6.216065
6.227347 3.320774 -7.641815 -15.871979 0.833005 3.114936 10.374756 8.153361
10.378683 14.412083 -6.633664 -8.784085 5.428070 9.635204 9.776738 6.450372
1.740862 11.118069 -0.095656 -12.344869 -6.188976 9.355978 9.797638 5.575303
-19.622551 8.334634 -7.543219 -9.071721 5.394645 9.599886 9.767170 6.485820
-10.489816 20.979982 -3.237153 -4.346569 5.191078 11.227450 9.375256 6.413478
10.077426 1.761146 -6.673950 -9.011665 5.514763 9.586277 9.782973 6.492447
-17.226503 2.711350 -12.274953 -5.159240 5.791960 9.531315 9.632204 6.002643
11.427167 8.964746 -7.593430 -11.034475 4.745123 10.352993 9.252103 6.676599
-16.739569 7.789483 -15.522103 -6.199770 6.090667 12.964795 10.013820 6.336877
-19.235337 11.820463 -8.307859 -8.992076 5.548041 9.370981 9.692710 6.537304
8.720047 8.320425 -16.015863 -5.892034 6.777531 10.406134 9.830511 6.691636
6.265056 4.007993 -1.726813 -16.756040 8.114904 6.434035 7.720635 7.840867
-5.488786 5.204528 -3.716543 -17.499913 0.554130 4.429674 0.263171 8.248998
-10.666336 3.954971 5.606900 -7.383863 4.975795 9.840348 10.018500 6.726096
-18.214938 2.886290 -8.923561 -5.905080 5.552260 9.483524 9.873941 6.520918
6.298260 20.156025 -7.255584 -8.980058 5.324917 9.622182 9.819329 6.519087
7.925441 18.041678 -6.744966 -6.856428 6.658646 8.190645 9.784161 6.513783
-18.938977 12.999250 -7.665320 -9.188833 5.390139 9.663461 9.797277 6.541930
-6.080604 20.316148 -7.740777 0.246629 8.695931 10.686456 10.170670 7.015367
11.549498 9.615821 -7.021964 -9.142717 5.269997 9.555296 9.776869 6.518029
6.067225 9.892269 3.626200 -6.951796 4.249183 12.157159 9.691100 7.082597
-18.370241 14.464225 -8.757419 -9.003039 5.407955 9.638131 9.782400 6.495971
-10.599326 16.890745 0.629938 -15.375300 5.707374 7.603880 13.202911 4.621939
2.144378 22.495461 -10.227742 -7.790878 5.553121 9.270537 10.042346 6.426276
1.915117 22.544496 -6.804324 -11.728734 4.570376 8.709861 9.769567 6.485187
-7.155876 14.162673 6.083206 -8.821409 5.106134 10.044313 6.463259 7.193830
11.401259 8.411329 -8.556240 -8.032605 5.134680 11.501901 8.765220 6.296375
