3.402100 -20.524573 4.754128 6.373197 8.512122 -3.516689 -8.672159 -1.839068
5.930651 0.265186 0.608272 16.761815 8.154534 -3.224306 -8.869131 -1.958068
16.053821 -16.040130 1.227692 7.350380 4.058439 -4.818344 -14.252263 -6.985803
16.191696 -7.325369 18.220907 4.787667 7.299161 -3.495875 -8.231696 -1.758029
8.413151 -21.846652 4.281120 5.411499 9.247747 -3.503745 -8.909021 -1.908676
-4.596197 -5.636473 6.453218 6.166028 8.596542 -3.426202 -8.783698 -1.888344
22.810300 -13.442342 4.897351 7.728423 8.714072 -3.363178 -8.963457 -1.932889
24.102512 -8.907085 5.443661 6.213611 8.586433 -3.387713 -8.878098 -1.825123
16.696240 3.685779 5.597963 5.474582 7.767263 1.054680 -8.519327 1.781845
8.854553 6.206942 5.860202 2.328933 10.579818 -3.024200 -8.916048 -2.017672
-0.750425 -6.243957 8.567499 13.027645 8.301152 -9.797079 -9.428789 -2.838700
18.303342 -15.605831 -0.530286 11.999595 7.743165 -2.730889 -8.677055 -1.886180
3.567785 -17.779554 13.529126 6.139422 7.762820 -2.657112 -8.438823 -1.994941
21.838374 -2.084550 6.366591 0.726262 8.698711 -4.029039 -8.997428 -1.265398
3.750135 -3.792855 15.414163 13.928636 9.616040 -2.556019 -9.220632 -1.626515
4.795014 4.003128 11.127045 1.830222 9.079302 -3.534958 -8.783845 -2.032855
24.027358 -7.716572 3.634506 5.619063 8.395585 -3.167360 -9.078465 -1.499310
-2.015450 -12.640529 9.882570 8.677675 7.679512 0.751778 -10.442934 -1.513435
13.524733 -14.910609 -6.339851 6.886452 8.114811 -2.987123 -8.863312 -2.068629
-2.092174 -15.813843 6.030467 6.108767 8.553895 -2.581655 -8.792234 -2.528138
23.554454 -6.478389 4.904147 5.980291 4.852241 -3.775239 -8.230552 -3.022839
-3.086513 -3.399457 0.491107 7.073637 7.764064 -2.029575 -8.285760 -1.442085
-2.491335 -3.704444 9.603341 0.948217 8.539590 -3.837609 -8.811975 -1.506364
18.554949 3.585675 8.157612 6.265109 8.602378 -3.354628 -8.893039 -1.894351
4.650878 3.495096 12.526041 3.222504 7.021234 -3.830563 -9.280885 -1.628917
23.110150 -7.569309 3.190107 1.330549 8.720529 -3.434823 -8.950139 -1.936129
9.692283 -20.438018 0.771235 5.337132 9.273756 -7.673750 -9.637313 -2.176584
0.509771 -0.244626 13.918289 6.320433 8.594937 -3.358684 -8.892873 -1.894487
18.891268 0.226115 13.194587 7.008191 10.587489 -3.892599 -8.894505 -1.753413
-3.870468 -12.513081 5.500832 6.347408 8.668741 -3.368593 -8.881902 -1.885835
-4.669379 -7.127291 6.478644 6.859544 8.694350 -4.039522 -8.892864 -1.209344
15.053526 -19.080346 12.172967 5.326762 9.287552 -3.886382 -9.267665 -2.538097
