14.662951 -6.953545 14.433283 -9.676183 10.874723 0.914838 10.950302 -4.937098
8.358792 9.704830 4.119299 1.149406 2.923851 0.703803 8.302797 -3.920481
16.818038 8.502461 5.054592 -9.101210 4.356445 -1.046904 9.141359 -2.667987
-10.003997 2.462514 7.507555 -8.011650 4.915754 -0.494580 9.177995 -3.247244
19.901860 -1.376400 10.169948 -9.126188 4.860772 -0.707150 9.139033 -3.230578
18.425929 -4.341273 2.433416 -14.797559 3.842418 -1.501805 9.516502 -3.245512
16.096819 -9.837775 0.041608 -5.041502 5.308766 -0.505287 8.996346 -3.023574
14.779615 10.589364 5.535284 -8.647099 4.918291 -0.497333 9.180058 -3.246622
14.057124 -7.626159 16.869982 -8.100024 5.637782 -0.546479 9.048359 -3.381428
11.164415 12.771705 6.641104 -9.119646 4.922389 -0.518469 9.234879 -3.250732
17.853259 -6.268554 11.979928 -4.753826 4.774110 -0.341127 9.005398 -3.823236
20.172528 0.496100 5.373092 -6.178416 4.744810 -0.232909 9.160796 -3.252371
13.316267 4.786198 -1.273515 -4.991675 -0.556005 4.174724 12.836925 -5.029378
14.183971 4.267452 -5.157864 -8.016644 4.922909 0.509138 9.262432 -2.948065
12.013229 11.042395 9.850957 -13.134517 4.850982 -0.351930 9.151939 -3.198580
9.741955 -2.717532 -7.255039 -11.492687 0.428688 2.265661 9.402747 -0.324768
11.886776 -8.398013 16.467245 -10.990335 9.659108 1.932819 9.460994 -3.520433
15.640057 1.763538 14.705869 -14.554473 3.072282 0.350935 8.285737 -2.872881
19.319806 3.825546 4.520560 -9.585038 5.878428 1.403443 9.160828 -2.824084
2.283851 -1.486453 20.191932 -7.388528 7.433234 1.795476 7.663468 0.655980
15.749580 8.642144 7.302797 -10.094816 0.661406 -0.999245 8.383152 -3.896788
-2.813852 3.507134 4.414282 -3.059016 15.389202 0.483848 7.448029 -0.168048
-4.061006 6.976909 6.352587 -5.516627 13.116341 -3.108425 8.284989 -5.333360
-0.978796 12.513864 9.037779 -9.709340 4.415234 -0.871453 9.209236 -2.808897
15.191280 -6.244688 -4.687182 -9.714707 4.251731 -0.516050 9.759239 -3.651986
13.360390 9.263710 4.864294 -2.880917 0.234667 -0.547704 9.626101 -3.233984
1.976943 -15.342100 11.765464 -10.469471 6.096679 0.679583 9.288717 -3.050734
19.739088 -6.049801 7.247632 -9.285661 5.043584 -0.526542 9.282091 -3.406839
-4.860258 5.582951 7.785364 0.950307 5.326848 -1.056181 9.100211 -3.310951
17.640123 -6.382140 -1.256143 -9.451059 3.582820 1.110058 9.735373 -2.767326
4.017617 13.980181 6.841820 -9.880129 4.445770 -0.579985 9.295323 -3.084200
-10.587550 -1.935095 5.648795 -9.180895 4.926097 -0.500907 9.104495 -3.236926
