-2.536270 -1.867747 -2.459256 -4.316913 -4.916265 -9.789271 -5.874851 4.356107
16.262863 3.107120 -4.751704 -0.204229 -9.006639 -13.780878 -4.242309 3.955070
8.934986 15.105253 -7.197613 -10.555679 -12.171229 -9.710707 -9.353609 8.101946
10.885310 23.023604 -0.753692 -0.086184 -5.868860 -9.235842 -6.557583 5.215462
18.752771 5.202429 -6.342543 -2.735505 -3.619636 -9.711924 -5.662023 5.111319
-0.092720 17.244157 8.160905 -7.294743 -4.603937 -8.960790 -5.941376 5.369613
1.438191 0.139323 7.407419 -6.761553 -4.502744 -8.799588 -6.457864 5.532512
5.238471 -4.716056 -2.751327 -1.614948 -4.565249 -9.473424 -6.161879 5.477112
-8.499093 11.558091 -1.673380 -2.860182 -4.839573 -9.289199 -5.987355 5.485885
-0.413385 22.771306 -1.659509 -2.432458 -4.666031 -9.307702 -6.025173 5.446680
16.957045 0.339645 -1.379002 -2.845655 -4.707768 -9.218311 -6.002861 5.342468
19.910846 6.032716 -1.797808 -2.165151 -4.745116 -9.533268 -5.864702 5.535568
-5.516330 12.516516 -9.612935 -5.200604 -4.796941 -9.348204 -5.896387 5.277985
12.919538 -1.135919 0.865709 -7.642852 -2.139396 -7.253226 -5.939087 5.368353
19.459076 14.719205 -1.095927 -1.585121 -4.591862 -9.219924 -5.982152 5.459167
7.647153 -0.194224 -7.711914 -8.867664 0.764847 -9.576453 -5.909147 6.083578
19.053832 8.685417 2.532977 -0.103395 -8.349279 -9.930513 -5.891194 5.579794
16.888945 19.044708 -0.714438 -2.580163 -5.223985 -8.582689 -5.916786 6.151066
20.346193 10.779159 -1.258314 -2.310168 -4.805822 -9.333635 -5.966429 5.422995
-4.820109 -0.059554 -0.778636 -2.718633 -4.755668 -9.283969 -5.990568 5.428670
14.255686 0.525379 -7.125840 2.380857 -5.464022 -10.155568 -5.563334 5.898199
-8.568771 8.441135 -1.337253 -2.528702 -4.615026 -9.315483 -5.973148 5.449105
11.001906 2.822936 7.975138 3.370827 -4.927659 -10.993013 -8.740480 4.033229
4.112931 14.158483 11.126025 -7.628469 -4.641628 -9.209438 -5.983650 5.391376
15.037433 20.810475 -0.309527 -1.609438 -5.008182 -10.152564 -6.421589 5.333002
5.854845 22.587845 5.061021 -2.326821 -4.139059 -9.799269 -5.754369 5.153449
19.278474 9.711661 -6.646904 -3.887577 -5.748771 -10.671342 -6.012607 5.422562
-8.093370 5.822848 -1.718059 -2.754163 -4.706583 -9.304266 -6.005083 5.433073
18.913945 6.396560 -6.181467 -5.069247 -4.202283 -9.429416 -5.772988 4.374566
20.366956 10.525592 -1.583967 -2.455052 -4.700775 -9.304830 -6.007527 5.428673
-6.258785 9.527551 6.373640 -2.866917 -4.950244 -9.475946 -6.008264 5.433847
20.267729 8.133096 -1.244363 -1.454847 -4.693333 -9.313373 -6.021365 5.414165
