0.187833 -14.003274 -8.885909 2.551226 -1.376570 -1.230102 -8.858270 -4.604478
19.865172 0.007916 -7.644258 4.059036 -2.781255 -1.715872 -8.681750 -4.533097
18.963595 4.699007 -7.659773 4.063880 -3.037701 -1.553181 -8.715943 -4.661262
11.790979 4.355558 4.552642 -1.312491 -2.662962 -2.127713 -8.700774 -4.596991
0.254234 5.401206 4.647825 -0.507616 -6.131970 0.855929 -8.869332 -4.486356
-6.800174 -6.978646 -2.829208 0.943686 -3.264330 -4.913111 -8.860508 -4.218982
-5.699625 -0.001163 -14.758795 9.876254 -2.683921 -1.808274 -8.579216 -4.646180
19.895011 -0.319265 -6.600977 4.583935 -3.029092 -1.607713 -8.578728 -4.497887
3.909755 0.999812 5.375104 -0.939248 -2.729742 -4.553241 -15.042327 -4.834712
-0.045893 12.554075 -5.839430 0.671475 -3.394319 -1.130426 -12.349653 -4.616982
-8.904322 0.569561 -3.585367 7.115868 -4.596466 -1.514833 -8.745518 -5.002620
17.284914 -4.273261 -14.060108 4.001128 -2.970330 -1.616545 -8.694645 -4.606216
18.069943 4.589418 -11.230570 2.991960 -1.912649 0.004517 -8.422724 -4.579418
3.684849 14.339468 -6.476827 3.952488 -2.978638 -1.631860 -8.646951 -4.621692
-7.922838 -5.891913 -9.336595 4.210656 0.344296 -2.244366 -9.175243 -4.727613
19.702717 1.629953 -6.957573 2.817394 -3.114835 -2.209833 -8.965056 -5.052332
-6.972861 -5.796362 -13.217706 4.364350 -3.063285 -1.586430 -8.823476 -4.595432
-1.543765 8.435888 -1.627893 12.424445 -3.244645 -1.616584 -8.532226 -4.811473
18.534896 3.842713 -3.465658 7.206455 -2.465245 -1.937798 -8.675313 -4.627908
2.617725 -7.314600 -3.388886 5.150996 -0.381636 3.140133 -7.709521 -15.701508
4.764610 0.772418 -19.808579 7.974554 -3.619757 -2.905127 -10.468432 0.011598
-9.695588 -0.074564 -6.455125 4.044852 -2.976211 -1.617558 -8.693981 -4.606200
3.904570 12.306097 -10.684557 4.470827 3.273773 -1.224713 -8.990878 -4.390604
-5.977199 9.414424 -6.692414 3.784147 -3.137451 -1.786780 -8.621703 -4.750595
-9.257292 -1.668374 -9.946106 4.010660 -3.013667 -1.613685 -8.778909 -4.504654
16.680311 -9.603565 -7.205784 3.708885 -3.162131 -1.610819 -8.692240 -4.603183
18.786895 -6.029845 -6.263330 3.517247 -3.026115 -1.623351 -8.771325 -4.698186
-6.127981 -4.743225 -12.535052 10.071903 -2.729379 -2.007870 -8.880487 -5.468719
13.683453 -6.579891 -5.843628 -5.029883 1.986948 -0.521492 -8.259732 -3.806794
13.374669 10.472498 -1.020105 2.830700 -3.093595 -1.824750 -8.077046 -4.434936
19.332154 2.189138 -6.547821 7.081215 -2.788668 -1.962295 -8.664102 -4.615329
19.877168 0.293079 -6.011292 4.149092 -2.609724 -1.570890 -8.652649 -4.607453
