-17.047418 6.382282 -8.130231 -7.958823 -8.182855 0.986085 -4.696966 -4.719883
7.744086 5.243185 2.752456 -9.787101 -8.024486 2.578005 -2.751242 -2.652161
-16.339972 9.719172 -3.664666 -7.635478 -8.043707 1.548436 -4.120565 -5.293426
-12.237147 -1.988736 -12.577492 -9.109413 -7.617150 -0.198081 -7.326140 -4.692570
0.317844 -0.817034 -11.915960 -19.070871 -6.161574 1.811524 -4.409597 -4.847274
12.022600 5.244882 -6.885041 -4.046033 -8.057173 1.256888 -4.882631 -4.498243
-7.729253 -3.646402 -5.527688 -10.748363 -2.239093 5.564723 -4.674375 -1.925696
-14.732288 14.107687 -11.051109 -6.692069 -8.382814 0.363168 -4.315035 -5.954016
5.141402 -2.488607 -13.268798 -4.431974 -12.480801 1.930799 -6.624100 -6.355754
11.751690 12.164149 -7.792757 -6.747019 -8.038990 1.072581 -4.693970 -4.550918
-14.796790 0.007430 -10.359373 -9.482384 -7.801149 1.140639 -4.679785 -4.619505
9.965948 3.464672 -1.878847 -12.433557 -7.279502 -1.046068 -3.670247 -3.649406
-2.328511 21.034316 -6.726209 -11.793518 -5.423724 0.894465 -3.162480 -2.601796
9.349800 3.925694 -5.409669 -16.214363 -9.208567 1.667155 -4.481050 -4.718427
-11.831624 12.723671 -12.643121 -15.568699 -4.763482 0.701285 -4.149397 -4.093829
-5.752438 21.383057 -4.849190 -8.396303 -8.105333 0.945421 -4.675927 -4.921588
9.784740 -0.232661 -12.087715 -8.512555 -7.830505 1.055401 -4.684509 -4.696376
0.583050 -0.453510 -2.804510 -15.615612 -13.736518 4.242665 -6.954958 0.131457
0.663996 20.149077 -11.494786 -12.313722 -9.593366 1.529680 -6.926608 -5.011308
8.031266 -3.510161 -8.760659 -7.703834 -7.947824 0.984008 -4.687653 -4.695107
-8.854099 16.434148 -9.892598 -0.146506 -2.905930 0.007239 -4.051939 -4.903796
-6.588741 14.972495 -1.018991 -17.757941 -8.107928 2.134653 -4.741643 -4.736983
-16.524817 3.644171 -5.613936 -8.074799 -7.345233 0.799526 -4.443368 -4.904106
-4.697611 -2.785923 -9.136868 -16.824107 -3.128263 1.566005 -2.113586 -3.514268
-15.249032 8.836223 -11.133240 -7.949928 -6.581601 3.892595 -7.642012 -0.713249
11.861622 2.670958 -9.042188 -8.010202 -7.904667 0.970342 -4.693046 -4.723136
-16.266419 9.266338 -3.078154 -8.050916 -8.482567 1.037509 -4.855802 -4.908277
3.124429 17.524611 1.649390 -9.039112 -6.657574 1.036740 -4.512828 -4.796571
1.797918 9.369108 6.542014 -9.968270 -7.810496 1.196208 -5.076792 -4.743383
11.129781 0.755233 -8.739734 -7.940133 -7.993082 1.000783 -4.677368 -4.676417
11.879366 7.081217 -7.847421 -12.538382 -7.858808 1.022421 -4.688485 -4.693516
