-19.644509 -4.155023 11.808220 3.716427 -3.032451 -8.345026 -4.118613 -8.185744
6.167429 -3.501962 7.571933 -6.547942 -3.027946 -5.879619 -5.102432 -7.996369
-13.114266 9.337789 4.910148 1.397938 -3.861054 -5.793197 -4.811746 -8.015749
-10.477460 3.431386 14.571794 -8.242988 -2.153313 -5.123657 -4.840590 -7.918788
-13.808479 6.471015 -0.905982 1.174757 -3.312528 -6.034214 -4.521865 -7.894599
8.059627 -0.869544 5.980118 0.838630 -3.829768 -5.480856 -4.790492 -8.097244
1.250814 -3.366385 15.914554 -5.625038 -7.245738 -9.946633 -4.549967 -7.389754
1.549776 7.937450 3.133211 1.782021 -5.677092 -4.162225 -5.094876 -8.298480
4.132386 -8.062863 13.675497 7.285964 -3.773944 -5.675047 -4.994366 -7.898718
-2.990920 9.000073 8.082512 -4.634813 -4.827726 -5.477829 -5.403594 -11.255480
8.031413 -0.789792 7.228098 1.977654 -3.154099 -5.657302 -4.766903 -7.963097
-18.386024 3.413470 10.293447 -0.533938 -3.597090 -5.716362 -2.478789 -9.478609
8.340956 -3.420803 6.714545 1.076939 -3.655124 -5.851044 -4.843557 -8.008799
-21.052638 -3.250561 6.908671 0.942700 -3.669597 -5.848528 -4.881962 -7.974492
-20.982898 -4.760047 6.758138 1.588203 -3.607112 -6.164747 -4.260194 -8.268375
7.359260 -0.512684 3.238651 2.982682 -2.192690 -6.178135 -4.898574 -8.036894
0.838552 -10.866095 -0.230053 -0.802917 3.961111 -6.168498 -4.541522 -7.986782
-2.402557 -6.837977 8.115725 11.378111 2.313073 0.682942 -3.058136 -7.309270
-20.843687 -5.385096 5.974679 2.300512 -2.772038 -5.881800 -4.847420 -8.006344
3.408997 -3.071599 -2.312974 4.087935 0.936559 -8.317443 -3.921410 -8.581160
-16.597188 6.514648 9.231392 1.329101 -2.386002 -6.187818 -3.684766 -7.354553
8.278245 -2.501393 6.212522 0.513132 -3.671292 -6.074294 -4.786054 -8.056798
8.298202 -4.273058 5.919360 1.213814 -3.659389 -5.874272 -4.853483 -8.010383
-20.005231 -8.756790 7.643151 2.575736 -3.679487 -5.867299 -4.881619 -7.993437
-6.700008 2.328014 12.985136 -9.668624 1.159151 -6.528509 -5.432326 -9.870885
-0.061557 -14.272068 10.720497 5.724352 -3.357164 -1.197045 -4.851245 -9.819230
-13.676584 -14.230665 0.729380 0.340121 -5.607523 -3.310097 -5.897250 -8.385406
8.229851 -2.442460 8.215550 1.054919 -3.677436 -5.803425 -4.862214 -8.032005
-6.006622 10.462852 10.883557 1.267090 -3.314145 -7.184461 -5.334892 -8.328677
-0.777255 -3.296837 -5.568819 0.610729 -6.891766 -2.809931 -1.585799 -6.887658
-17.976628 1.573711 1.666152 -1.984236 -7.990795 -5.820680 -4.737776 -8.025207
