10.566250 12.490934 -3.261487 1.053577 1.795008 1.188365 0.730573 -9.530327
15.874255 12.193524 -10.012269 5.555472 -0.889540 3.780301 -0.672995 -10.027602
-6.413950 -0.573906 -9.537648 4.453133 1.140975 1.181578 1.079095 -9.668135
-5.553068 -2.977653 -5.837928 4.418329 1.115223 1.349183 1.033475 -9.670559
21.518124 5.477064 -11.605968 7.841677 2.197531 -0.282189 0.617364 -9.329245
7.543705 -8.519287 2.230508 5.013845 1.151482 1.372594 1.064104 -9.695147
-3.336324 -0.954455 -18.757110 2.656100 1.123596 1.382385 1.031447 -9.677909
-1.817969 6.455318 -1.803125 1.982177 1.174619 1.286090 1.048357 -9.634935
-3.555449 -6.002408 -5.267087 1.149180 2.186432 -0.350433 2.965889 -8.870136
15.197304 12.657659 -6.926437 3.765958 2.521665 1.654983 0.836403 -9.954030
-5.996845 3.469107 -9.724411 4.601654 1.103316 1.302310 1.046480 -9.714784
3.271210 7.600659 -3.852807 14.451988 0.957475 1.302763 0.782624 -10.072547
22.771635 -3.319887 -10.163156 3.397374 -0.290358 1.751581 1.051426 -9.592604
18.129387 10.683796 -13.091978 4.597952 1.016392 1.287037 0.974661 -9.736551
22.584331 3.790291 -9.411512 4.526784 3.066597 1.818616 0.924161 -9.663024
6.816754 -14.359007 -13.417430 5.669654 0.399405 1.351006 1.058816 -9.669795
-5.220975 -5.908213 -9.407038 4.802298 1.393055 1.338811 1.028898 -9.678185
-5.988397 -3.595598 -9.538937 4.514721 1.640731 1.088706 1.040400 -9.675175
-5.956983 3.155383 -11.726203 4.624001 1.108888 1.668899 1.069458 -9.580095
-2.747690 9.700527 -9.849566 4.692204 1.207572 1.158230 1.015733 -9.717313
-1.493064 10.968090 -9.919063 4.269142 1.120102 1.323893 1.033085 -9.647668
8.583673 14.711757 -9.449792 5.564484 1.561769 1.298666 1.030118 -9.711600
-0.815014 10.808009 -8.979037 7.329494 -1.303483 2.557147 1.896661 -9.398354
21.528364 -6.926619 -10.894724 5.151539 0.930727 1.363505 0.883419 -9.563878
23.003940 -1.650334 -10.848774 6.476181 0.629329 1.070089 1.294729 -9.476644
13.294253 10.127491 -2.421638 5.415314 3.612658 4.712801 -1.241810 -13.159207
-5.473283 -3.127492 -12.325066 3.216308 0.874057 -1.105835 2.782572 -8.430923
15.094363 -11.993592 -14.867488 3.929090 1.802506 3.722752 1.995257 -8.336467
-4.022724 -7.863415 -9.857464 6.181528 1.324057 0.113848 1.047080 -10.632233
23.096252 2.012841 -10.383615 4.419062 1.081237 1.316224 1.114997 -9.738426
-5.205478 -0.665419 -7.648444 4.193731 -2.465557 5.386210 1.004126 -9.712386
22.695569 -0.811500 -12.705438 3.019224 2.408101 1.526883 -0.698060 -8.768404
