-3.522716 15.256860 -5.383597 1.170929 -2.930847 10.716702 4.944580 4.527515
-7.335549 10.072060 -16.869438 -0.373358 -10.276412 11.236238 3.438973 6.142317
-3.292344 13.923132 -14.583046 0.782336 -7.209006 9.692567 0.483608 8.793030
-6.272976 -1.733407 -19.677212 -6.409650 -5.793551 9.313532 4.321596 5.416751
14.636608 5.220236 -7.777749 -6.714156 -6.401762 9.550770 4.344292 5.358339
7.391085 -7.348874 -10.444099 -6.486330 -6.329902 9.549305 4.356800 5.363375
-13.258799 5.153221 -13.055098 -8.405749 -6.237538 9.600098 4.606304 5.608141
-3.001692 18.897839 -7.332642 -6.653955 -6.330243 9.559047 4.352898 5.367578
-0.529840 4.497371 -6.933507 -0.625385 4.399679 15.173339 6.619138 9.060363
-1.480329 -7.170591 -12.842183 -2.072279 -10.423174 10.262484 4.270885 5.079858
12.854702 10.657892 -9.644582 -7.604778 -2.566162 9.340617 2.950480 5.352147
3.741745 10.778534 -14.320143 -9.230625 -10.788448 0.651570 -0.380285 3.525128
7.895422 10.444779 -0.202704 -6.439804 -8.999956 4.386482 4.717490 8.392880
2.809242 14.378329 -18.517520 -10.057856 -8.615731 11.225940 3.781522 5.638396
-12.702558 10.990775 -8.898081 -6.569757 -6.315351 9.564736 4.362496 5.365779
13.330592 7.649147 -4.018790 -8.414020 -7.958287 9.616561 4.312883 5.396750
-13.794587 2.719800 -8.819797 -6.169383 -6.187528 9.521707 4.436799 5.293551
13.096351 5.938452 -4.684652 -10.006883 -4.542692 11.482775 2.214819 6.335619
-11.999462 0.673430 -12.345919 -2.495131 -6.067825 11.757068 4.810616 6.181272
7.568417 -2.072526 -11.294978 -16.289008 -4.883141 9.586593 4.456662 6.183404
-13.733301 2.995640 -9.231211 -8.122308 -6.026785 10.305113 4.320722 5.432936
-12.487468 2.291538 -7.759067 -12.176674 -5.616332 9.573935 4.353798 5.380576
14.425387 7.038122 -10.407473 -5.490206 -6.097698 9.512661 4.505440 5.260297
-2.450214 4.756615 -13.056934 -10.120702 -10.945489 19.718634 5.812327 -1.064215
-12.468452 -0.865168 -7.013431 -5.899416 -7.194258 10.531145 4.701964 4.705529
6.692644 -4.167242 -8.552768 -9.658947 -13.701499 9.556715 0.345300 5.051460
4.457655 7.821893 -9.549106 -19.480228 -8.110122 10.751802 2.230937 7.561274
-1.578291 -8.961476 -11.062176 -7.522476 -6.582138 9.903414 4.391558 5.383298
-8.973177 12.148283 -0.919578 -4.553313 -6.217901 9.422268 4.368133 5.361404
12.438281 12.747419 -9.157995 -6.809974 -6.288731 9.539535 4.369341 5.364211
13.837494 2.520052 -11.744045 -8.852938 -4.361758 9.124834 4.654205 5.341076
-13.854132 3.063822 -8.934344 -6.570514 -6.316365 9.556901 4.356681 5.361212
