-18.441715 6.808623 10.570349 1.259745 2.934044 -0.711549 -10.213029 -6.211271
-0.725629 -11.577357 6.323907 8.258385 7.830128 -1.811544 -10.483760 -5.188215
-21.311166 -6.948445 1.328686 2.916665 1.710326 -0.515415 -11.979129 -7.443325
-7.462980 5.332374 0.649773 -7.028038 1.305001 -1.205713 -10.142248 -6.558121
-18.702737 6.466286 5.425970 1.072963 1.687062 -2.222339 -9.550167 -6.662647
-23.636518 -4.658459 8.085361 1.176034 2.884586 -0.973543 -10.057751 -6.401942
5.238436 -3.294008 6.652145 1.245623 2.953964 -0.930713 -9.949695 -6.567606
-12.933780 0.295348 0.936283 8.777798 1.377863 2.602897 -3.796921 -10.400695
-23.545859 -5.762980 7.836112 1.038838 3.026460 -0.916286 -9.952816 -6.469001
-21.439740 -9.390410 6.532924 4.159036 -0.154366 -3.674919 -10.573337 -6.148259
-6.060412 10.155511 7.836331 0.673315 2.713561 -1.028771 -9.983140 -6.520134
3.959131 1.040875 5.550315 3.581678 2.995346 -0.912838 -9.952500 -6.425573
4.998834 -1.303811 9.150382 1.200165 2.896657 -0.830342 -9.669078 -6.581580
2.262800 -12.658230 8.864346 1.659176 4.469885 -0.512826 -10.000804 -6.768431
4.127697 -9.586403 6.996379 0.240233 3.249225 -0.948977 -9.945085 -6.496110
-18.469106 4.553300 3.983711 5.856610 1.113737 1.461868 -8.414053 -6.371126
-20.270541 4.799794 9.457452 2.675062 4.643636 0.056686 -10.584679 -7.049215
1.244044 1.512428 1.547275 5.442088 0.577411 -3.152337 -9.577313 -6.583532
-21.810608 -10.271324 8.359336 2.658191 0.470448 0.042241 -9.872184 -6.629296
-8.114256 -9.900912 21.040450 0.456722 3.553931 -0.712273 -9.987637 -6.492608
-12.835444 4.042012 -3.457427 1.544704 4.727095 -0.788471 -10.229863 -6.594580
1.037759 -13.803713 8.429225 3.367230 3.186806 -1.764670 -9.716079 -7.999736
-19.021566 -11.313409 14.977997 3.947817 3.338607 -0.936801 -9.962185 -6.523309
-20.470586 2.615199 2.913248 3.291392 0.807594 -0.852654 -11.843005 -6.088152
-12.981044 -3.114686 -4.518475 7.342070 3.688202 -1.062221 -10.070918 -6.399210
-19.584398 4.147892 13.033735 2.662728 5.459282 -0.859660 -10.045311 -6.899541
-13.323692 -0.451472 -4.647242 -1.339919 6.346904 0.828924 -9.984621 -4.618096
5.111770 -6.044208 8.044855 0.043040 3.701248 -1.006121 -10.082047 -6.638717
2.133160 4.526276 9.167793 -1.660688 2.151241 -0.791487 -9.955051 -6.516903
-7.783079 9.002399 4.305659 -2.709170 5.524669 1.535015 -10.228662 -5.889130
-20.581482 -8.393123 0.169488 0.547210 2.852379 -0.452447 -9.664858 -6.551379
-16.586653 -13.440054 10.599317 6.901544 5.316604 2.143546 -12.892770 -6.177007
