-6.881755 -7.258782 -3.107139 1.403612 -12.565630 2.639411 -0.734579 11.046392
9.659435 5.842957 -3.472876 6.537004 -10.209397 2.718343 0.965557 10.051114
-18.734877 4.537907 -6.015477 9.295550 -10.373364 0.409094 -2.421421 13.626765
-4.138358 -1.355712 -6.495360 -5.683009 -10.190049 4.421989 -0.353958 11.415254
3.561995 -4.260485 0.377843 3.522681 -10.223955 2.051324 -0.522892 9.521248
7.987040 2.551791 -10.397734 5.037486 -11.126558 4.008751 0.539226 9.639720
-18.088206 -1.104129 -2.151935 6.555327 -9.820710 2.962368 0.519872 9.515240
-7.068069 6.202859 -9.162786 21.130568 -9.859990 3.016124 0.526064 9.664873
-7.799525 -7.014284 -1.805117 10.341096 -11.893291 7.038111 3.129246 9.796588
6.256440 -1.358503 -9.857361 8.439169 -6.805685 2.882905 0.163522 9.770083
8.091256 -0.025831 -2.865161 5.738814 -8.579473 2.363593 1.004316 8.122798
9.117977 3.582278 -7.494051 4.755838 -9.410422 3.070331 0.599059 9.881728
-16.433022 1.271931 -2.886222 9.565938 -11.925389 -2.971384 -2.373074 5.708638
0.280725 -6.623827 -3.406229 8.755719 -9.601011 7.716379 -1.489070 11.198511
-19.674990 9.055997 -4.555007 4.617644 -9.951296 2.713792 0.544319 9.604298
-9.569882 6.465332 -6.122554 3.222105 -20.770154 7.437857 6.950302 6.384697
4.528304 8.148713 6.051891 8.456035 -8.414083 2.618351 0.407122 8.299870
5.895121 5.304100 -10.378217 14.477175 -13.286086 2.879205 0.066942 10.066797
6.461231 9.438577 1.231597 6.760946 -4.007587 4.095083 1.648171 11.231901
8.058884 4.034707 -10.756909 9.262698 -8.254152 3.061035 0.481380 9.577824
-10.126434 -2.926321 -8.028999 -2.863060 -7.894611 3.387517 -1.939607 11.271276
8.858452 2.861020 -8.672711 6.809458 -9.765295 2.362430 0.671286 9.348904
-16.804776 15.407811 -4.589064 6.094140 -9.085083 3.044122 0.839884 9.939683
-16.228358 1.376084 -1.019850 3.366481 -2.657826 3.620404 1.433567 9.123341
-1.687776 8.835702 6.543579 0.567267 -6.041450 -0.662006 -0.449532 7.574306
8.929273 7.655777 -5.151155 8.357466 -14.048778 1.782139 0.393911 9.550755
-12.081921 -7.260395 -4.817115 6.934785 -9.896426 3.071908 0.546439 9.667162
-3.784012 -8.324610 -8.617905 7.531080 -9.500234 2.856846 -0.131828 9.394070
-19.645926 9.092758 -2.674183 7.102766 -8.886697 2.522095 0.061436 9.334379
-19.100634 8.304464 -0.303110 9.315690 -9.907490 3.080333 0.549824 9.673674
-20.049704 6.556385 -5.548506 8.589939 -10.312471 3.196642 0.691221 9.776661
8.092867 1.390670 -7.305439 9.268406 -13.446631 2.544991 -0.135730 9.356956
