-10.175741 4.693589 3.022868 3.660355 -3.260912 3.434145 3.803487 9.297037
-17.663266 -7.091031 3.799624 2.192831 -1.531163 3.528255 4.850049 9.605298
9.925129 -8.504830 2.888035 3.374196 -6.035093 1.027897 4.187427 8.648596
-11.880890 -3.145204 -4.971959 2.767775 2.514694 5.819783 7.603248 11.122065
7.384866 -3.496914 8.036267 -5.313775 0.108022 4.170432 5.803809 10.930279
5.250603 -14.107601 3.186659 5.889665 -7.510562 1.433891 0.356655 13.607699
4.693506 -1.280735 -3.508230 -4.114324 1.006952 3.103688 4.687327 9.051964
4.490578 2.412800 -2.384819 1.091775 -0.572756 2.126531 4.884036 9.518031
-6.840257 4.118384 5.453451 8.161460 2.284178 1.851486 4.608238 10.676042
-6.845042 -14.256697 2.870822 -9.998501 -2.227796 4.438342 4.567890 8.739461
-8.882159 -10.505225 7.411323 -4.485541 3.938215 11.568874 3.450927 13.917922
0.890283 -17.688949 5.424948 6.856935 5.797109 2.845879 7.674355 11.331037
3.654382 -8.400172 0.595707 -3.426319 -6.686436 3.983755 11.323492 2.842090
-1.484357 -16.025449 -6.112328 1.177798 -4.502000 1.361167 2.936238 6.368138
-17.289236 -6.407153 6.297341 4.246557 -1.705798 3.367244 4.676686 9.574125
-12.654922 -15.004935 5.208661 -4.157936 3.085596 2.349050 4.557770 10.968214
0.324742 -21.234933 7.028008 1.545907 -1.453234 3.613647 4.826873 9.607041
7.115121 0.602147 1.120168 2.221425 3.178345 4.611960 4.591772 9.474201
4.251986 -13.998808 -3.820534 1.871618 -7.532317 0.442248 4.831338 10.044547
-7.007915 -14.299088 -3.253518 10.122794 4.023766 2.791969 5.157272 9.747711
10.071247 -10.551055 -0.382044 1.742771 -1.177774 3.612672 4.564170 9.748242
-1.452687 -18.693684 1.328007 8.253345 0.806291 -1.257181 2.155357 9.251770
-7.263042 -0.713328 15.371193 4.552522 -3.727403 3.290256 3.575034 7.708919
-0.702060 6.489785 3.524292 2.757737 -1.863313 3.763586 5.215931 10.097243
-17.287980 -6.844989 7.137130 1.398630 -1.299281 2.848470 4.794288 9.525067
-10.845777 -12.298913 -7.110260 3.003764 -2.843151 3.615042 4.764632 9.640310
-6.551207 -7.728517 17.220352 3.173930 3.136819 2.638834 4.746959 8.646593
-13.964713 -2.018412 4.653999 2.149300 0.599144 -0.059283 11.244086 8.064172
1.120953 3.952512 8.446628 -3.773394 -1.469103 3.581393 4.813814 9.588092
-2.766720 -21.358764 5.006652 3.839729 1.887681 5.010459 5.960518 9.270383
-1.344096 5.916268 8.275701 1.687505 -0.303891 4.300633 5.002631 10.330620
