15.566660 7.510219 -6.103911 7.995243 -0.232848 7.709764 0.514540 -4.399383
6.989802 18.068840 -11.664849 7.645812 3.157749 4.546899 -0.164593 -3.825604
8.048239 14.819960 -4.051432 4.756319 8.426119 7.954888 3.519483 -4.276587
-13.032698 1.673452 -4.927274 9.305470 -0.276253 7.700043 0.503869 -4.393134
13.123301 10.580613 -10.917120 10.241800 -3.729777 8.877893 3.639288 -6.019982
3.856359 6.177945 -4.053816 0.849465 1.794141 12.405321 7.777548 -13.027841
3.782639 19.925796 -2.152411 11.953711 -1.409787 6.840755 0.850422 -4.198574
8.570489 13.955692 -14.185599 13.855852 -3.359511 8.103217 0.468546 -4.291739
10.618267 -4.384280 -6.448687 8.078707 -0.247440 7.653079 0.457362 -4.416193
-8.801390 14.571263 -1.452899 8.195179 4.059234 9.941993 4.110536 -2.118597
-10.286770 9.230526 2.621750 7.276276 2.842642 8.390248 0.509690 -4.507657
7.286858 15.176706 3.831952 8.627861 -0.209606 8.201294 0.918769 -3.293947
-3.817117 9.361996 -3.768046 21.535714 0.039470 8.331961 1.518447 -4.513143
-14.027805 6.154059 -6.199006 8.041985 -0.270693 7.723434 0.503350 -4.397283
-12.845956 12.305201 -4.792462 7.929447 -0.260543 7.641182 0.478466 -4.366086
-1.826477 18.548087 -3.404314 14.383225 1.115753 11.792900 -1.307113 -5.344799
13.434328 4.504973 0.827585 6.723534 0.996778 7.263011 0.527843 -4.360852
-13.685236 9.002232 -4.087991 8.012648 -0.266908 7.705757 0.510944 -4.397779
9.104362 0.998498 4.531377 8.135632 -0.082676 7.851677 0.471115 -4.375352
7.178065 20.045391 -6.341764 7.771395 -0.261727 7.707479 0.526134 -4.394124
-2.317518 4.898729 -20.376711 8.714948 -3.175141 7.561580 0.766998 -4.408297
1.662561 14.996004 3.511064 4.099665 5.711261 7.594515 0.937367 -5.754394
-3.872930 5.308351 -20.278940 7.136085 -0.663454 8.016611 0.636375 -4.412254
-13.560849 3.246383 -7.743533 7.984224 -0.402808 7.799109 0.456259 -4.332462
-11.658413 -1.156987 -4.571099 7.557138 -0.276782 7.518218 0.556875 -4.241140
-13.525856 2.837653 -6.087961 7.804882 -0.267837 7.725003 0.516203 -4.400913
-7.526219 2.099576 -11.870285 0.854444 -6.005738 5.925016 3.854397 -5.023390
-6.638678 0.804246 -4.782368 -2.934073 1.774590 6.286900 0.379852 -5.710163
14.032717 13.233662 -5.519056 7.617872 -0.292379 7.841250 0.410252 -4.115485
-10.390417 13.236599 -13.516616 8.154147 -0.277034 7.716159 0.411684 -4.372835
-13.441345 7.113298 -9.735138 9.690153 0.338562 8.922116 0.510061 -5.271300
