4.170501 5.748752 -18.486322 -1.892298 7.726383 7.369795 5.586145 3.018936
-18.016760 14.755208 -1.116522 -9.943048 5.550225 7.146977 5.734920 3.646057
6.639020 17.166194 -8.076160 -5.257577 5.872191 4.007778 5.521762 3.359252
-12.709989 22.175032 -11.625450 -6.109978 5.666551 7.287363 5.806643 3.313490
-1.318299 9.541636 1.507434 5.093094 6.973982 6.301161 6.187174 3.268090
-13.407993 -2.057365 -15.889227 -7.893702 6.197867 10.427265 6.085665 3.723793
-14.891441 -4.075100 -7.139299 -8.139860 5.602451 6.631858 5.528805 3.107300
-21.520356 8.619292 -7.300401 -6.092685 6.644616 7.935269 5.814021 2.732738
-21.576632 8.238645 -7.797615 -6.262639 5.695533 7.374165 5.560575 3.108306
-18.035759 7.800430 -17.757290 -5.442923 6.258921 7.362503 6.202706 2.691493
-10.481356 11.479912 -16.289587 -18.336638 5.351588 7.323153 5.808521 3.924720
9.670452 9.360199 -7.808587 -6.168432 5.312005 7.342717 5.549913 3.103721
7.787909 14.874237 -4.614869 -4.266446 6.728592 7.254922 5.571368 3.081760
7.215824 2.731534 -13.958213 -6.215067 6.067666 6.640423 4.755148 2.866109
-8.338887 7.449082 6.879843 -5.709964 9.589963 7.349540 5.991215 1.710261
-15.002569 20.396291 -10.616195 -4.171651 8.362852 8.878357 4.488580 2.372147
-4.602781 -2.378816 2.825096 -7.854059 7.778173 7.263675 5.543465 3.099056
2.179123 21.467312 -11.326153 -7.033550 6.102873 7.321988 5.558881 2.696898
8.690166 6.441875 -9.281238 -2.466260 7.178275 5.589973 3.744034 2.069049
8.514552 3.727609 -11.373273 -6.181534 5.080035 7.158365 5.507607 3.159529
-21.338820 11.305730 -7.978968 -6.152438 5.650442 7.349267 5.529071 3.080790
-4.403114 -4.952994 -15.241855 -4.821326 3.682907 7.347509 5.545487 3.096301
5.157461 -0.200140 -8.607837 -7.154574 12.126083 8.545169 5.902564 2.353115
1.972438 19.816355 -3.497399 -1.387735 3.029442 9.415442 5.323363 2.856868
6.646493 0.933772 -8.900387 -9.887950 6.074202 7.454678 6.278074 6.740107
-7.174377 14.859945 6.254379 -5.392608 5.532068 6.590433 5.579820 2.673734
-21.292235 5.809929 -9.109696 -6.275851 5.689055 7.341085 5.542146 3.099001
-20.728238 7.509261 -12.441105 -8.407822 5.387452 7.631270 5.645396 3.200351
-8.801108 -6.715912 -7.185441 -5.257548 5.488204 8.342457 5.548952 3.407893
9.663374 7.551436 -7.908758 -6.319559 5.718019 7.311189 5.558891 3.097998
1.036288 15.120245 4.314670 -4.748348 5.758291 7.229047 5.545502 3.289114
-0.959506 -5.350306 -4.729289 -7.863571 9.317519 7.666472 5.516761 3.089397
