21.406035 -8.637353 5.207141 12.339254 9.246583 -8.525661 5.944168 7.025247
24.025861 -2.020663 11.524106 10.356436 8.607043 -9.191131 5.775607 6.099704
5.671442 3.223410 -3.949617 11.102368 9.569557 -8.726677 8.512654 7.843247
8.162068 -9.222615 -3.467266 11.075842 7.924756 -8.342798 6.122323 6.468645
-5.461817 -4.435327 13.546224 6.118836 8.315523 -8.501020 5.407561 6.234160
11.463826 11.857373 16.562756 9.440634 8.098056 -8.680008 5.946107 7.004614
-0.264737 3.717353 4.294824 17.754066 4.155679 -5.203593 6.150735 7.587565
-2.009174 7.722385 5.278884 10.147109 11.266798 -8.640454 6.294953 7.251623
-0.540134 -13.654212 12.386246 8.375790 7.611442 -8.737596 5.669820 6.983482
-0.848752 -13.513514 10.458195 9.885442 7.571350 -7.337129 6.565209 5.299836
10.701664 6.788085 20.272236 6.075720 3.988334 -9.017615 6.937965 2.468727
20.784810 1.699832 13.973851 16.857202 8.780861 -6.632257 5.250557 4.220246
6.786823 -12.262886 3.176458 6.633118 3.690916 -7.526836 -0.756929 5.706163
10.665270 -10.650984 5.600053 13.625613 19.173608 -8.921062 5.833200 7.192485
-6.318219 -4.764468 9.889769 9.683926 8.216385 -8.678714 5.929507 7.000425
8.575746 -16.522714 7.784508 7.834661 11.318388 -9.354921 6.602626 6.483011
-4.922706 2.743226 4.508117 9.546519 7.891299 -8.743744 5.688835 6.822541
6.480977 -15.097061 15.615646 12.713973 10.911725 -8.078232 6.806181 8.744586
22.421631 1.136749 8.691035 5.396491 4.113840 -9.526496 6.711353 4.858805
-0.977125 3.128617 0.109083 14.196028 7.942984 -8.884665 6.645629 5.782398
9.682189 -9.071575 23.197316 7.428200 8.305140 -8.818537 5.893991 7.430166
13.872546 -11.935855 2.127432 12.115922 8.776323 -14.781075 5.698846 8.877346
-4.008746 6.781915 10.129435 10.165715 8.077931 -9.309653 5.763231 7.064155
18.022740 -11.207584 15.147287 8.822527 6.697291 -13.993686 4.597932 5.873867
10.828481 12.752332 10.975025 5.362117 6.741809 -8.157854 6.196021 7.422559
9.176260 10.578159 6.404433 2.232535 9.995566 -12.225450 6.174397 8.224457
7.290201 -16.302406 6.758149 6.060240 8.073453 -8.578555 5.812916 7.030800
-3.903899 -8.155062 15.259653 11.904539 8.367412 -8.448368 5.330279 6.086475
11.886868 12.764842 7.886750 7.256292 6.415647 -8.948331 4.106019 7.454366
-1.573412 -10.070010 14.894535 11.934277 12.986279 -10.144912 8.223068 7.457894
20.022868 -1.591863 -0.627511 9.650595 8.212069 -8.694401 5.936369 6.990463
15.391948 -10.109172 20.907296 10.632954 7.357332 -8.908720 5.762687 7.304018
