17.577374 -11.020336 7.904956 -4.696181 8.467906 9.656858 4.838154 9.491173
22.959787 -5.013020 9.813755 -6.111810 -1.178104 6.563327 5.008854 9.150153
-0.157691 -17.963866 12.095410 -4.034512 -2.384779 6.384867 3.800430 9.124641
3.074763 -1.310939 2.227632 -17.269916 -0.966775 6.681792 5.161349 9.166724
3.372912 7.866461 6.866094 -5.684576 1.832555 6.450115 4.807546 9.204000
17.664362 -0.806031 0.264308 -5.231881 -3.786791 8.424952 2.587972 7.372611
9.528069 -18.570289 2.410362 -3.278283 0.757298 6.700654 5.053056 8.935407
17.662451 -7.446093 12.316158 -7.293589 9.066222 3.920568 6.406073 6.741224
15.944583 -7.224780 1.078757 -15.377068 -1.135245 6.395770 5.012444 9.180741
-0.544665 4.938430 3.979546 -3.579725 -1.517362 6.423041 5.021531 9.553588
-0.967283 -11.033246 3.001251 1.854752 -4.975244 7.596606 5.415147 9.300851
17.896279 -2.422537 3.380200 2.430580 1.298666 6.038664 4.994691 9.760436
16.512306 5.020214 10.025030 -4.397651 -3.800668 2.345227 5.789840 6.703664
22.620110 -3.839868 9.245556 -8.542408 -0.996805 6.560183 5.094198 8.908295
-6.661366 -3.751566 11.395686 -7.601351 -2.053386 5.765007 5.232008 9.036008
5.182570 -18.858049 8.002134 -10.901213 -3.702385 8.557478 6.505023 5.929078
-6.484291 -4.836161 5.964268 -7.810114 -1.269589 6.658948 5.125377 9.143689
-5.925426 -0.519728 9.925103 -7.698057 -0.321778 6.490643 4.511397 9.705233
21.520199 -0.204300 12.648968 -6.245941 -1.513414 6.754623 4.871593 9.301096
7.179532 3.470934 -0.866823 -2.682742 -5.358700 6.027896 4.077257 8.683540
-4.963763 -2.498446 14.777637 -4.894217 -0.588116 2.796115 3.102309 9.189161
-6.075135 -3.586897 7.583171 -10.425092 -1.193220 6.677300 5.014500 9.097380
18.943621 -0.847406 15.994279 -9.721126 -1.920691 4.182998 5.862435 13.299182
4.822474 -4.241151 0.085601 -13.782458 1.351283 12.400994 9.871402 9.742218
-3.669206 -15.319492 8.542724 -5.922999 -1.310970 6.955881 4.934982 9.205734
-6.937048 -4.406358 10.743819 -6.584357 -1.064017 6.620444 5.102671 9.160188
15.114100 -1.413459 -2.017493 -1.375969 -1.679055 6.588426 5.098593 9.150852
9.145704 -18.858734 6.698000 -10.545427 1.630232 10.822338 4.318680 9.678415
-0.573536 -6.783129 21.336298 -5.979045 -4.372089 5.128433 5.707815 8.673907
-7.064240 -5.923722 9.288780 -6.169348 -1.047611 6.547609 5.154475 9.004438
22.478137 -8.848669 7.079399 -6.031705 -0.963079 6.688328 5.098020 9.230016
13.491477 -0.758392 18.565857 -14.426025 2.138458 8.890715 5.065010 9.264232
