18.082727 1.618963 0.748510 -3.139093 3.331847 -3.603249 -5.326653 3.570075
8.106080 7.891346 5.580641 8.985924 2.791089 -3.806310 -5.646127 3.821598
-11.614451 2.398548 -2.937068 -3.847675 0.087947 -3.897999 -5.565799 3.664754
17.121073 4.245930 -1.063381 -7.234739 3.059387 -3.837823 -5.708773 3.829812
-11.406806 6.319229 -0.680391 -2.036361 4.963734 -3.013327 -5.659541 4.617902
16.633287 7.183840 1.255791 -0.357347 0.926102 -3.743151 -5.563705 3.598942
13.914787 -8.606409 1.620253 -1.862460 3.728103 -5.337782 -5.600332 3.514161
9.045288 13.226820 0.207741 1.953745 -0.390262 -2.788672 -6.666362 -0.995475
-4.196023 -8.996689 -5.122486 -1.016759 8.698055 -4.057382 -6.772103 3.229446
10.941744 -1.697106 -4.148378 -11.026426 10.109104 -5.481592 -1.854269 4.614356
-11.973614 4.896644 0.079864 -1.567692 2.810435 -4.091659 -5.548687 3.655199
0.305125 7.654313 -9.026060 -10.742156 5.704523 0.789090 -5.462244 6.343359
-9.625044 6.816349 7.342796 -5.071225 3.525891 -3.975497 -5.980468 3.435120
-1.311865 15.431068 2.874328 -4.876641 3.668043 -6.669880 -5.776665 6.350796
10.563045 14.021110 4.337455 -3.799152 5.294054 -3.517982 -5.912741 3.429165
3.800138 16.681246 2.898897 -3.127648 2.937405 -3.506509 -5.557888 3.694748
-6.048805 8.062256 -7.120505 -10.094678 3.189910 -3.683386 -5.489292 3.755818
-1.745802 -10.098415 -5.188468 1.677472 1.312721 -6.055696 -2.652545 5.025555
12.893160 9.227669 3.725757 1.509328 -2.563066 -3.815777 -8.962216 4.788309
-5.720189 11.890966 7.387934 -2.259521 5.706529 -4.603807 -4.856386 3.909808
16.924414 7.415468 -0.147000 -3.048538 2.713382 -3.620170 -5.518190 3.643688
-5.931074 6.960201 -4.488372 2.523054 -4.117710 0.554793 -5.935772 2.948735
16.970395 0.401924 2.120504 -0.296791 4.651767 0.681690 -5.244602 3.381877
17.197806 -3.340532 1.584292 -2.069679 3.202014 -3.802373 -5.509669 3.535770
4.483399 -12.635875 -3.842111 -3.167268 3.658384 -1.686461 -4.592385 3.201027
-8.947865 10.942630 -0.925429 -1.007143 2.234694 -4.051785 -5.598995 3.664184
15.771329 -0.162003 -7.239931 -2.991309 3.166330 -3.765946 -5.563791 3.658305
6.344939 -11.307480 6.836633 -1.640778 6.573934 -3.680511 -5.598322 4.362982
18.049607 2.424387 1.048279 -2.899764 3.717744 -3.734459 -5.692870 3.867964
-6.191306 -5.909370 8.456994 -7.481332 2.600020 -0.469061 -6.205339 3.803311
13.346357 11.704036 -0.577648 -1.112766 6.981807 -4.298647 -5.361924 4.573908
12.853297 0.084849 4.994569 3.157639 4.572107 -7.795513 0.871147 -0.155161
