9.197174 3.908838 2.442162 2.517508 -6.007367 2.764850 3.425681 -3.184593
-4.694464 1.403536 6.166601 -2.000809 -2.620894 -4.270970 5.550636 5.254320
21.959498 -4.270941 0.679607 1.123551 -3.541466 -3.166083 5.828747 7.479815
23.569092 -6.322787 6.448549 1.521108 -1.190088 -3.897670 5.596682 5.172622
-4.559464 2.977829 7.101595 1.401860 -0.453804 -3.918917 5.602379 5.088177
23.757327 -4.750511 6.798990 1.067229 -0.997494 -4.215127 5.663789 5.621728
12.528030 -7.533638 -0.007902 13.577799 -0.912935 -3.882976 5.448529 5.199473
16.431995 5.036951 12.824126 -2.613885 3.855577 -6.538293 7.919947 6.963054
20.604142 2.961120 0.549301 1.864096 -1.451564 -3.842458 5.631202 4.805209
-2.267684 4.431802 4.071168 4.278592 -4.430080 -2.364929 5.701776 3.326436
4.449284 3.615510 -4.874690 2.604228 -2.645326 -3.568379 5.799696 2.386288
-3.640974 1.293092 12.264867 -1.064389 -2.200757 -6.537970 5.227104 5.499963
5.235904 -14.406177 14.808140 2.997069 -6.538326 -3.395479 5.463764 5.223154
-6.007387 -1.673321 6.779442 1.479816 -0.652258 -3.911588 5.411635 5.211998
2.361208 -16.470152 6.375217 4.796034 -0.398561 -6.351938 6.140643 6.366948
7.758801 -15.237219 11.202948 1.003786 -9.353765 -3.848036 5.428163 5.676616
22.734904 -2.011802 10.613016 -2.384379 -0.749361 -3.869958 5.452426 5.205127
22.875088 -6.845709 10.771675 2.548807 -1.673112 -4.497342 5.445249 5.203794
19.375058 3.233934 13.099611 -1.280521 -5.248746 -4.276431 5.483419 5.230826
18.821014 -12.082458 -0.397665 0.862716 -1.604001 -4.491795 5.881577 5.261429
2.663194 -15.715443 7.188394 -4.424015 -0.073136 -1.094114 5.287255 5.533567
-0.156844 -8.791601 10.071795 11.755667 -0.249996 -4.139855 5.463779 4.986431
23.059037 0.312260 5.956606 0.747707 -1.955550 -4.458585 3.791892 4.932813
-5.388387 -7.850374 6.663118 3.460963 -0.946803 -3.754142 4.702065 4.660664
-6.127310 -3.920674 6.582021 0.764822 -0.528259 -4.056738 5.468654 5.259782
-4.454702 -9.153832 3.574910 3.469881 -2.556954 -3.901409 5.736246 4.790344
-1.231593 -14.567456 6.961659 1.503656 -1.075888 -2.922639 4.343777 3.379958
14.030944 -17.390709 3.890775 1.627337 -2.045004 -3.885369 5.451062 5.203996
9.357831 -10.495246 18.761982 7.519027 -0.828004 -3.923180 5.471245 5.206289
0.519046 -7.249792 14.789351 -1.500698 -7.973258 -0.598432 6.648859 2.073890
-5.216821 -7.579856 10.191324 2.089032 -0.823188 -2.984034 5.613448 4.949219
