-18.264120 -9.958287 0.633405 1.098526 -4.881826 6.825365 2.307144 5.295430
-15.965449 -13.347874 6.206628 5.925517 -3.502445 6.615493 2.237415 5.468816
1.952149 -7.441615 11.665980 -7.379981 -3.777784 10.451804 4.039985 4.919328
-3.726366 6.170555 3.126980 1.419595 -3.446721 6.663667 1.929705 5.802865
-15.079267 -12.564741 10.192477 0.716942 -6.541931 6.292502 2.042425 5.685014
-14.669616 -12.917417 0.414253 5.507733 0.192502 11.261144 2.167037 2.521415
-18.137391 -5.779604 2.164138 1.824446 -4.408012 7.299958 1.997827 5.045523
3.820611 -17.473808 0.229558 -1.306225 -11.421685 10.316200 1.912141 2.812628
4.237809 1.373193 9.573087 1.091437 -4.640092 6.587451 2.244219 5.466344
-0.655858 -9.589696 12.511637 -5.298029 2.565049 6.572874 4.136990 6.109438
-0.704399 -3.858030 8.705436 -2.168253 -7.792595 12.527988 -6.148675 1.500470
-12.966808 -19.789018 1.005912 1.086689 -4.603486 6.597899 2.235890 5.459572
-16.953026 -11.923531 6.861808 1.370866 -3.276014 6.759959 0.503904 4.461361
-17.890890 -5.883167 1.175254 -1.626255 -3.740954 6.871816 2.166873 5.388900
2.819172 -21.447572 3.700583 1.486822 -4.422888 6.587210 2.226559 5.464306
-0.042234 -19.338745 10.390698 3.537989 -2.874165 7.949732 3.848888 5.091231
10.903677 -8.978760 2.485244 1.670387 -4.812147 6.612310 2.725425 5.715318
-8.955209 -19.309074 -4.991957 -3.193661 -5.234553 7.640982 2.507434 5.593472
2.855023 -19.591152 -4.792605 1.107048 -4.579225 6.539656 2.227655 5.493130
-16.696328 -10.209038 1.752923 -1.967377 -10.483017 6.551228 3.037703 5.536834
-2.515439 0.066319 13.912135 -0.372231 -4.522584 6.832226 2.163319 5.699519
5.375779 2.917468 3.234248 1.132117 -6.246245 6.571659 2.285819 5.448327
-6.474835 -22.803438 2.955629 1.650952 -4.607461 6.488734 2.461419 5.314653
10.940805 -8.104304 2.117773 1.061696 -4.610560 6.597517 2.235019 5.456916
-16.098917 -14.576192 1.967251 5.794771 -5.861979 6.945302 1.619681 6.150441
10.927660 -8.810093 2.529737 1.419603 -4.695395 6.583937 2.239294 5.461903
-8.047485 -2.434302 13.827601 5.824868 -4.932484 5.884919 2.470157 5.473399
1.525543 -20.969439 -3.305161 2.203597 -4.466499 6.525017 2.217057 5.437297
-2.003649 -5.361692 7.101769 10.550505 -7.458581 15.296975 0.543665 4.246607
-6.380290 4.450553 2.746996 4.936286 -4.487710 4.736210 7.148020 5.542707
-15.611422 -4.327254 -5.116891 2.375822 -2.707571 7.452596 2.128958 5.613540
-18.223035 -6.043930 2.228140 0.734740 -4.840799 6.557077 2.251169 5.457753
