-2.079624 4.044659 -3.137000 1.776557 5.113385 -4.568203 8.786866 -4.676730
4.210803 16.214228 -2.105179 3.446481 5.760955 -4.310689 8.196246 -5.871128
4.855420 -3.683201 7.100069 3.757104 3.230404 -3.828973 9.932590 -6.282945
-13.892422 8.533915 9.422242 5.173117 5.803052 -4.157279 8.231794 -5.963020
-4.052702 -3.530362 12.154753 1.916094 7.201670 -2.508881 9.178008 -4.563236
13.311497 9.975010 11.875157 1.102263 0.815676 -3.532692 9.110907 -6.399708
8.573762 16.497860 0.766338 3.569462 5.053333 -3.100249 8.443557 -4.964403
7.815181 21.339924 9.382849 3.454891 5.322420 -4.482832 7.686523 -5.943388
-0.163609 8.619344 12.076976 -1.036642 14.489701 -2.641104 16.419806 -9.605587
7.919820 11.868518 16.065050 12.991732 1.737726 -5.216012 8.308601 -6.181237
-7.015101 14.863614 19.264697 5.006658 9.951931 -4.159691 7.386490 -4.758356
4.752023 12.832420 20.006742 8.871130 9.094280 -7.612356 5.020238 -5.278003
14.027919 12.867767 9.174838 3.932023 5.104674 -4.326541 8.180498 -5.980530
13.601429 4.363698 9.245760 3.469177 5.329772 -4.289757 8.134493 -5.934875
10.890978 16.495339 4.391812 2.642939 2.316612 -4.184687 8.101493 -4.872521
11.494912 1.026058 11.969470 2.108916 5.287794 -4.390855 8.178857 -5.899151
1.173219 14.811927 12.705241 -4.589234 10.294058 2.393919 5.151606 -9.184424
12.972959 11.200993 14.016547 4.387020 0.800583 -4.260609 8.223127 -5.788333
2.660495 20.544403 1.507153 2.137599 5.809716 -4.987342 8.063466 -6.114399
14.490343 8.955240 9.655089 3.783074 5.070383 -4.298684 8.185241 -5.875710
-13.165744 12.099455 5.771974 3.919207 5.146010 -4.296032 8.192133 -5.873177
-13.723621 7.670008 9.957446 2.061615 4.112659 -5.242753 8.635853 -6.263484
-2.758103 -2.327359 14.081695 7.324828 3.091298 -8.924109 9.515087 -5.880808
-11.781542 12.269322 9.501022 -2.371557 2.686164 -2.039105 8.488561 -6.666017
11.513601 15.826337 13.795946 0.046317 5.301709 -5.354130 7.332997 -6.527264
9.308999 2.259636 14.913663 9.991852 2.744867 -4.312708 7.998595 -5.503580
9.286832 18.686324 10.535271 5.873422 0.111060 -6.131279 8.102366 -6.048308
13.399108 8.343152 5.607487 2.361821 8.285476 -4.542849 8.451105 -5.763444
9.631134 6.944483 4.173129 4.432677 9.432272 -2.226239 2.762717 -0.777561
8.007676 -2.445426 9.728065 2.788283 6.883550 -5.065094 8.060574 -5.581381
8.526022 20.322625 7.076942 1.356779 5.082454 -4.000409 8.189389 -5.878047
-3.593722 -2.602029 16.292806 5.508803 5.225080 -4.318500 8.200078 -5.665731
