-5.998057 -8.934124 0.612579 -4.717834 -0.212390 8.150349 1.280313 4.456384
-5.777521 -4.979653 2.931548 -11.228124 -1.115676 8.002665 1.246136 4.313431
14.235011 -17.168152 4.357421 -9.437768 2.454317 13.252219 4.983215 9.499792
18.804072 -14.980076 2.697002 -15.214786 -0.506566 8.554575 1.569492 3.805018
21.515199 -8.681896 -0.252469 -9.987437 0.181960 8.608994 1.184746 4.715693
14.438599 -1.196677 3.010898 -4.767850 -6.385746 10.668505 0.823842 5.040336
-6.218129 -5.040025 -1.567843 -9.787711 0.748817 7.641058 1.869853 4.709056
21.247699 -11.277177 -2.469830 -9.950091 0.047375 8.059681 1.272881 4.382876
19.170720 -3.671070 -5.307925 -10.690146 -1.266691 7.577461 2.468066 5.105611
8.198193 -3.940935 5.647507 1.871886 -0.988899 8.081551 1.245402 4.347888
18.835737 -17.700905 -0.826634 -9.815519 0.034969 8.030306 1.397661 4.415994
19.553589 -2.253179 1.044053 -9.376787 0.620289 7.994049 0.998467 4.691596
13.773826 -22.044704 -0.129024 -9.801627 0.543911 7.951675 1.356455 4.477377
2.787750 3.432657 -4.513299 -11.266355 0.070203 7.949760 1.237500 4.282373
-1.525234 1.250895 2.251626 -9.371621 2.668480 7.846377 1.087757 4.189341
20.828316 -13.475585 -1.387623 -10.978590 -0.556913 8.222115 1.298746 4.241961
-6.781557 -10.498937 1.396821 -9.611621 0.906229 7.417797 1.756126 4.822072
17.041965 0.394996 -3.667694 -8.469592 0.226497 8.105195 1.273222 4.396077
3.549485 -19.589627 5.661484 -14.755157 4.105996 11.041018 1.154280 4.300836
18.854871 -17.498602 1.219848 -10.615313 0.422509 7.752869 1.093884 4.337152
7.048088 -23.214831 2.466680 -10.361563 -0.100176 6.490634 0.782400 5.148759
16.256178 -4.140916 9.042943 -10.877146 -0.332651 8.366826 -1.315809 5.045935
4.369631 2.323704 -7.533922 -11.782603 -0.528768 7.972179 2.708466 4.111970
20.706910 -8.786995 -3.512193 -7.275215 -0.349126 5.861178 0.731822 3.558682
17.758726 -14.016689 -7.677946 -9.337963 3.610968 5.910056 1.668651 4.512241
20.757008 -12.968099 -2.043119 -9.010231 1.604479 7.724095 0.272931 3.092255
19.977060 -6.302384 -1.599183 -6.239003 3.703809 6.332087 2.588957 3.652998
15.655237 2.194876 -0.334444 -9.758893 0.025534 8.049729 1.249411 4.387456
11.387566 -8.475350 12.264825 -5.231096 2.448805 7.064462 1.470993 4.835606
5.346062 -20.917306 -3.243612 -14.035124 -5.546119 6.010642 2.515476 2.944747
-5.016828 -16.545699 -0.264877 -9.125220 0.097292 8.227743 1.087258 4.516958
10.694857 -22.519669 1.586862 -8.284587 -1.222559 11.373712 1.267536 4.410890
