-19.674466 2.005671 8.270868 -8.401718 -4.627853 -4.453306 -6.899280 6.291957
-18.825499 7.745425 11.570882 -8.817092 -4.228261 -5.067749 -7.379072 6.432122
-10.977003 16.065410 10.443051 -7.191177 -1.605352 -4.594810 -7.028393 6.523549
8.630948 3.918768 8.913025 -9.300023 -4.918348 -4.566405 -6.928597 6.595312
5.497867 12.374876 8.874548 -9.542860 -3.973174 -4.302758 -7.144083 6.543124
-9.003763 -4.522802 -1.756786 -12.485522 -4.823663 -4.649636 -7.010819 6.484271
-9.054391 7.974630 -0.510368 -10.526972 -8.429248 2.980042 -4.092357 5.333623
-18.318669 7.253949 4.135211 -8.203421 -6.577582 -4.972987 -7.327127 6.420837
2.864872 14.027337 11.972112 -12.008238 -4.407781 -4.989141 -6.955804 6.432278
7.145468 -2.760269 8.929365 -8.772555 -5.675183 -4.683790 -7.305819 6.588073
1.585630 10.075554 0.340066 -8.067888 -6.923319 -8.236999 -2.773077 6.492579
-13.433677 -0.098809 19.651821 -5.770822 -4.549123 -4.391807 -7.061116 6.470437
-15.911708 -3.336717 1.961355 -9.723071 -4.858381 -4.581615 -7.028020 6.480890
-12.187168 -8.315728 8.308337 -6.802762 -2.937209 -5.051687 -4.065183 7.450008
-19.767929 3.545836 8.384926 -8.654539 -4.971287 -4.684634 -7.029704 6.436950
-15.749524 10.411264 2.899766 -8.036296 -5.373708 -0.993780 -8.436793 5.934107
8.481210 1.453034 9.113612 -8.779465 -4.537426 -4.659827 -7.453897 6.570666
-15.938347 5.019430 0.129297 -6.903017 -2.026151 -3.540391 -6.239236 4.533021
-2.152761 16.111252 7.557128 -13.370410 -2.747883 -2.349597 -6.781895 6.801585
8.414060 5.508030 7.767805 -7.776450 -4.168288 -4.951945 -6.965789 6.585523
6.434700 -3.250236 10.217320 -5.986120 -5.735069 -4.308365 -6.989110 5.351679
-2.992263 -10.442044 9.051569 -8.712521 -4.801635 -4.567828 -7.030585 6.451625
0.154389 5.945351 -3.942271 -9.723285 -4.939956 -4.837763 -7.005164 6.455396
3.301154 13.081575 14.268853 -7.272893 -4.996963 -4.707490 -7.075835 6.471389
-12.992963 2.964464 1.306931 -2.140867 0.296911 -6.074586 -9.906042 3.402273
5.450722 -5.442553 8.610988 -8.987796 -4.862777 -4.673760 -7.034663 6.478349
-18.971058 5.799329 5.211173 -10.457262 -4.683323 -5.730300 -7.239482 6.575563
-19.754591 4.081093 8.318199 -8.694986 -5.064148 -4.602843 -7.018038 6.493922
-13.885721 8.722465 14.762357 -8.362899 -5.811692 -11.110118 -1.876588 6.567556
-12.185270 5.733397 21.169230 -8.729681 -4.719417 -5.169291 -6.949511 6.261065
-19.352395 2.070009 11.375546 -10.282758 -5.257660 -5.237029 -6.605124 6.737041
-15.689804 -6.430457 8.740858 -9.155249 -4.689309 -4.738071 -7.053188 6.456019
