-6.952974 -7.634641 -12.318134 -3.916325 6.111128 1.451321 1.102762 6.654794
-6.819852 11.822988 -21.236298 6.913093 5.423003 5.059770 8.451480 5.639327
-23.109329 10.773961 -9.582657 3.598293 3.695557 6.684321 7.680240 5.022285
-20.466290 2.030906 -19.723726 2.312294 3.808398 6.444001 9.012130 4.045489
-25.083750 5.071115 -8.986928 -1.604364 3.049543 6.378056 8.572319 5.767825
1.422884 10.988266 1.212936 -3.179917 3.091976 6.757809 10.094349 6.267083
-2.710197 19.159827 -13.122024 -5.742192 2.860811 6.489140 7.921458 5.668663
-16.833897 16.223562 -14.614648 -2.657316 2.990995 6.256157 12.715529 0.173915
-5.124433 -4.799023 -2.518300 1.568463 0.935085 15.102015 3.804638 6.013969
-12.774930 -8.352375 -17.209459 -5.038426 1.884196 7.144001 8.411975 5.620178
-24.733305 6.735702 -12.028795 -2.692667 1.474987 6.390114 8.239002 5.927996
7.360257 4.630505 -11.257904 -2.000702 2.421523 6.376889 8.442773 5.700757
-7.179590 -8.816025 -14.457640 1.445675 -3.114609 7.158138 7.762070 5.677707
6.742150 1.403862 -8.749463 -4.249045 3.012914 7.980697 8.678098 5.183646
-13.499413 -9.896248 -11.796880 0.323201 0.432657 5.517516 7.217619 7.208909
-19.414417 3.345811 -17.560349 2.168776 -1.790734 0.135260 10.696529 5.188208
6.727361 0.524426 -10.028992 -3.296685 3.164565 6.899434 8.048983 5.634132
-18.506253 7.689247 -3.170922 -9.576214 -2.178034 3.304150 12.599833 4.915821
-9.647230 -8.032034 -13.197490 -8.287507 -1.038663 2.288508 8.523710 5.314043
-20.801929 8.436439 -17.916879 -8.097981 2.597660 6.170562 8.207108 5.588566
7.464559 5.110639 -9.678217 -1.730361 3.028035 6.720619 8.149243 5.626044
-4.344480 -2.897134 -3.284486 5.709594 -0.042590 6.499055 4.531782 13.682607
5.392140 11.832693 -8.545106 -1.330423 2.236646 4.326027 9.204832 8.518920
7.422637 4.377712 -10.591137 -1.673810 3.270511 6.836127 8.125079 5.682930
-23.599955 9.674639 -6.109274 -1.407802 5.739838 8.547635 9.403920 4.900766
-6.384334 -6.805633 0.058598 -0.813693 2.923356 10.608505 10.233023 7.655934
-12.917447 -2.918975 -20.468163 3.873584 4.333914 2.820769 4.120769 3.488912
-15.743315 -9.562695 -7.823981 -1.763936 3.263089 6.366872 7.981752 5.605952
-14.543783 1.385174 -12.141833 12.931783 3.835491 7.245504 8.097310 5.719467
1.394544 16.461484 -4.921032 1.227967 2.904710 6.748922 8.144644 5.642850
-24.461079 7.782736 -11.525932 -2.298994 5.697734 8.209761 8.215322 5.719721
0.390980 -0.498587 -15.536294 -4.234614 -0.659497 13.201469 5.365031 12.385695
