-21.672427 1.409463 7.956984 -4.732293 -1.231339 4.356486 -3.640872 -7.446348
-10.917351 -9.998053 1.329609 2.669016 -1.174193 5.285029 -2.373443 -6.245891
3.343473 4.400098 -4.109993 -5.131085 1.944746 3.090820 -5.627807 -8.951669
-12.371930 15.480133 -2.346551 -4.019434 -1.737505 4.852167 -2.796339 -6.748962
-19.077654 8.283796 6.770014 -9.818880 -0.808705 7.731197 -1.419779 -5.879703
-0.284902 15.028599 2.897520 -4.052354 -1.783648 4.845818 -2.740806 -6.730262
-20.710744 9.867223 3.218475 -4.008022 -1.802050 4.837501 -2.734079 -6.734193
-7.095215 7.966379 -8.774200 -10.740537 -1.741590 4.860740 -2.716875 -6.742636
-22.641782 1.869389 3.173859 -4.008921 -1.763166 4.851626 -2.753172 -6.736318
-13.366320 -11.069839 2.837373 -4.239519 -1.815309 4.856419 -2.744934 -6.729343
5.861185 6.602489 5.431705 -4.453135 -1.362433 5.044306 -3.019992 -6.336726
-11.729320 -11.368070 5.293616 -4.052681 -3.077323 4.929065 -2.588853 -6.576873
-11.659280 -2.289186 16.243665 -3.311319 -1.230989 6.026113 -1.642567 -7.035795
-22.229831 1.702698 4.464284 -6.211928 -3.903431 5.364594 -2.655518 -6.438913
6.280776 4.203311 5.794492 -3.557710 -1.534623 5.320052 -2.798800 -6.425915
-11.292095 15.070561 9.201919 -2.284605 -4.361973 4.525454 -2.966530 -6.950243
-7.991158 13.769658 7.633859 3.947190 -0.687595 3.058623 -2.137084 -6.335355
6.212432 4.186440 3.743401 -6.768824 -3.035525 4.141821 -3.000484 -6.716303
-22.430554 -0.004371 2.860197 -3.965795 -1.810278 4.870545 -2.733265 -6.737558
-21.411728 -2.608630 0.346105 -4.662990 -1.797053 4.312735 -2.619126 -7.225168
-22.645185 2.138704 3.168509 -4.417882 -1.901567 4.732264 -2.858330 -6.784483
-2.760083 -1.710490 10.615165 -13.204198 -1.227015 2.006680 -7.046971 -7.112961
-10.825315 -7.087317 -5.383187 -9.826186 -0.815424 2.247253 -3.500824 -5.976035
6.616813 3.595412 3.356851 -4.023194 -1.805371 4.845330 -2.739543 -6.730879
-5.471889 14.328455 -1.617863 -9.541684 -4.619354 5.100576 -1.640792 -9.668969
3.698322 10.593475 -0.636813 -3.937981 -1.623507 4.888670 -2.739410 -6.727854
-7.710579 -2.989067 5.638378 -0.730871 -14.690169 4.333960 -2.377488 -6.828162
-0.886319 -10.133593 1.622077 -3.299702 -1.339423 5.070676 -3.066275 -6.558136
-13.803227 15.159956 2.626045 -6.435427 1.359673 7.334920 -2.376732 -7.172347
-3.545717 -4.943817 -2.803093 -13.941164 0.458660 5.404488 -2.163500 -6.781722
-21.317455 7.471397 0.545508 -5.246049 -2.536926 5.034407 -4.201093 -4.991188
