16.800062 -18.423980 7.465555 2.219086 -10.082232 -5.564304 2.957890 4.780312
14.548947 1.523725 7.163271 11.665045 -2.396179 -5.211896 2.466485 5.229593
22.669357 -10.442024 4.745209 7.595612 -6.903162 -4.653808 2.546947 5.012988
22.163175 -13.123334 4.741198 7.362361 -6.907859 -4.608993 2.546971 5.014757
4.325572 -10.957242 9.318275 14.060338 -16.615601 -7.353082 1.404971 4.061263
-2.324020 -17.417554 4.467053 7.346934 -6.290218 -4.551189 2.391247 4.926078
11.628353 3.125279 6.034485 2.052841 -7.089362 -3.108964 3.502955 4.710506
4.473926 -17.929538 7.514661 -0.984696 -9.894154 -1.371120 1.343285 4.967684
0.750239 -4.812117 -3.156600 10.815192 -10.624509 -8.751754 1.449512 4.757744
-1.198261 0.238592 3.805466 6.688805 -6.104105 -4.097233 2.687930 4.626075
-4.410657 -10.768751 5.036347 8.178250 -6.295292 -7.755766 3.835916 3.662275
-3.991347 -5.210930 4.179979 3.969089 -7.097104 -4.539755 2.617541 5.240513
21.895801 -12.242766 5.875332 4.522244 -7.056462 -3.740919 0.733980 4.979014
16.800002 -18.066794 4.494562 0.389314 -5.793679 -3.793440 3.090324 5.482569
3.599510 3.642481 4.860887 7.339083 -6.911651 -4.611566 2.541438 4.995645
11.381682 3.963611 3.235828 9.069700 -9.069226 -5.158497 2.480602 6.542287
17.939144 -9.332298 13.659681 7.426147 -8.270167 0.730269 1.414388 4.623957
22.597263 -7.369719 4.677302 7.509247 -6.577085 -4.555179 2.398707 4.924810
16.747764 -16.002959 13.481094 5.763533 -7.527377 -2.761824 2.004663 6.579025
1.524612 2.548433 5.410927 7.711913 -7.321323 -4.920338 2.451169 4.715110
7.912483 -17.050104 1.476361 12.652641 -12.907516 2.554688 4.497799 5.111955
22.188588 -12.983202 4.290324 7.657003 -6.928580 -4.558462 2.543009 5.193924
22.700474 -8.420709 5.100426 7.475229 -6.924161 -4.634580 2.611718 5.090288
3.524671 -12.877645 6.138622 -3.057720 -12.591790 -1.971557 3.818827 4.726199
21.411568 -5.303992 7.122696 8.279388 -7.217119 -7.223075 4.182000 3.082896
18.652526 -0.673465 0.743698 7.377922 -4.911650 -6.229322 3.070731 5.406239
19.837386 -14.026880 0.683405 2.323817 -6.534871 -4.755219 4.618001 6.390446
-2.888812 -10.148496 -1.735390 10.487576 -6.533814 -5.001009 2.158072 5.949918
-2.286927 -13.256877 1.831052 0.860026 -6.257713 -4.292724 2.174903 5.849267
4.306050 -6.140556 -5.341706 5.232023 0.299294 -3.313663 3.548179 4.492647
21.423563 -14.164805 7.940324 7.312146 -7.315201 -4.678219 2.550682 5.017629
