13.127054 5.549187 -6.144905 5.209007 -0.151980 7.635402 0.160847 -4.922440
-4.824879 18.799017 -1.689598 5.080713 3.937630 7.838032 -0.671305 -4.412077
2.561761 6.707034 -1.379360 -3.632881 9.475943 5.471582 0.791831 -2.322396
11.387682 10.832736 -3.975056 6.402416 2.791177 9.221116 0.130970 -4.527447
-1.656877 -3.279735 -14.750738 0.489371 -3.953712 12.539545 5.488993 -1.996333
4.624988 2.084139 0.543301 -2.818849 -4.127489 10.892191 4.946371 -8.830038
-2.476109 20.248959 -8.971522 4.607702 1.354804 8.879233 1.075817 -5.263196
2.635406 17.957249 -8.145572 11.696864 1.839876 7.446919 -0.047263 -5.009930
-17.339056 5.473580 -7.238716 5.152734 -0.139701 7.733505 0.288648 -5.042470
12.413672 3.842851 -4.463371 7.763500 -2.742073 7.699748 0.299418 -5.040313
11.253321 5.324323 0.475616 6.458158 0.081810 8.049944 0.251601 -4.970705
-0.699645 11.052240 -2.720773 15.760213 -5.925341 13.535219 0.321012 -4.985475
-10.666371 17.204724 -5.336075 1.343354 0.651033 7.311801 0.641727 -5.950055
12.948752 7.695728 -6.656367 5.492019 -0.063994 7.816197 0.280338 -5.099559
-15.393702 12.739177 -6.070389 5.119909 -0.364256 7.834866 0.280215 -5.053485
5.023434 18.620517 -4.646089 5.064938 -0.083668 7.826975 0.301947 -5.043695
-8.612278 17.505417 -1.966849 4.952793 4.208990 8.124077 0.345247 -5.023214
12.510748 5.259043 -2.477786 4.635045 0.435842 7.447346 0.042181 -5.352742
6.835973 8.692368 -16.541312 7.717529 -2.615409 6.543891 -4.282031 -8.006260
-16.245550 0.020898 -4.698610 5.368907 -0.552272 7.822353 0.364960 -5.177601
-17.203845 4.489455 -4.805361 5.054758 -0.071738 7.818640 0.308900 -5.045253
12.193286 0.478715 -7.173244 6.001015 -0.908826 7.239079 1.237470 -6.394791
9.680898 -4.343422 -6.087969 5.006293 -0.044182 7.642295 0.518397 -5.070034
-14.929667 7.311531 -9.587641 -0.362420 0.378439 11.175748 -3.544081 -4.902623
12.809178 8.463611 -6.599197 5.373816 -0.079307 7.812578 0.298674 -5.042142
-13.838015 10.056788 -14.230839 1.118069 -0.194108 7.429992 0.314311 -4.511818
-1.906489 -4.600550 4.642574 6.140475 -1.438643 8.710402 -0.619298 -4.740435
-16.822082 1.712052 -8.171632 5.572096 0.554666 7.427486 0.383209 -4.999302
-13.643214 -2.556552 -6.100994 3.255964 -2.110674 9.035371 -1.961146 -9.842041
7.051519 16.481511 -10.687627 6.494382 0.698363 5.935966 1.361321 -4.127497
-9.118898 -4.819882 -2.891318 0.461357 -5.739530 10.700594 -0.502180 -6.968456
-15.429909 5.326257 -2.714242 8.884607 -3.654943 11.162023 0.475494 -4.875177
