7.663113 -1.132716 -1.818575 -4.784616 11.164822 2.624670 -6.395816 8.940397
-11.831459 3.905280 -10.432988 0.277104 8.140348 2.779152 -6.168221 9.042876
0.840337 19.957195 -6.903562 1.426788 6.284921 6.176389 -6.576497 6.611369
13.443080 14.654937 -7.939635 1.652869 10.372037 2.245018 -6.310827 8.991109
-7.863340 -0.070404 -9.516213 4.085361 7.397889 3.176951 -2.711964 13.249804
-3.127305 2.207889 -0.946224 4.818018 6.621948 -3.722460 -7.521930 8.466810
5.151547 17.756122 -13.769454 3.893961 3.154833 5.454284 -7.020378 7.204214
9.278629 -4.625387 -10.127395 0.256174 9.089377 2.612720 -6.371196 8.918420
12.567449 14.718297 -8.633016 4.469370 6.944372 3.527125 -5.981558 9.530477
14.852915 11.256357 -12.510357 -1.790653 9.216837 2.580524 -6.368736 8.907401
1.830822 14.727420 -6.149653 8.523470 11.065242 8.737297 -5.668032 13.090969
-0.691023 15.195900 -7.811654 0.231385 19.077743 6.453611 -5.421371 5.618984
14.816250 10.014839 -7.691798 3.012340 9.144706 4.028734 -8.150280 7.258213
-6.741754 8.493224 -3.643307 -4.480883 13.151129 8.702657 -5.481617 12.100852
14.365824 4.307629 -13.537538 -3.819576 8.383038 3.159501 -6.364695 9.056848
0.897820 21.240350 -8.761322 0.162705 9.491255 3.487151 -6.737840 9.052593
-9.623589 3.053217 -5.183082 -4.925899 9.817637 3.686315 -5.470952 8.345902
-10.003644 14.760129 -10.854842 0.089528 9.832045 2.039184 -5.381711 9.455702
13.432187 10.015265 -4.193995 -0.220830 4.653291 3.629063 -5.183964 8.518872
9.508586 -4.481531 -9.779309 0.231314 9.143812 2.613766 -6.384350 8.903629
-3.165441 9.564690 -0.472664 -8.455132 10.652897 3.720242 -7.334677 7.443374
0.793560 12.231450 -7.179948 9.908574 3.842258 -1.558009 -1.504711 10.072241
-7.961348 2.084393 -18.177189 2.275956 7.979603 3.320008 -6.198844 9.172575
-8.439438 13.113229 -16.816173 2.804596 7.246428 2.796243 -6.389680 9.006937
15.721045 8.526556 -11.162333 0.382914 8.858638 2.539623 -6.423148 8.854865
-10.241804 0.491371 -11.734234 0.086639 9.029579 4.546403 -6.033490 8.753890
4.441854 13.236620 -16.534070 7.248639 5.292823 1.870680 -13.054696 9.426041
7.521093 9.987764 -7.725381 1.727208 21.396870 3.287175 -6.119117 8.459441
2.243832 19.745337 -15.783883 -2.026462 9.372389 2.510740 -5.085859 9.137227
4.470919 -6.464466 -11.144600 0.650252 9.100730 2.635821 -6.393293 8.894720
3.601220 5.654911 -1.412653 8.807390 15.762512 3.784461 -5.959515 7.683149
9.535675 12.469795 -16.933620 6.068108 14.143843 1.975702 -6.305460 8.899082
