17.814836 13.085247 3.087790 -8.092979 11.740851 10.781084 10.595338 -9.551269
-2.322127 13.158070 9.796887 -2.222515 7.300101 10.018105 11.718829 -9.444771
9.530634 15.202210 -1.377966 -7.216659 6.145223 10.049318 10.853375 -8.295309
-5.067510 8.853208 7.425537 -7.853912 7.600898 9.469356 9.951317 -8.727414
-5.287209 8.149335 9.940940 -7.441966 7.107313 9.857061 9.933500 -8.750778
-4.097426 4.140670 9.408448 -2.894755 7.620065 9.788837 9.761028 -8.646524
12.013898 -5.113694 14.034055 -8.840494 5.274926 8.306354 10.367289 -8.297721
5.412216 20.283058 7.850390 -7.620170 7.451445 9.826585 10.003848 -8.674823
-1.846576 7.144087 14.417215 -15.456011 6.122550 9.441328 9.937226 -8.743092
21.887046 4.661217 9.870432 -7.942069 7.874346 9.853538 9.909144 -8.737329
0.106329 17.602889 8.462256 -5.379542 7.379251 9.949344 9.942417 -8.848422
11.436374 -6.379331 10.244386 -7.484903 7.191860 9.890616 9.942357 -8.685685
-3.455347 12.282525 13.930362 -7.710120 7.270110 9.993832 9.968461 -8.873677
-4.288984 12.276537 9.284707 -7.818957 7.253276 9.908705 9.898504 -8.740093
19.129781 -1.450144 8.122866 -8.250989 7.121871 9.826132 9.926101 -8.840035
-4.802172 7.995243 6.796718 -6.201218 6.508204 10.995088 10.881862 -9.937480
-2.248782 11.374162 6.555671 -13.928006 9.899670 8.016438 10.643900 -8.117725
21.906497 8.799156 8.413192 -6.899753 7.159068 9.702367 9.991224 -8.914100
17.875363 12.667556 2.315216 -9.166279 8.193454 12.974801 8.111970 -8.369115
8.318363 -6.548187 8.254316 -5.864245 6.800722 9.864961 9.837019 -8.525115
17.760789 13.146373 17.190653 -6.876673 6.848954 10.781118 10.008739 -8.822274
9.824982 -5.412989 3.750563 -8.343193 7.352183 9.295354 10.153825 -8.352085
6.737486 -1.962717 16.259801 -0.199909 7.824199 10.126702 9.793921 -8.731275
-4.124029 3.003528 11.529897 -4.499809 8.121284 9.884497 9.925799 -8.805995
20.711323 1.057059 9.210530 -7.186082 7.160989 9.366866 9.249004 -8.957525
16.935654 11.725536 4.912066 0.367600 7.232904 8.234621 10.802111 -9.633875
3.330176 -5.779144 10.064800 -8.008321 7.321152 9.917143 9.867923 -8.739252
2.612089 8.261084 -1.461724 -11.928024 11.241722 11.115560 9.710645 -7.521101
13.017536 7.237166 19.629116 -11.672207 5.055445 14.936348 14.157106 -8.674767
9.695967 9.798450 -3.948062 -7.789092 7.222790 9.906739 9.907789 -8.740953
22.073920 6.435868 9.008361 -7.765131 6.862339 10.339710 9.951441 -8.717163
22.051260 7.968664 8.791014 -7.923634 7.181619 9.731424 9.776326 -8.780598
