-20.038750 -0.509602 7.324558 4.881066 4.613439 8.334964 8.924045 -3.516278
-19.329775 1.643105 9.309950 2.322219 5.660218 8.282283 9.104325 -4.073132
8.502158 -7.660818 9.401352 6.204744 5.063652 9.802873 6.653787 -3.889272
-17.972929 -2.623414 2.312131 8.126843 3.794194 5.176629 8.850223 0.347404
-10.391119 2.215350 -4.235301 11.906064 8.622098 8.535881 8.467204 -3.251332
10.466743 -1.739629 5.991207 5.317540 4.598668 8.410481 8.947165 -3.544406
8.415848 -8.814730 8.134966 4.479295 4.369442 8.266983 8.859471 -3.628111
1.599074 -14.875712 9.317037 5.375880 4.443528 8.419424 8.860800 -3.449227
7.687270 7.387683 7.657767 5.583856 6.151416 7.798480 9.178548 -2.663520
-19.347005 -4.733078 6.950230 1.916562 4.852374 8.291736 8.963814 -3.423367
-7.586269 -3.865942 3.174942 2.590501 -9.106116 10.472511 6.268340 -3.725974
10.507493 -1.395952 6.737998 4.730465 4.551629 8.317787 8.864480 -3.630315
-8.182204 -15.642764 3.958228 6.104600 3.117136 7.987860 9.802375 -3.933844
-6.360598 10.052477 -0.733968 -0.547496 5.702418 9.160553 12.748419 -3.209821
-7.836738 -10.188009 -2.779396 -1.619641 7.239498 7.785111 8.728254 -3.575587
-14.581527 -2.282266 -2.531225 -1.649219 2.766460 7.264520 8.898458 -3.464309
8.372426 3.999134 1.375513 3.147459 4.380045 8.371471 9.041283 -3.446170
-3.086058 3.894303 -3.754497 3.109156 11.219137 10.785526 8.249788 -9.646014
-19.946565 -1.336682 7.941884 3.328726 4.599063 8.308121 8.924953 -3.556947
-19.952683 0.598939 6.806173 4.972394 4.593187 8.338544 8.936926 -3.532119
9.184216 -4.511229 2.022315 3.033942 5.299683 8.292912 8.863571 -3.583418
-18.459688 -1.355224 7.817553 -1.316207 2.692963 6.793043 10.044680 -3.617707
9.428737 -6.775083 7.727496 5.303241 4.632555 8.445987 8.931821 -3.528550
-10.962033 6.616354 7.951638 -5.959676 5.048711 4.402648 9.058087 -3.133434
-18.028622 -4.025728 4.959729 -1.922281 4.589986 8.335406 8.934751 -3.527800
-19.492805 -3.771754 4.886976 6.044671 2.860473 7.853442 7.721254 -3.973939
-14.298087 -5.671090 -4.163191 4.496713 4.481433 8.180169 9.010053 -3.446464
9.601779 -6.379859 6.992650 4.693347 4.891329 8.318664 8.786486 -3.631080
-18.468504 -2.511486 12.162043 8.982912 4.596629 8.330042 8.935455 -3.531232
6.534512 -9.795395 12.190592 3.248029 5.448033 8.920624 9.116404 -4.124441
-6.135298 12.058938 10.079397 7.744601 0.019905 12.406489 9.351083 -3.638583
-19.381733 -0.239183 3.064962 6.922737 4.846130 8.334735 8.470598 -3.660371
