-2.621550 13.544607 -1.485627 -2.695413 4.522198 6.249531 6.650141 2.558683
20.621744 5.794225 1.202084 -7.227129 10.592888 8.406680 4.851219 0.353505
6.163009 18.750577 -0.514465 -6.405708 2.377027 6.972861 7.214502 -0.087848
23.525063 4.285826 -3.519523 -8.136945 4.391459 5.468463 6.716454 2.471435
21.882586 0.963240 1.949468 -9.970327 5.077698 6.474330 6.494137 2.133449
-7.094235 4.720768 -3.772516 -7.504575 4.340122 5.201199 6.921915 2.438946
1.655665 -3.529366 -13.610572 -3.789519 7.360121 5.487889 6.396836 2.667087
-6.031079 6.095907 0.082186 -7.791941 4.588327 1.565666 6.044574 2.863646
-6.760279 7.675806 -3.842453 -8.458918 4.505233 5.524991 6.768895 2.622716
10.273630 5.791039 9.403152 -2.829938 -0.977455 4.344388 6.740142 3.900934
-2.121062 15.750888 -3.578363 -8.130953 4.398067 5.458671 6.701694 2.486493
11.436555 15.841041 1.514781 -5.702626 -1.600484 1.570653 4.890875 5.319221
2.656975 18.154132 -0.870900 -10.235428 3.275390 5.864996 5.416637 3.400353
22.701739 9.079909 -4.814438 -9.310156 4.531830 5.622159 6.670347 2.531414
-6.407154 5.419360 -7.971832 -7.207861 4.453450 5.261645 6.676250 2.520694
-4.534230 9.554265 -2.003050 -1.597082 3.648638 5.478296 6.328943 3.138988
-3.871122 12.874432 -5.345154 -10.490325 6.997196 4.174050 6.063013 2.238000
9.225902 -9.725989 -5.800386 -9.884823 8.279023 7.392661 7.450912 0.092635
17.705667 -2.188500 6.361697 -7.192325 5.344260 5.642064 6.634556 2.290338
-3.113257 -5.772403 -2.315616 -7.586690 4.850765 5.853959 6.576875 2.079920
-5.062677 1.671258 -2.915323 -6.414585 6.039538 -1.117006 6.322687 3.741722
0.463686 17.460091 -5.791032 -7.690168 4.410649 5.420962 6.691584 2.467808
20.663585 7.203784 3.402410 -11.702376 1.274113 4.824823 6.538730 2.886823
16.343917 17.232521 -4.303406 -9.698068 3.988010 4.993881 5.715615 3.048465
5.480570 -8.803453 -0.900891 -12.906216 6.914508 2.672017 4.029170 1.612647
22.708319 6.454139 0.660115 -6.591539 4.315794 5.520150 6.668751 2.485294
-6.675652 0.824189 -3.464627 -7.807101 4.732451 5.453532 6.705946 2.484485
23.413607 6.237670 -3.992304 -8.147495 4.420141 5.443006 6.675113 2.481180
21.104393 8.266864 0.393966 -2.072699 3.312280 5.763639 6.692937 2.558430
5.270933 -6.435278 -13.485660 -8.959766 5.151263 4.140716 5.070817 4.507116
-6.437437 3.381190 -7.099288 -8.274976 2.070116 5.055985 6.006614 1.653771
