8.271179 17.999270 -7.074666 -2.758731 8.525696 -7.197744 -4.919959 0.660004
11.708554 10.119629 -2.025285 -1.621205 10.174581 -5.219290 -3.872156 -0.048752
-10.061473 18.739037 1.077678 -6.085631 8.213011 -7.038202 -4.536752 0.168258
-10.627588 -0.803105 0.011889 -13.112828 5.147789 -6.436130 -5.680274 0.350840
-15.303210 14.667607 -2.581163 -7.610312 9.238395 -7.185839 -5.254230 1.020167
0.949342 22.195426 -5.883047 -5.004023 8.299777 -7.274619 -5.167371 0.920116
-11.426215 11.443100 4.544741 -8.724861 5.076052 -6.191145 -2.491434 3.026959
-5.853635 -6.014310 -12.066433 -8.605218 7.869788 -7.482661 -5.916691 0.808932
3.333333 15.667715 -16.859966 -6.912359 8.163844 -7.249371 -5.240975 0.922978
-0.203783 5.606114 9.078677 -9.267397 9.019865 -7.349426 -5.344524 0.984096
-1.090544 -3.020064 -13.335179 0.288404 2.836112 -4.474522 -6.287912 4.432677
-16.829312 9.918193 -7.863259 -1.246236 8.611552 -9.210465 -7.200216 1.075315
0.001755 1.889128 -13.418328 -2.443136 10.878709 0.283465 0.819855 7.460680
0.827117 20.867625 -10.975616 -7.842211 8.359719 -7.124489 -5.129653 0.874478
-17.933750 7.704943 -5.631586 -5.521280 8.352357 -7.150026 -5.227327 0.913519
-11.694384 -4.861010 -9.016580 -4.994145 7.517365 -7.223682 -5.593893 1.532285
-3.683204 -3.726062 -0.792545 -14.764378 7.971137 -7.652933 -5.078659 0.872991
12.412760 9.750644 -2.929112 -5.669162 10.169098 -8.313347 -4.801468 -0.068240
2.011079 4.288273 -18.793264 -6.376528 4.044689 -9.313524 -7.935749 -1.016605
-6.403017 -0.225149 7.016804 -3.785149 5.458619 -8.711603 -3.636785 -0.051930
9.001604 17.461893 -6.627255 -4.002061 8.539861 -7.071805 -5.214879 0.934549
-17.666565 10.020280 -5.633964 -4.305937 8.364067 -6.769554 -5.445049 1.174941
-12.583105 18.646278 -7.416800 -4.508601 8.488511 -7.187593 -5.465013 1.097298
11.735095 1.148460 -3.299161 -4.612970 7.896891 -7.324437 -5.562111 1.115138
1.112216 22.030184 -4.450692 -6.125453 7.690899 -7.736862 -5.448432 1.253090
11.316983 10.268759 -6.771748 -9.088505 11.252757 -3.687913 -4.375415 0.707712
-11.438417 -4.395959 -1.577337 -4.998217 7.305973 -3.647218 -5.455231 1.133549
-10.138223 7.984789 7.551214 -3.944114 5.468482 -6.156723 -4.991500 0.969532
1.072957 -4.524953 -14.664795 -1.676794 9.303199 -7.288224 -5.537268 1.836348
5.381421 20.294490 -6.767823 -5.624320 7.425933 -6.889729 -4.173101 1.079937
10.188433 16.050340 -4.891786 -5.110478 8.686859 -7.060058 -5.227820 0.908921
