11.802412 10.993142 8.616682 5.352353 -9.992244 5.681043 -11.931014 -8.547860
10.998144 1.771100 13.119601 6.618555 -7.363627 6.641832 -9.440175 -9.039308
-13.878080 9.251578 0.595382 3.414743 -8.290275 7.189128 -9.444786 -8.257905
-14.070594 1.306073 7.864476 8.802835 -8.235563 6.314933 -9.356461 -8.319837
-9.507017 15.535202 9.071517 5.904275 -8.988468 7.431506 -9.330843 -9.266466
1.303143 -9.182670 8.709814 4.075375 -9.068310 6.381219 -9.162676 -7.995276
-10.445582 12.263783 5.384088 2.934550 -11.665824 5.266466 -13.693270 -3.015681
-11.464791 14.728414 5.201461 5.140970 -8.178146 6.517687 -9.370379 -8.134768
-15.039140 1.972854 4.425631 5.263979 -8.152035 6.512704 -9.387683 -8.136395
-14.237634 9.665900 2.338012 5.900913 -7.326566 6.751657 -8.996789 -8.405380
-7.684914 17.683425 3.802260 5.031819 -8.421207 6.307356 -9.238584 -8.237444
11.571913 -3.276348 6.458329 6.445141 -7.935652 6.703303 -9.540232 -8.265428
1.401132 13.598656 7.794702 6.354779 -1.578753 10.876516 -17.033717 -10.138331
14.170126 4.374521 4.713707 5.298005 -8.259180 6.465406 -9.420219 -8.182893
-12.532121 13.330078 4.758315 6.506751 -8.214969 6.488439 -9.424571 -8.031329
-15.187346 5.877167 3.888746 5.513153 -7.098220 5.670399 -9.404448 -7.952272
-5.159602 18.810423 4.226783 5.192200 -8.180384 6.500545 -9.377429 -8.128074
7.317819 -5.561497 -2.008681 4.137989 -7.136091 7.206477 -9.613322 -8.403558
9.848671 -3.296153 0.744482 4.535255 -3.263486 8.261460 -9.470589 -8.137217
13.154276 6.654295 7.599588 8.017765 -9.964242 5.317447 -7.423728 -7.118339
3.993020 18.200402 8.191534 3.110127 -7.782593 6.531778 -8.973077 -8.546785
-11.219549 -4.175984 7.701570 6.038861 -4.495556 6.749645 -9.560446 -8.305479
1.943798 17.645105 1.884569 1.885691 -11.508752 4.272593 -11.487361 -5.550880
-14.546675 3.103590 8.039638 7.933690 -7.392788 6.698301 -9.445430 -8.210933
-12.246716 13.672202 5.878951 4.855810 -7.584444 6.675432 -9.534332 -8.853503
-6.820535 -8.010106 3.695068 3.904013 -9.947957 7.609562 -11.797331 -9.236285
-1.395797 -3.969297 8.986581 -2.132892 -11.596446 -0.552748 -7.930102 -6.219989
4.890016 12.072045 -0.600574 4.545169 -2.233316 1.450688 -4.648360 -12.943635
-15.268229 4.764726 5.690784 4.863210 -7.762539 6.788619 -9.538016 -8.201474
4.056989 -2.114608 -6.705331 8.520857 -7.888677 5.948198 -11.250367 -9.993827
-11.822429 -3.576162 9.230762 5.097775 -8.177116 6.508114 -9.374455 -8.134397
10.167356 14.596929 6.740233 5.236884 -6.879986 5.959116 -9.138158 -7.896411
