-13.583553 20.543431 0.742103 4.925830 5.155642 9.583324 8.220010 -4.428590
7.681010 5.116040 -9.631323 9.004843 3.258824 10.977596 8.229237 -4.463603
2.821733 19.953557 -11.619191 6.000124 7.547344 11.455020 5.040880 -7.684229
-19.764884 -0.196092 -11.322241 5.972701 6.953928 9.303914 8.205790 -4.655035
8.589399 9.713501 -7.863678 8.630399 5.593124 9.208926 8.226778 -4.607681
7.510767 14.042931 -5.134220 8.677838 5.613792 9.158310 8.223824 -4.604523
4.656933 0.741913 -5.691674 12.786240 6.177822 9.255799 8.414478 -4.624646
-18.486187 -1.975649 -8.780132 7.392721 7.616334 8.805478 8.388937 -4.977025
-19.534778 5.256808 -11.661949 1.693678 -1.378005 7.737728 7.976828 -4.759314
4.737620 17.049199 -2.805903 10.159264 6.632028 7.654081 5.874396 -5.605506
-22.907231 6.111767 -7.730469 6.704326 4.188241 8.001510 8.151827 -4.516300
-10.108616 -2.835736 -17.568689 10.720943 5.648890 10.454290 10.414712 -3.599777
-17.461294 16.663536 1.199762 8.933159 6.211696 8.665290 9.503036 -5.645377
4.602177 19.980791 -8.905407 7.070218 5.684367 9.206058 8.303882 -4.588605
-7.120657 17.655774 -20.723616 1.973689 7.162451 6.940097 6.758453 -4.067789
-17.739095 18.992784 -1.090536 7.510480 5.545343 9.158796 8.229186 -4.614773
7.482135 3.657334 -7.047286 6.102400 4.865382 9.235560 8.277515 -4.622276
-22.656626 14.054228 -8.359864 7.347052 5.665861 9.112969 8.227416 -4.500705
-23.355793 9.849860 -8.943857 7.345975 5.560352 9.141406 8.222024 -4.615421
1.908257 -2.646076 -4.959519 11.067649 5.172034 9.605075 8.162579 -4.566928
-17.148227 4.448559 3.158778 7.232310 5.642794 9.351658 8.204092 -4.658212
7.890946 10.724197 -7.961088 10.527004 2.154464 9.247476 8.251467 -4.428219
-20.006037 0.156487 -9.829053 5.072238 5.269522 10.589816 8.785864 -6.337118
-7.838933 -4.758313 -1.484013 7.398438 6.518255 10.833306 8.793065 -6.583078
-3.977782 23.343971 -7.792227 1.397921 7.175704 10.814084 6.128283 -6.460865
-7.483037 -0.083967 -17.038826 5.917670 12.387566 3.000387 9.464931 -1.919490
-2.875426 0.604371 -21.152415 8.100624 5.167395 9.046866 8.573903 -4.563389
-16.422729 -3.199642 -4.414644 6.925481 5.398002 9.225702 8.245616 -4.530358
-20.543685 0.596314 -6.322656 8.314150 6.051218 9.323430 8.305889 -4.570438
-1.528759 21.835552 -3.966151 12.920355 1.816819 9.416697 8.031197 -4.316880
-20.398585 11.682396 -12.465440 -0.583958 3.920158 9.060919 8.698091 -4.721429
6.209875 4.743003 -1.830438 6.523058 5.696896 7.186308 9.068632 -3.456710
