-0.888327 16.775767 -19.492207 -5.291314 1.883720 -14.992821 5.180697 6.148270
13.180087 8.769668 -5.522686 -5.870850 6.906238 -16.993433 1.292592 6.518805
16.862654 9.095420 -8.267413 -5.636390 4.521518 -9.333578 5.481693 6.125625
15.721059 15.338174 -10.263127 -4.739705 5.726564 -9.973546 4.914785 5.800978
13.794586 17.328618 -13.963179 -4.935640 6.378611 -8.370215 4.301223 6.065843
6.006035 3.485446 0.123645 1.956212 6.156795 -11.391582 5.102683 6.697061
6.722705 15.061863 -1.768374 -12.541424 11.364492 -9.645016 5.861547 5.339678
3.713157 23.626862 -8.001957 -5.372083 5.485808 -9.325851 5.119890 5.620992
-2.496894 1.127293 -6.634743 -11.779821 12.066595 -7.775824 4.743365 4.023700
-6.325144 -0.074980 -12.468841 -9.485364 6.665650 -9.100835 5.750538 6.003311
11.151746 18.362556 -7.117820 0.462750 4.750859 -12.403661 3.090387 4.162032
-10.408416 8.080242 -15.055698 -5.229470 5.275979 -9.167142 5.026144 5.710821
-11.396672 8.726222 -10.740615 -4.119514 5.207636 -9.132607 4.963530 5.651358
-3.663823 20.580437 -9.357953 -10.942946 4.622042 -10.094617 2.607098 5.230600
16.977918 9.298426 -9.145356 -5.318933 5.059830 -9.421965 4.955939 5.615025
15.490624 15.408705 -10.120738 -2.750110 5.320195 -9.340714 4.938453 5.645972
15.955938 13.464689 -12.018583 -8.065844 5.336583 -9.342666 4.863888 5.626564
10.446405 7.307886 -4.699787 -15.481148 5.530091 -10.229485 3.379139 3.687647
4.955971 -2.768852 -6.591214 -4.918458 11.298090 -9.381607 4.956701 5.672181
-11.308077 7.478557 -10.776633 -5.512799 5.224531 -9.366742 4.938234 5.641999
6.234479 2.953633 2.340768 -5.413381 5.194130 -9.376747 4.916747 5.698539
-2.416804 -1.036371 -5.793080 -2.301170 9.817571 -5.002066 4.963176 6.114603
6.444119 -3.443215 -11.476353 -9.156771 3.822149 -9.158973 5.179516 5.087743
-6.513790 1.002276 -16.459103 -5.068491 5.314113 -9.440735 4.920560 5.596677
15.367536 14.356205 -6.357711 -7.878421 6.245051 -8.654961 4.944690 5.596268
13.974355 16.263563 -14.863930 -7.428058 6.007299 -8.897595 4.405112 5.426341
-8.439463 8.989850 -6.672314 -4.702727 -2.507676 -9.870504 4.314288 8.147149
-3.360160 3.864072 1.713518 -6.087899 5.231561 -9.542519 4.971912 5.736110
-8.558907 1.857449 -7.760362 -5.358125 6.920026 -12.338590 5.290890 5.127732
-3.614541 -0.891837 -10.024809 -5.944577 -1.580403 -11.214965 4.053204 7.084632
15.610214 4.696221 -13.199186 -3.819406 5.755558 -9.665721 4.589518 6.203923
