5.995173 7.329524 -4.177441 10.651896 1.109188 -1.702053 -2.497388 0.435628
5.795843 11.183844 -6.468925 7.959772 -1.503980 -1.245775 -0.904177 1.167210
-21.336338 6.451445 -2.766845 8.245703 -1.301162 -1.418987 -0.341737 0.799433
-8.500752 20.521945 2.214270 7.160175 -4.307959 -2.535901 -1.678526 2.323611
5.206775 5.040459 -6.810047 8.651909 -1.829639 -5.081441 -0.315580 0.865888
3.739901 16.345304 -4.339716 7.042817 -1.829327 -1.296585 -0.486879 0.869078
5.826435 6.748234 -1.939146 13.040294 -1.641205 -1.075552 -0.452312 0.890091
-11.635319 2.407809 -9.522493 -0.755783 -2.403649 3.068427 -0.788558 0.877503
-18.388331 -0.715781 -3.464160 8.885564 -1.800609 -1.223142 -0.462827 0.837088
6.441147 6.204340 -1.762646 9.027559 -0.192804 -1.970378 -1.155838 0.957777
0.684798 -2.259032 2.525070 7.385969 -1.856830 -1.409635 -0.426959 0.830890
6.674409 8.932792 -2.736708 8.362572 -1.583570 -1.247529 -0.444676 0.837541
-19.843491 1.695093 -1.129049 8.071250 -1.581792 -1.257980 -0.430126 0.826328
3.523648 15.462529 -4.726464 5.581165 -3.437595 -3.926690 -1.361807 0.949158
2.874286 -0.521588 -6.321385 6.984260 -3.952283 -2.106611 -0.526317 1.087386
-12.949932 6.182614 -11.936429 10.404562 -9.005952 -0.444472 2.543918 3.971462
-0.034034 -3.622665 0.428768 8.266034 -1.476963 -1.241713 -0.454616 0.825269
-11.873557 -4.853205 -0.044626 6.304174 -0.953963 -0.417767 0.294236 1.196434
-1.436070 20.563399 -1.041948 9.045953 -2.305181 -1.073443 -0.364853 1.076747
-9.352044 21.841169 -3.587739 8.274662 -2.231599 -1.294063 -0.537285 0.973203
6.561398 6.041606 -2.296257 8.602130 -1.914287 -1.491951 -0.424634 0.876341
-18.849500 7.914434 4.905870 9.779761 -0.499868 -2.663046 0.795789 0.010842
0.178795 16.199198 1.305108 12.068111 -4.291416 3.097958 2.139114 4.030097
-2.277643 13.067289 -6.114533 -1.815069 -2.897975 2.771211 0.123112 -2.726215
1.894854 10.719114 6.850846 9.695133 -3.067241 -1.991474 2.145870 2.071326
4.135776 0.908325 -6.690747 8.326290 -1.698430 -1.170993 -0.950157 0.581868
3.357148 -1.092375 -2.214227 8.839971 -2.156327 -0.926619 -0.536500 0.480902
-15.379922 12.466478 -13.162796 9.829854 -1.898284 0.060027 0.187296 0.684404
2.621458 14.297767 -9.694588 6.814576 0.986743 -1.969196 -0.373261 0.468795
6.707967 7.959914 -2.758193 8.381347 -1.587231 -1.275879 -0.450213 0.833673
-3.870834 1.004567 -14.063849 5.399111 -1.251332 -1.371531 -0.510149 0.809818
-18.043709 8.558454 -2.290828 10.657655 -7.594251 5.201565 -0.389849 0.877099
