-16.385852 -7.467471 -3.826523 -7.675759 -4.401873 8.975573 0.760999 9.219970
11.720502 -8.427191 -6.102106 -5.058318 -5.510613 8.079763 0.613453 9.259310
6.673477 -1.707733 -1.992069 -1.826097 0.686150 8.215544 1.221494 9.605242
5.148327 -12.520704 -11.311491 4.349961 -10.280342 8.433035 0.752561 9.425395
11.203300 -10.211718 -4.143791 -6.557112 -3.943665 7.375689 1.705469 7.710039
9.190450 -6.923098 -9.297382 1.659463 -3.367273 8.158381 -0.908577 10.876984
10.083196 -14.544104 -9.827255 -5.851297 -5.531085 8.015024 0.531824 9.341915
3.303643 -22.094311 -5.783250 -3.939342 -5.587471 7.957953 0.655123 9.338466
9.460410 -2.575681 -3.105285 -1.860564 -5.233821 7.967755 0.514502 9.528241
-15.181679 -11.805827 -5.623799 -10.990848 -4.071815 6.520073 0.627321 9.539599
5.021674 -4.435691 2.408461 -4.050890 -9.763325 5.717867 6.142592 9.826700
-8.275997 -1.230779 -13.273165 -10.309588 -1.372916 7.102990 0.793720 13.277550
11.684766 -9.697940 -6.241664 -4.119511 -4.913535 8.079132 0.654296 9.339090
-14.715106 -11.596983 -13.160341 -5.967026 -3.527892 8.353935 0.901584 9.339682
4.878429 -2.976169 3.119481 0.255694 -4.615148 7.640890 1.059431 9.082292
-3.520510 -3.453680 -12.907422 -10.872870 3.356774 4.701569 1.190758 10.917800
-1.781036 -18.549832 2.593138 -11.074665 -5.684186 8.130175 0.257846 10.046626
-4.630744 5.207076 -6.258147 -4.697767 -5.556843 7.976299 0.648476 9.331815
-2.023141 -5.243823 -1.075522 7.815644 -3.861783 7.774785 0.578831 10.891622
-15.796715 -7.287498 -10.036325 -1.470074 -7.240021 9.055957 0.445885 8.785849
-4.252345 -15.659265 -1.990599 -0.734249 3.437876 11.204929 -4.143705 5.981913
9.550396 -16.386977 -8.151536 -5.154553 -5.544875 8.008982 0.656708 9.344307
11.567409 -8.723534 -5.433893 -5.574612 -7.501876 7.940476 0.655599 9.323787
6.402151 -18.762509 -9.464402 -9.227679 -6.247490 7.880316 0.693356 9.403914
-16.128820 -10.629303 -1.461703 -5.067171 -6.203376 8.403817 0.561718 9.419003
7.149098 -12.780229 -1.060928 -7.767427 -5.118224 14.728038 -2.665405 6.960492
11.672917 -7.727220 -6.437468 -4.900823 -5.565804 7.947855 0.652080 9.332591
11.726882 -8.951252 -6.646000 -4.877830 -5.548697 7.967354 0.652195 9.339686
9.146280 -17.196176 -5.043076 -4.870313 -5.577540 7.967677 0.654380 9.337802
0.258286 -7.625110 7.622928 -4.249986 -6.663389 10.137854 0.167415 8.899253
8.806868 -0.818630 -6.354626 -6.074088 -3.270920 7.862133 1.780044 9.173098
-16.514113 -6.689135 -3.497549 -5.020951 -4.875177 8.813422 -0.228990 9.568874
