-10.954319 -7.842413 -2.872617 12.693371 7.599996 0.655897 11.501404 1.688058
-3.845742 7.100364 1.237709 10.030422 -2.725200 10.829566 3.663287 2.345124
-11.118654 -18.021156 -3.910578 7.358461 4.959084 9.941328 3.829352 2.867832
-20.507152 -7.514785 -5.224946 6.892558 4.184056 9.458368 3.853931 2.949349
7.520604 -10.939821 -5.007685 7.267813 4.727149 9.849299 3.854095 2.909552
-14.166514 8.405453 -7.553844 6.813494 5.006520 10.969816 3.921322 2.837976
-11.768734 7.206890 -13.284202 7.743027 4.948595 11.065140 4.125263 2.691073
-8.555292 3.386410 -10.664657 7.744306 -0.656390 14.658584 4.765362 12.046553
-18.835552 -8.903915 -10.902433 6.948606 4.350522 9.870057 3.819860 2.964705
-20.178479 0.377510 -5.254143 8.977670 4.267385 10.835940 3.534236 2.011092
-5.892276 7.004051 -9.302495 6.563569 -1.549280 8.989899 9.883860 6.691098
8.824391 -5.803131 -7.387766 6.370390 6.353622 9.594111 3.422192 2.895325
2.653358 -4.690595 -7.472843 17.219344 6.495950 12.308279 9.976628 4.997565
-20.816203 -5.009120 -5.991434 6.849165 5.982176 9.090188 3.822667 2.761003
-19.705933 -8.452810 -1.139706 6.694947 5.088256 9.533654 3.566275 3.253966
3.906384 7.621418 -4.518887 7.243058 4.781570 10.120145 3.454971 2.918743
-18.465635 2.877928 -2.144812 7.977437 1.636180 10.022382 2.513454 4.762476
-20.411655 -4.401897 -7.345873 8.562793 7.703044 9.459027 3.607127 2.534651
-20.515669 -6.370327 -5.153616 7.399100 4.619590 10.740794 1.791276 1.398884
8.616841 -6.467406 -2.230742 6.665172 5.732572 8.992627 3.141720 4.337616
-12.655684 5.687998 -14.511830 7.072816 4.552447 9.762309 3.585527 2.981650
-10.065252 -1.460304 -19.327752 7.176515 4.763524 9.942157 3.828280 2.951566
-14.618860 6.948480 0.632384 8.013461 4.601171 10.402282 2.939227 2.307651
-1.781968 2.093994 -18.174049 6.958865 3.244296 10.557203 3.986210 2.610071
9.185833 -4.547135 -5.467404 6.154637 5.092595 10.246624 3.854280 2.664534
-16.415282 5.297845 -8.451178 4.162534 6.793195 12.408655 3.995884 2.960486
-11.306164 10.188977 -5.521120 7.216205 4.643977 9.889948 3.844506 2.923616
4.472706 -12.353403 -5.411361 13.938601 7.151956 9.734127 3.793155 2.608248
-4.178241 -1.528524 -16.361342 16.283531 2.771921 7.431890 3.754271 2.041563
8.869469 -3.037346 -4.054759 10.097863 3.787193 10.177814 3.949045 1.849650
7.061141 1.149545 0.004906 7.303169 6.926825 11.152663 5.514726 1.626517
