12.842469 3.836172 4.581066 3.640436 6.818139 7.141980 0.330483 8.300850
-16.544608 0.693939 4.736119 4.506374 7.116037 7.666840 1.174541 7.987053
-13.643496 10.934172 8.003301 4.220428 7.189054 7.621372 1.174323 7.971039
5.546529 3.903234 -5.468795 7.180986 0.907167 6.808323 -0.640844 9.770704
-13.837618 -4.233679 10.359155 4.309240 6.943036 7.896975 1.304380 7.827471
-11.299577 13.142823 8.780052 3.017198 6.392713 7.117731 1.020517 8.238976
-11.709907 13.524732 4.693174 3.143188 7.069290 7.556495 1.059577 8.014678
-9.321737 -7.293211 3.291062 9.897613 6.763249 5.914152 -2.831135 11.652171
-14.061614 3.436343 -2.932801 2.395456 9.351716 7.613198 1.227584 8.005917
10.365060 -4.752048 5.617150 2.131935 9.074044 7.569014 3.682742 9.424908
-16.579108 2.329654 5.323832 3.459806 5.908077 7.594924 0.977836 7.733416
-4.845818 7.405883 18.462596 5.817391 6.971746 7.656555 1.158532 7.990713
6.891548 13.803796 6.505503 6.269635 4.219726 7.506202 1.191207 8.174325
-8.898803 1.932567 -6.187893 6.435746 5.367293 13.269571 3.343726 6.909209
-3.802331 -4.804892 -3.978396 12.603147 9.092138 9.804973 -0.160004 9.475514
-5.405387 -11.580408 5.879511 6.575607 8.111510 7.895430 1.127604 8.329843
-10.803352 5.750697 11.212650 6.952963 16.133419 7.308374 0.317826 7.413221
6.019422 2.245427 -6.777985 1.732133 10.814593 7.511645 1.113266 6.861289
2.718354 0.954310 -8.864835 2.623837 5.673471 8.667785 1.101123 7.333516
-2.826837 -12.238646 5.435639 4.160911 7.162969 7.610250 1.143914 8.014332
11.229558 -4.301900 6.036479 4.496927 7.159098 7.753076 1.068140 8.084641
12.850034 2.022285 3.277205 4.481170 7.267842 7.672651 1.047750 7.921720
-1.636766 -10.779854 9.040386 7.001990 10.689947 8.465988 3.153476 8.171890
-9.059250 -9.894252 5.928340 5.077725 9.075133 4.853492 1.272057 8.090784
5.445145 2.629938 5.163704 -8.670987 7.145159 7.444329 1.169970 8.066813
-14.166817 -4.858733 1.520096 5.339724 7.557937 7.630003 1.502028 7.645978
-14.181851 -4.090203 2.945671 0.686336 9.397080 7.912214 2.588424 8.400765
-1.850826 -9.249569 -2.938839 8.178997 8.678281 7.303535 0.906571 7.068607
12.739319 1.314316 7.086851 4.200668 7.148463 7.594771 1.132694 8.050414
-10.956252 -5.903631 4.626213 -3.421816 5.613190 9.709398 0.965689 7.530156
-16.627658 2.957751 4.021203 4.413768 7.161532 7.647525 1.043745 8.158533
