-1.739588 7.315755 -8.884762 0.836318 -3.736122 3.177006 6.081836 0.661110
-13.383804 -1.725447 6.668501 -13.708376 -3.500178 5.746502 4.294390 -0.624372
-22.232121 5.274292 -2.568069 -6.313467 -7.290767 7.220000 1.968808 3.726674
-15.218893 10.432328 0.803955 -12.305223 -6.549248 7.270713 2.536685 3.946334
-12.940288 10.599476 -11.705767 -5.708420 -1.726031 7.127464 1.769499 3.739378
-14.345627 -6.996045 -9.359371 -14.889569 -1.974514 5.846196 2.122460 4.149081
-5.156861 -14.554102 -3.231146 -6.714367 -5.086915 7.103461 1.985447 4.009119
-22.950973 2.757068 -1.360465 -7.278666 -5.075020 7.127955 2.010860 3.994844
-22.951797 2.775236 -2.023880 -3.244320 -4.440523 7.226233 2.027443 3.958966
0.940947 10.730049 -2.538108 -8.517746 -4.625044 7.943437 2.030148 4.507763
2.197763 -3.159518 5.985306 -7.010813 -5.700102 5.394042 1.256250 6.556592
-2.363555 -12.717428 -7.678433 -5.680970 -6.250357 6.497775 2.461618 5.165182
3.512028 6.555826 -4.117750 -7.562430 -6.906790 2.634861 1.687497 3.395250
-3.877403 8.571412 -3.194346 -16.153449 -2.637954 6.969122 1.999118 3.403525
-13.942636 8.799000 6.714189 -5.701073 -1.595128 5.437767 1.474002 3.965691
-7.191800 14.188604 -5.374083 -6.292174 -3.018670 6.240522 2.935688 3.123047
-13.296825 13.921783 -2.307697 -5.537610 -5.154365 7.089688 1.983700 3.998558
-1.708584 -10.090619 -5.737419 1.944927 -4.367510 3.548427 1.822314 3.416616
-6.491537 6.043075 -0.520427 -5.105361 3.708942 8.095578 6.857137 -4.214672
-7.558510 7.679864 0.506690 1.381823 4.770063 7.121954 2.229582 4.435539
-18.076585 0.020158 -10.431019 -12.985809 -9.589957 6.959214 1.405976 3.838964
1.935307 9.234678 -4.715511 -8.928310 -4.126204 4.881247 1.279667 3.774417
-6.577487 9.862761 -8.151419 3.969599 -6.018048 8.200429 1.554357 4.887546
1.917311 -4.585536 -10.225154 -1.154152 -3.438224 11.411561 2.016624 3.942677
-21.884726 -6.425569 -0.840797 -5.637333 -5.243844 7.328761 1.950721 4.009989
-5.357025 -4.006896 -1.885857 -8.488494 8.149988 5.141646 2.223729 5.692520
-7.500095 9.379765 -13.060655 -2.277095 -2.254723 7.796601 0.983088 0.919511
-7.661488 7.229151 -3.674712 6.070854 -6.105480 7.786399 7.606884 3.329315
-23.453381 -0.576965 -2.921370 -5.352523 -5.104647 7.378142 2.147059 4.146615
6.239700 0.380505 -3.640727 -5.429690 -5.191244 7.088459 1.989199 3.991730
-1.596895 4.927025 -15.168136 -5.691424 -5.386931 7.113869 1.982095 3.999738
-7.521731 -10.643226 2.773787 -10.156739 -1.540354 0.858649 1.873502 3.265348
