20.325031 -5.433867 -3.830340 -5.970020 10.668382 -7.905826 4.209420 6.626533
17.482732 -6.026483 -9.434812 -12.414737 11.823782 -7.787647 4.693945 6.227386
-4.419096 -12.741135 -10.024330 -6.188276 14.677014 -9.539328 0.314575 2.748810
19.149188 -15.250908 -0.121170 -6.909577 11.709667 -7.146770 2.829560 7.718208
20.579279 -6.135206 -3.565479 -6.023382 9.478747 -8.609831 4.448648 6.384603
8.785649 -6.465060 10.332918 -6.095369 9.472198 -8.099412 4.490298 6.362301
18.545969 -12.785370 -1.967386 -6.960191 7.904340 -8.869740 6.585013 -0.582584
-4.193196 -4.854315 2.409397 -11.784202 11.923879 -6.854094 4.705920 4.539961
19.313779 -3.086164 -4.875585 -6.355398 10.448362 -8.646053 4.189074 6.435937
-5.199423 -7.454199 -5.070255 -13.316358 4.596563 -8.824168 3.057615 6.317050
18.392838 -3.317671 1.384226 -7.070881 9.713975 -8.353452 4.339160 6.338326
15.241127 -6.125136 6.363312 -4.331408 6.324271 -9.553106 6.218793 4.756354
2.549588 -1.052295 -6.154962 2.250011 3.649952 -4.464166 6.413933 7.689975
4.645647 2.797456 -10.493677 -9.207949 9.435626 -8.245503 4.700360 6.302576
4.457103 -20.870146 -12.176470 -1.346148 11.729243 -7.699678 4.760649 7.172022
-7.429576 -4.301014 -3.847062 -5.988341 9.260949 -8.528425 4.409028 6.412640
3.442247 -21.705510 -9.338568 -6.249715 3.562302 -8.749412 1.786917 6.242992
2.290212 -24.065258 -4.505605 -6.406632 11.212817 -8.555151 3.860666 6.598638
10.440322 -24.113984 -2.847916 -5.632521 9.498648 -8.244348 4.463448 6.398874
-2.464612 -1.242507 3.708646 -4.462495 6.780710 -7.292334 4.569499 6.283440
6.377312 -3.709668 -9.226545 -18.260703 10.239891 -8.156228 4.089835 6.576162
21.055301 -10.001348 -4.428555 -5.357954 9.502639 -8.441315 4.703741 6.532739
-5.726294 -3.418352 0.860120 -7.093520 8.095359 -7.333381 4.531162 3.762774
-8.109411 -13.177269 -5.316281 -6.238518 9.495943 -8.405622 4.518709 6.665464
19.729410 -10.489222 1.536085 -6.029013 7.106708 -10.042346 4.636605 6.458022
20.871829 -12.430129 -3.871867 -5.967906 9.496748 -8.238683 4.487252 6.402208
15.901450 -20.332827 -0.664283 -3.058375 9.574793 -8.215300 4.469178 6.373820
-1.511474 2.658704 -3.666910 -6.503128 9.674152 -8.268260 4.441197 6.417348
-7.126132 -5.455896 -8.119227 -4.870744 8.918876 -8.310184 4.465116 5.902767
-4.469763 -1.685711 -6.743811 -4.946351 11.650870 -3.663496 4.170839 5.390679
19.250510 -4.593966 -7.583691 -8.310720 8.375783 -7.550669 4.098655 7.437632
6.304050 -1.893490 -15.685570 -4.652856 13.024629 -8.067324 3.956200 6.825681
