-16.988139 -3.358075 -7.651170 -5.029259 -6.327055 -0.922199 -2.956016 3.470250
13.591004 1.166963 -4.134220 -4.489177 -7.372908 -0.014514 -3.827519 3.407286
13.482429 2.159722 -4.030025 -4.414446 -7.402968 -0.010690 -3.828779 3.400330
-8.163288 6.449035 -12.494713 5.372777 -6.805853 -0.832586 -3.387071 3.294504
-5.519756 -6.824562 -17.275967 -0.793632 -6.356005 -0.339022 -3.761150 3.428723
-14.119320 0.461441 -5.789522 -2.136117 -13.373231 -1.593343 2.292491 7.893341
-10.014420 -12.988882 -8.084044 -5.763281 -7.846539 -0.119943 -3.466626 3.125669
11.167281 -5.357030 1.653355 -0.931431 -7.517939 -0.098272 -3.770272 3.552292
-10.308181 -11.107352 0.408032 -0.456076 -8.894967 -2.329694 -7.957181 3.495097
10.638718 -9.254105 -3.014728 -4.201419 -7.831523 -0.058518 -3.811420 3.431773
-13.099178 -2.210585 -15.021004 -3.730513 -8.316394 0.075306 -3.658099 3.483185
-16.836139 -5.358396 -3.253205 -2.572035 -7.583638 -0.011709 -3.956839 3.358708
-7.568446 14.204115 -0.888134 -5.294648 -6.843378 1.474640 -2.278195 3.299514
13.372925 0.199513 -5.089082 -5.059808 -7.954383 2.209675 -4.709679 4.176259
-12.220614 -6.531056 6.082826 -2.808929 -7.194368 -0.975881 -3.817593 3.393268
4.480409 -13.935935 -1.356951 -6.228767 -8.631768 -0.749496 -3.757026 3.869552
-16.637022 -4.241560 0.535767 -4.531802 -7.398015 -0.049221 -3.832309 3.414801
-13.632075 -6.099429 -12.114978 -7.097997 -8.102795 2.339963 -4.042005 3.518973
-16.547172 -3.777198 -8.429529 -2.511332 -5.805149 -0.382042 -3.500464 4.018686
11.245081 -7.885004 -2.233147 -6.348304 -8.203124 -1.063564 -3.726147 3.646301
5.100545 11.515724 -11.128244 -1.115374 -7.022726 -0.136803 -3.773364 3.414732
-15.199683 8.687748 -3.232034 -4.466767 -7.916192 0.092990 -3.628491 3.432320
-7.202302 14.479383 -4.973804 -5.868423 -4.599151 -0.235360 -3.446810 3.308459
-14.915287 -9.157085 -3.041787 -5.051042 -6.603411 0.166969 -4.268355 3.366645
-2.988926 -11.238697 -11.014597 4.102160 -7.980379 -0.651430 -3.707012 3.227043
-11.158908 2.285184 2.992985 5.340197 -3.214569 0.203723 -3.710462 3.095865
13.323466 -3.114162 -4.344841 -3.932797 -7.798903 0.212655 -3.810056 3.364644
-1.176016 -6.625162 -16.846911 1.657354 -6.274574 0.585797 -3.988637 2.824165
-5.104020 -14.752489 -7.634425 -5.475569 -10.232277 -0.999317 -3.493420 2.975585
10.177130 -8.322904 -6.947096 -2.105051 -10.519754 -1.999787 -4.862899 3.175371
-13.665976 -9.892404 -1.238798 -6.814527 -7.812874 0.660339 -5.824341 2.532421
