2.902542 -15.966468 -7.492310 -7.772041 5.774788 -4.732454 9.447510 8.109111
-19.789845 -5.264761 -4.266558 -8.484201 4.953932 -5.458351 10.249548 8.516781
-7.362480 -7.575842 6.235146 -16.023505 5.933361 -7.962788 9.318060 8.127127
-13.840446 2.829355 0.223990 -8.626719 5.762906 -11.407371 8.451587 9.127564
-9.959501 2.444526 -14.980999 -10.271183 3.194474 -4.922402 9.875108 8.526560
-19.620577 -6.836619 -2.449899 -7.598358 5.367969 -4.982680 9.594027 7.900442
-2.456846 -4.629603 6.903166 -5.295502 9.474405 -5.015337 9.458190 14.290039
8.362045 -4.724866 -4.725954 -7.849986 5.707014 -4.746206 9.466262 8.107896
7.673746 -1.088546 -3.402759 -7.946982 6.760002 -4.728225 9.393341 8.201883
-7.113920 -13.539419 -13.893284 -6.305868 6.292257 -10.125218 10.669664 5.597955
1.741634 6.708227 -4.217716 -7.075836 5.218391 -4.610655 9.533900 8.074841
-4.392152 -17.788384 -9.047599 -9.575852 9.454520 -6.201817 9.435330 8.058582
-4.932890 -12.569967 7.126912 -4.706293 6.033721 -4.789040 9.457624 8.112699
7.848708 -7.686861 -7.067040 -7.026873 6.578201 -4.205012 9.518946 8.219891
8.219565 -7.255420 -4.427177 -7.513974 5.817952 -4.631332 9.371456 8.207052
6.834800 -7.533020 -5.919034 -13.363468 7.594407 -4.245364 9.498907 7.935306
2.914089 -12.185283 -1.500725 -2.063063 9.896138 -8.663744 9.477858 8.783326
-19.858367 -4.888571 -3.933355 -7.935606 5.747188 -4.737658 9.461979 8.113569
-19.458834 -5.262722 -4.841332 -9.177579 6.141041 -7.349772 7.854677 8.488956
-19.847677 -5.973026 -4.102388 -7.887154 5.779829 -4.724301 9.490117 8.089270
-14.964836 -11.503136 -13.038612 -8.721678 5.126542 -5.211869 9.793259 8.656649
8.065849 -6.835244 -6.880936 -7.643893 6.015943 -4.784792 9.258051 8.040313
-17.284268 2.359367 -7.363089 -7.318099 6.186151 -5.011973 9.465317 8.150857
-19.862424 -4.912116 -4.108387 -7.766527 5.587866 -4.863775 9.413059 8.075989
-12.374101 6.503247 -4.536226 -11.939585 6.111949 -3.539170 9.334636 8.478940
-14.696822 2.979788 1.901711 -10.941191 4.938782 -5.240973 8.910837 9.108498
5.268440 -12.156383 -1.830724 -3.488304 7.359300 -5.520904 8.844361 8.137929
1.101670 -0.343538 4.202422 -8.243340 12.844651 -3.020779 9.386529 8.212681
-16.868054 -1.651452 -0.420818 -3.936911 0.298557 -5.660186 9.913074 8.671397
-16.880760 -0.039184 0.952835 -5.784123 3.023212 -6.342227 9.399125 5.918348
-18.330012 -10.539478 -5.952968 -7.962057 9.018472 -4.744867 9.511745 8.038371
