20.890835 5.717746 -7.897407 -7.542727 -3.442284 -10.055321 -0.597240 9.838772
17.009194 1.267105 -14.391834 -10.064269 -3.624480 -9.876896 -0.879560 9.710137
-7.172323 2.370194 -6.217042 -5.065203 -4.548007 -9.994616 -1.487858 9.668859
-6.173573 7.829898 -11.831899 -10.711014 -4.522349 -9.774528 1.638934 10.401785
10.950922 -0.653296 -12.083369 -17.213939 -1.040084 -10.140255 0.297855 10.198750
13.135032 19.307138 -6.634017 -6.218830 -2.277896 -8.755900 -0.780765 9.693359
-4.967228 4.828797 -14.370249 -5.425067 -1.263949 -8.941637 -0.639219 11.115619
-2.845532 3.855553 4.398887 -7.002330 -4.121241 -9.973397 -0.915536 9.944884
16.205380 -4.186390 -7.034129 -7.327325 -3.625423 -9.876172 -0.889175 9.707264
-3.542795 -2.530935 -7.073633 -2.832041 -1.232762 -9.647454 -1.017492 9.119269
-7.587881 9.057864 -3.832572 -7.379173 -3.512065 -9.766366 -0.765885 9.784647
-7.992777 5.687828 -5.864010 -7.305055 -3.634247 -9.884750 -0.866582 9.706051
8.698659 -1.538937 -6.084046 -8.187274 -1.250164 0.380782 2.748521 13.550872
3.464549 -7.601851 -5.705160 -7.289462 -3.441255 -9.989608 -0.772529 9.907653
19.700295 8.949304 -3.118752 -2.959833 -3.756904 -9.466659 -1.282634 9.057740
7.897492 -0.671043 -18.390319 -4.234373 -4.735878 -10.171688 -0.163538 9.915777
-8.015203 6.973164 -6.610053 -7.728620 -3.779414 -9.999665 -0.863376 9.704158
13.316048 -2.789452 -12.425861 -1.762482 -6.536354 -9.738903 -0.874942 9.559586
20.725295 8.328059 -5.248120 -5.522768 -3.294576 -9.360389 -0.890322 9.703782
20.811273 5.208704 -6.214878 -7.403544 -4.183554 -11.179028 -1.727535 10.716859
16.240691 -3.828262 -3.967449 -8.618479 -3.616510 -9.879654 -0.866200 9.703837
-7.456989 2.639398 -6.319905 -7.007630 -3.944199 -9.392963 -1.185353 10.172539
-4.810657 13.090993 -11.556032 -8.295963 -0.136517 -9.731732 -0.225014 9.641954
-3.079806 17.229886 -5.704699 -5.097756 -3.719025 -9.554230 -0.821904 9.388798
14.030108 18.979452 -6.592376 -7.338837 -3.641260 -9.895850 -0.881595 9.704942
14.728686 2.206826 -3.555485 -14.184369 2.121369 -14.178031 -4.800646 8.243007
16.576883 -0.446737 -5.460642 -4.172613 0.150961 -15.723763 -1.379638 9.659776
20.783702 7.258961 -8.700814 -7.969657 -3.853686 -9.806232 -0.974964 9.742431
-3.770498 1.715037 -9.334419 -12.145799 -4.938318 -15.800331 -4.365957 10.833652
17.728989 15.341309 -4.394839 -8.715758 -4.930778 -9.512854 -1.055365 9.552989
11.712808 7.751861 -18.714115 -8.380231 -5.291420 -10.184532 -5.918623 9.165232
-7.894587 8.501371 -5.958514 -7.266973 -3.713540 -9.899657 -0.910002 9.724843
