-11.996917 -9.266691 -0.985194 8.731007 8.409962 -9.235592 10.005459 5.911149
-5.944491 5.253346 -2.773812 6.501741 9.142425 -9.418681 8.927099 5.414593
12.202351 -17.274134 2.296350 12.542954 9.089747 -8.081963 8.714299 6.043595
18.077128 -6.417795 -3.986943 8.655271 9.221212 -9.416351 8.894621 5.611773
-3.003901 -17.444672 5.764037 12.023059 9.350629 -7.906390 10.755426 3.896841
-12.295836 -6.164458 -2.497399 8.748906 9.266296 -9.479532 8.909796 5.590375
-1.400541 -2.642494 2.449826 12.428801 13.031632 -21.331015 8.380087 3.106533
14.123250 -9.666983 0.321106 3.291037 9.806537 -15.395870 13.692334 8.069335
13.428940 -2.999798 7.534675 11.057904 9.632812 -9.801741 9.668563 6.829446
-12.283008 -6.525800 -3.305126 8.861963 9.204942 -9.677233 8.921795 5.577732
17.963564 -4.435794 -2.432736 8.755985 9.287738 -9.623122 8.931581 5.571003
12.874032 -0.537491 -5.467800 14.836855 15.048223 -9.988363 10.778808 8.547990
-12.315396 -7.044756 -2.511966 8.712696 9.272269 -9.614559 8.927475 5.582353
-7.516281 -17.635176 -0.781267 10.776395 10.379854 -8.830666 8.911295 5.268414
-3.583596 -20.572813 -4.251608 8.650154 8.655593 -9.311664 8.719535 5.653364
-6.759846 -18.565188 -3.870671 9.101963 9.069699 -8.963561 8.403277 6.015126
-0.254949 -13.681775 -2.930807 16.344846 16.793377 -5.986918 2.187382 7.369852
-11.603517 -4.164853 -5.767998 8.860902 7.798279 -9.649291 8.958593 5.608486
-8.984372 2.475584 -2.258393 7.621065 8.870367 -9.722378 9.263793 4.925909
8.610896 7.065307 -4.035097 9.218535 9.473207 -8.935855 8.125556 5.645373
-1.845233 5.017857 1.912191 3.097024 11.099559 -10.523640 5.435241 5.990524
-11.520419 -11.157972 -4.797041 8.716985 9.299835 -9.808329 8.868977 5.428764
4.764691 -16.224594 9.435322 7.169588 9.540579 -9.726700 8.934852 5.559154
8.207701 -8.268357 11.544631 10.559201 8.811043 -11.072663 8.999844 4.051356
-11.781825 -6.599809 1.578699 8.858417 9.238814 -9.608208 8.931864 5.571838
-11.019898 -7.297640 -8.297364 7.964014 9.730585 -8.256708 9.207897 5.000644
-1.431403 -20.667716 -6.923186 7.959439 10.023029 -8.022162 9.340822 6.303912
-11.845660 -10.382589 -0.914213 8.636712 9.341223 -9.605934 8.932361 5.570131
-12.299578 -7.021435 -1.716677 8.738449 9.132374 -9.606166 8.916570 5.565933
4.706652 4.574018 -12.221491 9.330130 9.276513 -9.603695 8.932343 5.570390
18.097189 -8.109735 -3.313985 8.716187 9.271471 -9.607236 8.932288 5.570766
8.636017 -20.022313 2.841789 7.782228 9.235402 -9.527141 8.736847 5.473034
