16.362270 8.205504 -1.449029 4.529873 8.593479 -2.574699 2.201169 4.865897
-7.195476 -3.346048 2.637773 6.669580 3.737504 -4.023894 3.041116 5.878263
16.588266 5.566966 -0.988660 4.294048 8.639363 -2.491310 2.141609 4.826749
-11.641393 7.072592 1.894390 2.443878 5.599709 -2.253331 2.665133 5.208645
-6.285789 16.024576 3.841806 2.614386 10.593827 -2.760695 2.093022 4.689375
11.540987 13.070007 -4.823226 9.936200 9.188834 -0.870151 6.195104 7.407553
-12.560902 4.406404 -1.410136 4.518854 8.559943 -2.557516 2.237849 4.845717
-10.421972 2.435884 -8.196876 4.328624 6.670853 -2.608084 2.203624 4.850160
-2.734321 -1.784306 7.112548 5.634013 16.447726 -2.721565 2.562967 4.441295
7.441213 -6.091127 4.425253 1.226251 9.826333 -2.717819 2.355195 4.727422
-3.205522 18.656681 2.208887 3.922744 9.708509 -3.122907 2.511771 4.671003
-12.094030 2.090412 -2.898742 4.705783 8.766510 -2.199102 2.625895 4.566313
8.010346 -7.621095 -2.766437 3.906736 9.125852 -2.938493 2.026430 5.009422
-9.909004 5.720341 -0.286990 -3.844102 8.597179 -2.553775 2.185692 4.844133
7.676456 -4.899056 6.496858 2.585704 9.693362 -1.250942 2.193786 3.924406
-10.483514 1.598336 -6.929534 7.960183 8.600643 -2.550502 2.210273 4.876785
-3.486025 16.531708 -6.483575 9.301907 5.723291 -4.966347 2.084235 3.638778
-4.349173 18.717298 -1.758363 4.009778 9.198600 -2.600328 2.199371 4.830969
10.194562 1.892957 -1.850263 -1.373171 18.422796 -1.780653 2.338158 5.477535
12.770139 0.153808 -1.202580 -2.091449 12.063642 -5.371620 2.876583 6.718392
3.560255 -4.719861 -8.803787 -2.382868 8.404959 -0.917553 2.272824 4.939007
0.215349 17.256380 -9.943439 3.294079 8.104627 -2.284406 2.057292 5.304593
-3.070247 -8.026802 -2.303378 3.323890 8.761857 -2.548559 2.210565 4.855585
2.532658 -5.382793 -3.082926 12.862588 8.337886 -6.954352 2.064301 6.002815
11.701793 -0.651990 -4.782415 -0.191534 1.777637 -2.765294 2.322265 4.784724
12.334812 1.440719 6.417039 -0.633389 8.045476 -2.454424 2.122171 4.759629
16.274833 2.732559 -0.928099 4.030096 7.954831 -2.115949 2.211885 4.861843
-3.476550 -5.369583 -7.317596 7.317409 10.316720 -1.096322 5.859092 6.496509
-12.046099 4.098838 0.546703 1.408847 8.549825 -2.898255 2.192779 4.854706
-6.787975 -3.369182 -7.939910 6.872966 7.731497 -3.043183 3.219950 7.394748
5.780485 -5.040403 -1.825360 -4.294303 10.547557 -0.692580 2.284341 5.618529
