10.441684 -8.245906 -5.447635 7.731122 5.106791 -0.672591 6.274610 -9.208096
9.030417 -13.521939 -2.023230 8.234009 5.019835 -0.751999 6.234578 -9.296834
10.144999 -7.955170 -6.243998 5.728081 7.090366 -1.101718 6.026036 -9.277958
-16.808239 -7.449978 -15.046825 7.283906 4.174216 -1.278701 6.010972 -9.008954
9.922203 -11.985626 -5.345433 7.823161 5.173218 -0.659948 6.262093 -9.220637
-19.747413 -9.394450 -9.105004 7.668816 6.573475 -0.668843 6.266885 -9.190753
9.415742 -7.875674 -6.589036 7.375882 1.197750 2.393803 8.126616 -8.942284
-4.409887 -21.655059 -12.393642 6.994516 5.156461 -0.695043 6.283262 -9.189077
-16.989015 -17.469256 -4.622451 7.220996 6.202445 -1.498932 6.522992 -9.218210
-5.049996 -3.730659 -14.215203 15.782198 -1.985035 0.135947 7.294566 -4.360540
-1.922185 -10.481223 8.430674 13.507926 5.382996 -0.633255 6.260234 -9.185821
-13.279471 0.288582 -13.175732 13.706415 6.818801 -0.722973 6.287135 -9.036010
-6.471078 -22.350668 -10.393968 7.003227 3.781770 0.219317 6.142741 -9.202304
-15.251533 -19.447916 -5.089450 7.640251 5.332350 -0.679248 6.257327 -9.244377
0.265514 -5.526830 7.775218 11.068197 1.530544 1.357099 4.380970 -8.643825
-19.952019 -10.068288 -2.571647 8.183276 5.357135 -0.694674 6.277638 -9.248058
-20.250890 -6.443249 -5.129522 8.341613 5.120622 -0.406734 5.981998 -8.993504
3.518714 -14.545995 4.880555 8.852666 7.620316 2.626336 6.371711 -8.631455
-8.865555 -10.605955 -15.458825 3.719506 2.318158 -9.145739 2.462032 -8.111752
10.248429 -7.420744 -7.673857 8.087388 5.390305 -0.586738 6.346228 -9.400990
-2.229059 -17.311659 -9.198890 -3.479787 4.909514 -0.173917 6.273948 -9.267208
-19.125007 -11.257258 -9.884697 6.202452 3.876980 0.046180 6.142385 -9.283888
-19.967289 -9.826690 -4.339879 6.323649 6.024241 0.516292 5.742835 -10.817708
-14.287677 -17.140890 -11.019307 2.928999 8.247172 0.094441 5.897599 -9.389498
2.951852 -3.158638 -17.434549 8.203353 7.114564 -0.875804 7.065537 -9.096119
2.844095 2.557561 2.044051 7.277693 8.322260 -0.662003 6.269998 -9.230666
-20.182583 -5.811808 -4.881698 7.856741 5.237553 -0.637580 6.308520 -9.286031
-20.254013 -9.601424 -5.044313 8.318860 5.150879 -0.634765 6.351221 -9.185424
-18.474208 -0.651966 -5.401992 7.816875 5.020797 -0.702494 6.262554 -9.219145
9.779424 -12.455144 -5.116890 7.407736 4.952942 -0.658141 6.269879 -9.232477
-4.624585 -13.183745 8.804818 4.806094 5.849070 -0.272242 5.582000 -9.514177
-6.949025 -22.674085 -1.663793 6.742623 6.477058 -0.534906 5.578995 -10.298860
