2.906892 -17.110159 -5.850161 5.525427 8.177077 5.233700 7.440351 -0.326784
11.756067 8.354433 -11.556004 -1.117502 10.119219 6.188032 8.564710 -1.067727
6.441122 -16.645199 -5.052956 9.618890 8.764780 2.778135 8.892107 1.254647
8.918174 -10.833273 3.589181 10.580313 11.772383 8.133864 7.048748 -2.340971
10.061302 9.091130 -13.955234 3.223195 10.403802 2.641864 7.128648 0.445246
-8.846561 -2.334729 -6.275366 5.552896 8.617168 5.004677 8.611704 -0.353115
-0.339112 -12.640373 -3.705537 6.130961 3.199443 -0.443252 10.663864 -3.565923
4.098869 -16.568928 -10.669755 7.626912 8.439026 4.977594 8.594229 -0.360461
1.697776 6.293402 -11.501486 -2.144132 2.373020 3.549715 7.890359 -0.468500
16.195462 -10.132736 -14.257029 4.447280 8.919410 4.586411 7.752987 0.738770
-2.228070 -14.804251 -5.114282 4.543465 9.833171 4.748957 8.562467 -0.420330
1.219948 -16.661975 -6.998473 5.971152 8.809551 4.761075 8.648174 -0.457001
-0.446302 0.745251 5.748524 10.385275 7.263489 5.048482 7.463499 -0.330538
-5.983710 -8.747377 -9.384925 8.663483 8.591389 4.505969 6.033075 -3.915710
-6.336843 -10.516889 -8.059435 4.308262 8.217174 5.084112 8.944410 -0.200471
5.778056 10.933382 -5.524400 5.569225 9.650471 11.533229 7.932432 -0.233606
16.991847 -10.430502 -4.171771 8.452849 11.184805 4.824426 12.348797 -3.862455
17.081202 6.604222 -3.724350 6.211276 7.875426 8.973597 8.114596 -0.525998
12.433285 -16.088034 -5.524620 6.615277 9.167582 5.191031 8.508576 -0.270675
-5.530986 -9.986107 -11.199571 6.600644 10.964523 5.287594 8.008926 -1.569035
-8.847081 -2.537930 -6.233586 5.633784 8.677792 4.970525 8.608164 -0.373815
-8.479142 -5.814714 -6.186334 5.485230 8.605009 5.026129 8.601945 -0.344986
-8.774750 -2.291416 -4.965209 4.901673 8.622999 4.995899 8.604903 -0.353601
-7.600834 2.110163 -2.462739 5.530885 8.607273 5.001588 8.609365 -0.352054
17.529700 6.882839 -6.681017 6.933352 11.132916 4.949940 8.637445 -0.428440
18.803548 -6.500760 -3.801314 1.497386 4.756654 7.402041 11.231438 -0.132510
17.539175 -1.098996 -2.501460 14.475540 8.790246 4.901817 8.358130 0.202050
4.339863 -14.390597 0.916072 2.226129 4.410718 4.470484 9.102247 -0.650539
3.792600 -16.911193 -3.150188 4.653376 8.257034 5.872011 8.698415 0.689721
-3.145239 -12.531208 -3.116378 3.509874 8.914655 7.972668 9.783358 3.379877
-6.707874 -9.360098 -7.150951 7.758741 8.707452 2.482022 9.295333 0.165428
20.412224 1.072143 -5.534536 4.314469 6.158377 3.930503 9.455936 -0.241984
