-10.026938 -1.023336 15.354368 -0.743101 4.396303 -1.452249 2.028663 6.507132
-2.669639 18.767479 14.110788 -2.191851 5.484188 1.694266 4.431052 5.923080
-13.902635 7.262919 7.694180 -1.039400 3.681773 -1.253335 2.180487 6.258563
9.549387 10.937078 8.600948 -5.594040 -4.223178 0.869862 -0.144709 3.238253
-7.713237 -4.592073 11.452764 0.188559 6.570360 -3.169059 2.685275 5.337457
-13.590899 3.433682 9.830368 -1.973785 4.235736 -1.065130 1.655675 6.526111
0.323870 4.848677 6.407998 -15.108851 2.941487 0.532452 2.755725 7.939466
-5.633308 16.138955 3.319860 0.742227 5.369079 4.191955 2.065484 3.586991
14.421930 10.056374 8.159062 -0.778524 4.266246 -1.574484 2.082021 6.353375
-11.008340 12.976328 5.605105 -5.946371 3.635378 -0.843083 1.253594 7.184605
10.612615 16.639462 10.023809 -1.691245 4.525533 -1.594276 2.201817 6.391931
-1.931318 -1.904674 0.282468 -5.921868 1.334010 2.846494 -0.089683 3.752839
-13.304325 10.633979 8.170095 -2.007331 4.471474 -1.031853 2.045672 6.425716
-4.832858 -1.781083 17.164443 -7.880434 3.760224 -1.489705 2.012341 6.459784
2.577726 -7.577838 11.307334 -0.166869 4.056130 -1.328467 1.984725 6.510604
-3.751059 6.749679 19.720995 -8.019412 -0.134438 -4.821030 2.271839 6.562640
-1.509352 3.429848 17.948178 6.659216 9.910470 -0.885520 -1.589790 7.169263
-9.566670 0.411763 8.299052 6.401304 6.715059 0.601556 1.990501 6.232987
12.875422 0.223351 11.260437 1.895275 3.998809 -1.419493 2.067659 6.229940
-8.123570 -1.101579 3.621590 -3.460962 3.329155 2.572409 5.039832 10.751307
-13.435264 3.017239 8.948866 -2.252039 2.983413 -0.801436 1.757324 5.327493
4.828493 14.988496 -1.787025 -3.099177 3.916329 -1.567417 2.070594 6.358933
14.877755 7.113237 8.190951 -1.268188 3.933304 -1.565338 2.072540 6.364928
14.501774 4.002723 10.585225 -0.299061 4.821546 -0.634460 1.973007 6.415582
-10.904546 14.517217 11.667281 -3.550135 4.273768 -2.649330 2.072333 6.371105
13.499455 12.595310 7.976907 -1.260731 4.341526 -1.353183 1.999294 6.397748
8.610091 -5.444893 8.480644 -0.922265 4.537766 -1.649453 2.329883 6.293398
13.236183 5.485040 2.658035 -1.799226 1.630087 -1.758505 2.555664 5.882666
-8.966638 4.456301 18.582895 -3.103957 4.952798 1.403659 -0.740867 6.534876
-9.655393 16.646576 10.351345 -0.906854 4.018639 -1.519749 2.078922 6.367258
13.262021 6.097376 9.162013 -0.159605 8.535213 1.046657 -1.169384 8.573945
