20.728269 -16.765125 13.362674 -11.517238 -4.773834 -9.444512 -0.715916 -6.675041
3.349378 -21.048190 6.472332 -2.568209 0.529703 -9.990174 0.221733 -4.899067
4.093006 -20.844346 10.570098 -16.235594 -5.258586 -9.665649 -0.761694 -7.235672
24.135996 -11.104418 8.090195 -8.391821 -3.636255 -9.118927 -0.592300 -6.707462
-3.572449 -12.804751 15.323861 -7.076667 -3.573757 -8.734908 0.025439 -7.159302
14.506144 0.580679 3.554243 -6.410436 -12.268546 -8.728873 -1.045181 -7.448958
19.479769 -18.074567 3.669899 -13.463272 -3.660688 -9.117747 -0.591811 -6.705386
23.280297 -8.371488 9.973286 -12.389494 -1.662235 -10.529239 -1.664673 -7.143566
0.146399 1.082804 12.919352 -4.850223 -4.564221 -9.750486 0.193528 -6.713262
23.876853 -6.535450 9.584001 -8.948581 -3.658877 -9.102433 -0.591538 -6.782011
-4.276867 -5.321377 12.813140 -5.350964 -3.568747 -8.889703 -0.701122 -6.501244
23.751269 -11.804867 5.726225 -7.657446 -3.749157 -9.528562 -1.287047 -5.394667
5.060451 4.012695 3.325437 -9.429334 -6.291606 -8.660290 0.313694 -6.871260
-5.105175 -7.923480 10.518595 -11.846187 -5.105213 -10.135793 -1.967845 -6.655981
23.952587 -9.759823 10.771629 -9.265606 -3.308721 -8.672702 -0.649208 -6.712476
-4.912742 -12.147746 3.901481 -9.456724 -3.356347 -8.929614 1.114850 -5.607183
14.521411 -13.893544 20.810897 -9.706815 -1.791552 -6.517148 -1.642870 -4.770659
24.221033 -9.047920 8.528064 -8.275108 -3.334263 -9.114634 -0.559720 -6.724227
22.434342 -10.976460 11.730726 -8.343431 -3.221405 -3.252588 -0.473961 -5.856459
15.634749 -18.262726 1.653778 -1.921918 0.787454 -7.947802 -2.268807 -6.505849
-4.131151 -7.284175 1.228464 -9.052835 -3.580682 -9.130143 -0.588193 -6.709534
3.679500 3.664006 6.089617 -9.173617 -2.534201 -4.809793 0.990501 -7.732389
14.287227 -19.837698 0.584369 -9.446177 -9.157882 -9.316934 -0.974330 -8.698871
-0.168111 -20.980067 7.065749 -10.786078 -3.785764 -9.187860 -0.547226 -6.812224
17.261916 -5.280031 0.415889 -14.076673 3.691770 -9.089917 -0.514071 -6.700067
19.008075 -18.822916 3.105962 -12.327169 -3.662687 -9.095356 -0.079824 -7.525033
9.724599 -2.985137 1.489661 -14.390640 -1.222962 -0.589775 3.400553 -10.233450
0.852241 -10.102815 18.816287 -2.332941 -6.257683 -8.843320 -0.117856 -7.005569
2.776826 2.723112 5.963978 -14.340898 -2.848463 -8.773859 -0.535850 -7.071816
23.624500 -5.574573 9.973079 -8.390454 -3.634979 -9.082560 -0.581049 -6.694032
-4.434251 -13.812993 12.624295 -9.090609 -1.914037 -8.859569 -0.389490 -6.500475
