2.857721 6.706570 -11.223702 3.716019 -7.932927 -9.052807 -9.693677 4.872502
19.063914 5.784635 -2.294345 -6.966796 -3.539794 -9.004927 -7.455740 6.133220
12.561812 -3.312786 -4.456012 -7.076650 -9.080361 -10.020206 -15.488309 6.177934
-3.062771 16.165409 -7.806553 -4.021537 -3.023636 -9.409234 -7.417714 5.951998
14.959493 -1.301759 2.654874 -6.102276 -8.407972 -4.087736 -4.312143 7.853853
-11.051375 1.441317 -2.598629 -6.037676 -1.465165 -9.235009 -7.942863 5.430583
11.998963 15.955662 -4.422038 -7.862174 0.876697 -10.558989 -7.346508 6.424153
-10.722750 6.449904 -5.315601 -4.771398 -5.089273 -8.958294 -7.494388 6.152535
19.017299 2.154644 -1.954013 -7.039752 -3.596965 -8.949449 -7.429786 6.155661
-11.112335 7.752492 -1.971245 -7.025627 -3.618924 -8.987275 -7.434362 6.156423
-8.045858 0.071235 3.713895 -6.634860 -1.777965 -2.524291 -6.368271 5.656053
13.053468 16.413213 -1.288159 -6.921619 -3.754098 -8.752986 -7.156517 5.981134
-5.470492 15.659450 -1.301162 -9.175007 -2.023808 -5.839354 -6.903231 5.853305
10.464455 17.082898 -5.936636 -9.470585 -2.059310 -8.766911 -7.378355 6.144117
18.047311 8.413424 -0.678545 -6.520400 -6.894685 -9.240625 -8.881849 5.683513
-10.297486 8.843050 -0.717843 -5.402862 -0.513225 -9.192883 -8.026347 5.324501
-0.333404 -10.005622 1.806476 -8.163951 -4.185768 -9.496130 -7.338944 7.265610
-6.916742 9.092876 7.804172 -5.496113 -3.702970 -9.279956 -7.582073 6.154890
1.278739 -7.281683 -0.006947 -13.411853 -7.876367 -6.748827 -11.897101 9.325543
-5.003682 15.053986 -3.767907 -7.542878 -3.417041 -7.396181 -3.364403 10.249727
12.281570 12.075756 -6.397865 -7.743198 -12.549542 -9.674073 -7.293203 6.585233
18.150566 7.525266 -6.195744 -6.967596 -3.660401 -8.982978 -7.374135 6.095973
-0.070049 7.997892 1.986429 -19.491362 2.280042 -9.792625 -7.410406 6.533075
10.256126 -3.352215 -13.268944 -9.716933 -3.790164 -9.115423 -7.324100 6.099594
-11.356740 3.350273 0.157011 -7.713980 -3.731596 -9.062937 -7.454372 6.163689
-5.516239 -4.577745 5.944650 -6.720004 -6.739737 -9.053540 -7.947941 5.751697
10.063436 5.388739 -8.038003 -11.188388 -15.426526 -9.117951 -7.333173 6.446441
13.347564 11.228911 0.223290 -14.987176 -0.670553 -5.899133 -6.161178 3.442921
-0.688992 0.842648 -14.096597 -11.097355 2.466371 -9.555127 -6.955247 5.351729
-10.605129 8.113355 -2.453853 -6.098895 -5.159577 -11.817122 -7.322294 6.887132
19.084021 4.525571 -3.247238 -7.164296 -3.348625 -8.792466 -7.532150 6.146968
