0.755577 19.297824 -0.960224 6.836364 9.335775 1.457846 -9.191538 9.553090
11.726931 4.051450 3.288886 6.432702 8.333323 1.199248 -9.127377 9.464284
-12.793093 8.510725 16.061124 6.106336 8.516500 1.552430 -9.094665 9.629421
-19.878818 6.203519 5.760999 6.649845 8.334690 1.265396 -9.193668 9.564666
0.741010 14.745018 2.785202 7.167743 -0.563965 4.225684 -12.058653 15.057098
8.438546 -4.949643 3.576423 5.678425 8.072852 1.444759 -9.199869 9.571869
-11.139121 18.783482 4.899058 8.599664 8.200224 2.041009 -8.426354 9.525464
-14.769906 6.649369 5.352061 17.830062 7.575469 2.752058 -8.858261 9.170719
1.036716 16.122583 -6.280469 3.985283 10.158581 1.417976 -9.451372 9.451120
11.622610 4.410141 3.045362 5.276798 7.487237 2.267539 -8.693528 10.313092
-15.805078 4.822930 -5.136181 12.945253 11.257406 0.984304 -9.301418 8.901344
1.901908 18.783797 -0.449149 8.148607 6.652211 1.471842 -9.098350 9.438711
-6.504809 12.883544 6.228577 12.612803 -2.890396 2.354994 -7.558712 9.375450
-9.221935 0.637950 -10.949716 9.675898 7.710242 0.123006 -8.593286 9.709374
1.807351 9.697503 16.556125 2.619513 8.354261 1.139976 -9.368118 9.415960
5.901841 12.815332 3.755845 15.465268 10.433063 1.370223 -9.511404 9.437773
10.652634 -0.279773 5.750846 7.502852 8.474150 0.744557 -9.221473 9.782188
5.468232 -0.444305 14.665679 6.959836 9.130953 0.480992 -9.336069 9.629399
-0.648192 -10.816862 2.792951 6.379001 8.547601 1.422469 -9.204075 9.562021
-19.461873 1.556940 6.579938 6.157431 8.205068 1.420473 -9.375985 9.615140
6.363208 -3.918919 4.179326 1.628715 2.494285 3.811493 -8.211985 10.706210
-2.777804 4.655277 -7.305630 14.631009 8.588595 9.855674 -7.986499 8.114208
-10.119680 -9.808240 0.360496 5.772800 8.524414 1.536186 -9.402309 9.342862
-1.599965 19.114072 7.607200 4.492623 8.237925 -2.033560 -7.762166 7.691796
-18.696832 5.185826 -0.477445 4.236330 6.235991 -2.802666 -9.984111 11.316565
10.229604 -1.973599 2.152932 6.028528 8.545815 1.392785 -9.174492 9.572863
-20.118525 5.409898 3.493469 6.663945 8.215960 0.641421 -9.240837 9.960702
-5.349536 1.485357 4.436019 6.880917 0.263853 5.606112 -3.225453 -1.343144
-17.283823 3.274913 -1.596555 -0.522517 8.969619 4.760573 -9.750788 9.813047
1.494288 11.911359 -2.737678 -2.482928 12.296548 -3.763407 -10.197722 5.615481
-10.880278 -9.753188 2.798392 6.320807 8.147739 1.447429 -9.197944 9.556148
-0.301213 19.336762 3.265738 9.185624 5.782602 1.315667 -12.335223 8.820423
