1.230245 15.904594 0.226130 1.153392 -3.053046 -3.593873 5.171759 3.690203
0.747277 -8.028527 3.277608 -5.136305 0.829749 -5.051821 3.763260 5.300226
16.885953 8.745906 4.151345 -3.314417 3.539762 -2.065409 4.293623 5.313228
18.151404 4.667486 2.165855 -7.642544 1.347963 -1.652082 6.208484 3.594126
15.906531 11.103514 -2.358016 -6.979661 0.819939 -1.660940 5.500576 4.161258
16.623927 1.899911 5.065756 -12.180380 -2.266305 -0.884311 5.800023 4.051334
2.080768 13.249455 -2.209949 -18.697689 2.935598 -2.881027 4.134773 4.403012
8.894858 -8.053272 4.027010 -7.899047 0.835862 -1.506229 5.636192 4.223037
5.551597 19.170489 -0.651709 -5.364577 2.573188 -2.364610 7.670946 5.574052
-3.260919 18.374510 2.487785 -11.186081 0.250801 -2.095902 5.502352 4.251696
0.250241 -5.321351 -1.095647 -13.131833 -0.334150 -1.466525 -0.352772 3.530254
-8.009017 -1.034273 4.884464 -12.991494 3.950412 -1.471246 4.206672 5.180320
7.430571 5.986543 -5.312383 -5.125507 11.438729 0.206888 4.279232 3.950504
-6.667674 11.449478 -5.516414 -7.264472 0.820942 -1.668645 5.514108 4.144278
-11.311487 5.710861 3.579489 -7.781228 0.855958 -1.716295 5.513259 4.142789
-11.296853 5.931597 3.573145 -7.164174 0.878018 -1.657578 5.514645 4.105324
14.642405 -1.473250 0.200811 -4.350224 0.607192 -5.100951 4.564223 1.424351
3.636559 13.559933 4.562595 4.514914 1.033966 -0.885130 7.670976 4.004603
-10.283892 7.578082 6.871452 -4.436105 1.532102 -2.701974 7.046905 4.449967
-8.153982 8.420249 4.223489 -3.213736 2.409116 3.742638 2.764062 8.037584
3.674894 3.316726 -5.189657 -5.918603 -8.843337 4.360380 6.928131 4.266561
-2.135901 17.121583 11.071914 -6.946382 0.094636 -1.674534 5.449092 4.151781
-0.434640 12.818299 13.035677 -4.622104 -6.426331 -1.006234 4.932233 4.462834
13.921496 1.356914 -5.487287 -10.660151 1.011353 -1.609429 4.688554 3.952116
14.582662 13.880140 7.291183 -9.871088 3.818774 -3.219683 5.779471 4.543648
17.501236 10.417160 4.051993 -7.105379 0.715271 -1.609502 5.534506 4.102646
17.985087 2.734393 3.920187 -7.785790 0.863578 -1.713148 5.511872 4.143035
4.137356 17.685791 -3.119893 -7.940045 0.648883 -4.480334 7.604195 8.436061
-9.865125 -0.161111 5.046477 -8.238714 0.285841 -1.081074 6.334409 5.701904
4.911532 -7.323489 10.394653 -7.014883 0.962669 -1.784932 5.505222 4.239692
18.014484 7.823679 2.404210 -7.275018 2.250083 -1.957774 5.515084 3.901242
